0,0
0.0666092,0.0656907
0.133218,0.0656751
0.199828,0.0685572
0.266437,0.0752427
0.333046,0.0831111
0.399655,0.086559
0.466264,0.0892783
0.532873,0.0947466
0.599483,0.0954492
0.666092,0.0966977
0.732701,0.0979774
0.79931,0.0980497
0.865919,0.0990206
0.932529,0.100416
0.999138,0.100687
1.06575,0.102075
1.13236,0.102199
1.19897,0.101813
1.26557,0.101547
1.33218,0.100142
1.39879,0.100473
1.4654,0.101018
1.53201,0.101505
1.59862,0.101482
1.66523,0.104689
1.73184,0.108127
1.79845,0.109398
1.86506,0.111715
1.93167,0.112881
1.99828,0.112507
2.06488,0.111515
2.13149,0.110858
2.1981,0.11135
2.26471,0.111516
2.33132,0.111841
2.39793,0.112106
2.46454,0.111264
2.53115,0.111661
2.59776,0.111833
2.66437,0.111723
2.73098,0.112109
2.79759,0.11211
2.86419,0.113106
2.9308,0.114137
2.99741,0.115145
3.06402,0.114686
3.13063,0.115844
3.19724,0.115782
3.26385,0.115914
3.33046,0.115675
3.39707,0.116223
3.46368,0.116825
3.53029,0.116852
3.5969,0.11691
3.6635,0.117073
3.73011,0.117582
3.79672,0.117698
3.86333,0.117675
3.92994,0.117733
3.99655,0.118323
4.06316,0.119388
4.12977,0.120496
4.19638,0.120724
4.26299,0.120878
4.3296,0.121646
4.39621,0.122711
4.46282,0.123703
4.52942,0.124247
4.59603,0.124984
4.66264,0.123387
4.72925,0.123815
4.79586,0.124919
4.86247,0.125622
4.92908,0.12561
4.99569,0.125224
5.0623,0.124541
5.12891,0.123638
5.19552,0.123534
5.26213,0.12319
5.32873,0.124182
5.39534,0.124217
5.46195,0.124213
5.52856,0.126611
5.59517,0.130364
5.66178,0.137487
5.72839,0.144635
5.795,0.147938
5.86161,0.154863
5.92822,0.159707
5.99483,0.160865
6.06144,0.166108
6.12804,0.166675
6.19465,0.166644
6.26126,0.166787
6.32787,0.164774
6.39448,0.165207
6.46109,0.165088
6.5277,0.16535
6.59431,0.165152
6.66092,0.16564
6.72753,0.166803
6.79414,0.167524
6.86075,0.168632
6.92735,0.167775
6.99396,0.168091
7.06057,0.167375
7.12718,0.172654
7.19379,0.175202
7.2604,0.179598
7.32701,0.184873
7.39362,0.18822
7.46023,0.193433
7.52684,0.197182
7.59345,0.197783
7.66006,0.200856
7.72666,0.205193
7.79327,0.20591
7.85988,0.205538
7.92649,0.205438
7.9931,0.203814
8.05971,0.204427
8.12632,0.203801
8.19293,0.203817
8.25954,0.20353
8.32615,0.203296
8.39276,0.203822
8.45937,0.203953
8.52598,0.204303
8.59258,0.20443
8.65919,0.20576
8.7258,0.206137
8.79241,0.206264
8.85902,0.206382
8.92563,0.205649
8.99224,0.205919
9.05885,0.206301
9.12546,0.206328
9.19207,0.206621
9.25868,0.207073
9.32529,0.206625
9.39189,0.207081
9.4585,0.2061
9.52511,0.206355
9.59172,0.205981
9.65833,0.205989
9.72494,0.206371
9.79155,0.206599
9.85816,0.205746
9.92477,0.20428
9.99138,0.203774
10.058,0.203037
10.1246,0.201443
10.1912,0.20098
10.2578,0.199363
10.3244,0.198082
10.391,0.197337
10.4576,0.195597
10.5243,0.194574
10.5909,0.194316
10.6575,0.193632
10.7241,0.193204
10.7907,0.192656
10.8573,0.191579
10.9239,0.190028
10.9905,0.189441
11.0571,0.189213
11.1237,0.188665
11.1903,0.187955
11.257,0.18699
11.3236,0.185961
11.3902,0.185629
11.4568,0.185162
11.5234,0.184379
11.59,0.184317
11.6566,0.183881
11.7232,0.183094
11.7898,0.182885
11.8564,0.182407
11.923,0.182171
11.9897,0.182318
12.0563,0.18292
12.1229,0.182214
12.1895,0.182472
12.2561,0.182827
12.3227,0.182843
12.3893,0.182005
12.4559,0.181438
12.5225,0.181064
12.5891,0.181125
12.6557,0.180886
12.7224,0.180581
12.789,0.180407
12.8556,0.179875
12.9222,0.180126
12.9888,0.182525
13.0554,0.182471
13.122,0.182707
13.1886,0.183119
13.2552,0.183
13.3218,0.182938
13.3884,0.183124
13.4551,0.183205
13.5217,0.183583
13.5883,0.184085
13.6549,0.184204
13.7215,0.183799
13.7881,0.183768
13.8547,0.183695
13.9213,0.18354
13.9879,0.18383
14.0545,0.184285
14.1211,0.184358
14.1878,0.184023
14.2544,0.183591
14.321,0.183487
14.3876,0.183263
14.4542,0.182966
14.5208,0.182869
14.5874,0.182923
14.654,0.183035
14.7206,0.183035
14.7872,0.183012
14.8538,0.182615
14.9205,0.1827
14.9871,0.18258
15.0537,0.182534
15.1203,0.182804
15.1869,0.182426
15.2535,0.182673
15.3201,0.182869
15.3867,0.182731
15.4533,0.1828
15.5199,0.183275
15.5865,0.18363
15.6532,0.184035
15.7198,0.183692
15.7864,0.183371
15.853,0.18263
15.9196,0.18131
15.9862,0.180662
16.0528,0.180527
16.1194,0.180963
16.186,0.180936
16.2526,0.181415
16.3192,0.179898
16.3859,0.180426
16.4525,0.180793
16.5191,0.180994
16.5857,0.1805
16.6523,0.180098
16.7189,0.180083
16.7855,0.179909
16.8521,0.179686
16.9187,0.179639
16.9853,0.179516
17.052,0.17979
17.1186,0.179902
17.1852,0.179898
17.2518,0.179917
17.3184,0.179809
17.385,0.180126
17.4516,0.179817
17.5182,0.180041
17.5848,0.180129
17.6514,0.180257
17.718,0.180218
17.7847,0.180037
17.8513,0.179963
17.9179,0.179987
17.9845,0.180191
18.0511,0.180241
18.1177,0.180226
18.1843,0.179975
18.2509,0.180168
18.3175,0.180377
18.3841,0.180292
18.4507,0.17974
18.5174,0.179184
18.584,0.178509
18.6506,0.178246
18.7172,0.177984
18.7838,0.177922
18.8504,0.177644
18.917,0.177914
18.9836,0.177806
19.0502,0.178038
19.1168,0.178192
19.1834,0.178053
19.2501,0.17808
19.3167,0.177629
19.3833,0.177637
19.4499,0.177586
19.5165,0.177536
19.5831,0.177552
19.6497,0.177335
19.7163,0.17757
19.7829,0.177709
19.8495,0.177702
19.9161,0.177586
19.9828,0.177528
20.0494,0.177721
20.116,0.177871
20.1826,0.177655
20.2492,0.177736
20.3158,0.177964
20.3824,0.178064
20.449,0.178261
20.5156,0.179079
20.5822,0.178875
20.6488,0.178608
20.7155,0.180005
20.7821,0.180167
20.8487,0.180387
20.9153,0.181194
20.9819,0.181499
21.0485,0.182055
21.1151,0.181943
21.1817,0.181634
21.2483,0.181155
21.3149,0.18028
21.3815,0.180619
21.4482,0.18121
21.5148,0.181399
21.5814,0.181565
21.648,0.181889
21.7146,0.181862
21.7812,0.181878
21.8478,0.181584
21.9144,0.181808
21.981,0.181723
22.0476,0.182009
22.1142,0.181827
22.1809,0.181773
22.2475,0.18177
22.3141,0.181492
22.3807,0.181438
22.4473,0.181372
22.5139,0.181469
22.5805,0.18175
22.6471,0.182655
22.7137,0.185056
22.7803,0.186483
22.8469,0.188245
22.9136,0.189691
22.9802,0.188694
23.0468,0.190282
23.1134,0.191201
23.18,0.19175
23.2466,0.191051
23.3132,0.190875
23.3798,0.190295
23.4464,0.189688
23.513,0.189516
23.5796,0.189403
23.6463,0.189386
23.7129,0.189428
23.7795,0.189292
23.8461,0.189399
23.9127,0.189254
23.9793,0.189478
24.0459,0.189637
24.1125,0.18938
24.1791,0.189746
24.2457,0.189928
24.3124,0.190276
24.379,0.190141
24.4456,0.190326
24.5122,0.19006
24.5788,0.190164
24.6454,0.190243
24.712,0.190332
24.7786,0.190409
24.8452,0.190694
24.9118,0.190224
24.9784,0.190181
25.0451,0.190069
25.1117,0.190015
25.1783,0.18978
25.2449,0.189263
25.3115,0.188835
25.3781,0.188923
25.4447,0.189051
25.5113,0.188152
25.5779,0.18807
25.6445,0.187723
25.7111,0.187561
25.7778,0.187549
25.8444,0.187102
25.911,0.186362
25.9776,0.186784
26.0442,0.186569
26.1108,0.187411
26.1774,0.187753
26.244,0.18843
26.3106,0.190316
26.3772,0.190608
26.4438,0.19118
26.5105,0.192061
26.5771,0.192367
26.6437,0.192918
26.7103,0.193834
26.7769,0.194236
26.8435,0.19479
26.9101,0.19558
26.9767,0.195489
27.0433,0.196079
27.1099,0.197121
27.1765,0.197596
27.2432,0.198858
27.3098,0.200237
27.3764,0.201773
27.443,0.204164
27.5096,0.206696
27.5762,0.208085
27.6428,0.211112
27.7094,0.213761
27.776,0.215332
27.8426,0.218233
27.9092,0.219915
27.9759,0.217298
28.0425,0.21958
28.1091,0.221133
28.1757,0.222466
28.2423,0.224866
28.3089,0.2272
28.3755,0.228121
28.4421,0.230365
28.5087,0.232088
28.5753,0.23309
28.6419,0.235625
28.7086,0.238032
28.7752,0.238896
28.8418,0.241747
28.9084,0.243684
28.975,0.245025
29.0416,0.247491
29.1082,0.24956
29.1748,0.250316
29.2414,0.25265
29.308,0.254613
29.3746,0.255739
29.4413,0.25813
29.5079,0.260162
29.5745,0.26069
29.6411,0.260711
29.7077,0.263085
29.7743,0.264776
29.8409,0.267056
29.9075,0.269652
29.9741,0.27017
30.0407,0.271799
30.1073,0.273866
30.174,0.274485
30.2406,0.275296
30.3072,0.276407
30.3738,0.276711
30.4404,0.277544
30.507,0.278046
30.5736,0.278369
30.6402,0.279017
30.7068,0.279703
30.7734,0.279773
30.8401,0.280809
30.9067,0.280875
30.9733,0.281251
31.0399,0.281218
31.1065,0.281348
31.1731,0.281299
31.2397,0.281861
31.3063,0.285731
31.3729,0.285837
31.4395,0.285892
31.5061,0.285787
31.5728,0.285812
31.6394,0.286092
31.706,0.28609
31.7726,0.285374
31.8392,0.285667
31.9058,0.285591
31.9724,0.285232
32.039,0.285646
32.1056,0.285096
32.1722,0.284798
32.2388,0.285258
32.3055,0.285256
32.3721,0.285215
32.4387,0.285363
32.5053,0.28507
32.5719,0.284727
32.6385,0.284179
32.7051,0.28438
32.7717,0.283979
32.8383,0.284383
32.9049,0.283887
32.9715,0.28258
33.0382,0.282598
33.1048,0.282954
33.1714,0.282722
33.238,0.286485
33.3046,0.292146
33.3712,0.294742
33.4378,0.301329
33.5044,0.307582
33.571,0.31088
33.6376,0.315005
33.7042,0.320738
33.7709,0.323344
33.8375,0.330125
33.9041,0.337551
33.9707,0.340845
34.0373,0.343228
34.1039,0.345121
34.1705,0.346048
34.2371,0.348081
34.3037,0.348682
34.3703,0.349445
34.4369,0.352331
34.5036,0.354349
34.5702,0.355258
34.6368,0.364214
34.7034,0.366898
34.77,0.367966
34.8366,0.368897
34.9032,0.37052
34.9698,0.372417
35.0364,0.373466
35.103,0.373598
35.1696,0.373794
35.2363,0.375467
35.3029,0.375568
35.3695,0.376178
35.4361,0.37778
35.5027,0.377686
35.5693,0.37873
35.6359,0.379573
35.7025,0.380361
35.7691,0.380334
35.8357,0.380666
35.9023,0.38191
35.969,0.38194
36.0356,0.380985
36.1022,0.381873
36.1688,0.382478
36.2354,0.38151
36.302,0.380391
36.3686,0.380534
36.4352,0.379638
36.5018,0.377921
36.5684,0.377705
36.635,0.376091
36.7017,0.374215
36.7683,0.373686
36.8349,0.372683
36.9015,0.371432
36.9681,0.369896
37.0347,0.369537
37.1013,0.368712
37.1679,0.368219
37.2345,0.36691
37.3011,0.366458
37.3678,0.36556
37.4344,0.364554
37.501,0.364301
37.5676,0.362603
37.6342,0.361546
37.7008,0.361449
37.7674,0.361202
37.834,0.361384
37.9006,0.364448
37.9672,0.367949
38.0338,0.371308
38.1005,0.373878
38.1671,0.37522
38.2337,0.378345
38.3003,0.38223
38.3669,0.383951
38.4335,0.386925
38.5001,0.390702
38.5667,0.392925
38.6333,0.396919
38.6999,0.401343
38.7665,0.403274
38.8332,0.406147
38.8998,0.409689
38.9664,0.41155
39.033,0.414773
39.0996,0.41878
39.1662,0.420457
39.2328,0.423723
39.2994,0.426675
39.366,0.427908
39.4326,0.430041
39.4992,0.434501
39.5659,0.436414
39.6325,0.446787
39.6991,0.452549
39.7657,0.45498
39.8323,0.457984
39.8989,0.462614
39.9655,0.465678
40.0321,0.469969
40.0987,0.473988
40.1653,0.476468
40.2319,0.479237
40.2986,0.483162
40.3652,0.48585
40.4318,0.495939
40.4984,0.504915
40.565,0.508971
40.6316,0.514728
40.6982,0.519509
40.7648,0.521296
40.8314,0.523841
40.898,0.526625
40.9646,0.527833
41.0313,0.530288
41.0979,0.533348
41.1645,0.535301
41.2311,0.538323
41.2977,0.549055
41.3643,0.549622
41.4309,0.551703
41.4975,0.552781
41.5641,0.553866
41.6307,0.554353
41.6973,0.55581
41.764,0.555802
41.8306,0.55711
41.8972,0.559706
41.9638,0.561141
42.0304,0.562968
42.097,0.565504
42.1636,0.566486
42.2302,0.567636
42.2968,0.567567
42.3634,0.56813
42.43,0.568079
42.4967,0.568088
42.5633,0.5682
42.6299,0.566876
42.6965,0.565805
42.7631,0.564707
42.8297,0.56298
42.8963,0.564309
42.9629,0.565899
43.0295,0.567578
43.0961,0.568392
43.1627,0.569384
43.2294,0.569459
43.296,0.571206
43.3626,0.571738
43.4292,0.571851
43.4958,0.571988
43.5624,0.572495
43.629,0.572261
43.6956,0.571778
43.7622,0.571741
43.8288,0.571718
43.8954,0.571498
43.9621,0.571766
44.0287,0.571942
44.0953,0.57239
44.1619,0.57304
44.2285,0.573798
44.2951,0.574867
44.3617,0.57457
44.4283,0.575733
44.4949,0.576123
44.5615,0.576208
44.6282,0.573914
44.6948,0.574935
44.7614,0.576335
44.828,0.577469
44.8946,0.578829
44.9612,0.579335
45.0278,0.579672
45.0944,0.580619
45.161,0.580832
45.2276,0.582176
45.2942,0.582786
45.3609,0.584061
45.4275,0.585097
45.4941,0.586742
45.5607,0.587269
45.6273,0.587486
45.6939,0.58805
45.7605,0.588524
45.8271,0.589476
45.8937,0.591175
45.9603,0.591983
46.0269,0.593545
46.0936,0.594601
46.1602,0.594724
46.2268,0.595451
46.2934,0.598304
46.36,0.598243
46.4266,0.59827
46.4932,0.599
46.5598,0.599118
46.6264,0.599301
46.693,0.600328
46.7596,0.600237
46.8263,0.600585
46.8929,0.601281
46.9595,0.601416
47.0261,0.601298
47.0927,0.601592
47.1593,0.601647
47.2259,0.602134
47.2925,0.602348
47.3591,0.602858
47.4257,0.603278
47.4923,0.603926
47.559,0.604049
47.6256,0.604041
47.6922,0.604321
47.7588,0.604023
47.8254,0.604326
47.892,0.604313
47.9586,0.604279
48.0252,0.605031
48.0918,0.605245
48.1584,0.605033
48.225,0.605102
48.2917,0.605152
48.3583,0.605278
48.4249,0.605174
48.4915,0.604883
48.5581,0.60494
48.6247,0.605122
48.6913,0.605072
48.7579,0.604965
48.8245,0.6047
48.8911,0.604372
48.9577,0.604145
49.0244,0.603795
49.091,0.603313
49.1576,0.604128
49.2242,0.603985
49.2908,0.604036
49.3574,0.603858
49.424,0.603176
49.4906,0.603007
49.5572,0.603309
49.6238,0.607778
49.6904,0.60785
49.7571,0.608155
49.8237,0.608162
49.8903,0.608014
49.9569,0.607732
50.0235,0.60801
50.0901,0.608053
50.1567,0.607998
50.2233,0.607887
50.2899,0.607644
50.3565,0.607505
50.4231,0.607044
50.4898,0.607415
50.5564,0.607083
50.623,0.607368
50.6896,0.607341
50.7562,0.607014
50.8228,0.606658
50.8894,0.606072
50.956,0.605823
51.0226,0.605124
51.0892,0.605665
51.1559,0.605759
51.2225,0.605528
51.2891,0.608932
51.3557,0.609101
51.4223,0.608862
51.4889,0.608734
51.5555,0.60846
51.6221,0.608968
51.6887,0.608798
51.7553,0.608807
51.8219,0.608867
51.8886,0.609477
51.9552,0.609364
52.0218,0.609353
52.0884,0.610301
52.155,0.610115
52.2216,0.609875
52.2882,0.610236
52.3548,0.611411
52.4214,0.613803
52.488,0.615805
52.5546,0.616464
52.6213,0.620199
52.6879,0.623613
52.7545,0.624973
52.8211,0.627921
52.8877,0.629264
52.9543,0.629834
53.0209,0.631688
53.0875,0.633915
53.1541,0.6347
53.2207,0.636206
53.2873,0.636135
53.354,0.635222
53.4206,0.633846
53.4872,0.634297
53.5538,0.634414
53.6204,0.634964
53.687,0.634669
53.7536,0.634535
53.8202,0.63408
53.8868,0.633829
53.9534,0.633697
54.02,0.633873
54.0867,0.633848
54.1533,0.634251
54.2199,0.635058
54.2865,0.63597
54.3531,0.637126
54.4197,0.637428
54.4863,0.638233
54.5529,0.638908
54.6195,0.643368
54.6861,0.642643
54.7527,0.64203
54.8194,0.642713
54.886,0.643831
54.9526,0.644463
55.0192,0.645591
55.0858,0.646507
55.1524,0.647494
55.219,0.647741
55.2856,0.648717
55.3522,0.650004
55.4188,0.650399
55.4854,0.65002
55.5521,0.650286
55.6187,0.649664
55.6853,0.649284
55.7519,0.649689
55.8185,0.649991
55.8851,0.650362
55.9517,0.650699
56.0183,0.651197
56.0849,0.651899
56.1515,0.652254
56.2181,0.652389
56.2848,0.65601
56.3514,0.655956
56.418,0.656223
56.4846,0.656545
56.5512,0.656096
56.6178,0.655805
56.6844,0.656129
56.751,0.655794
56.8176,0.655537
56.8842,0.655494
56.9508,0.655666
57.0175,0.655268
57.0841,0.654835
57.1507,0.654544
57.2173,0.654213
57.2839,0.654252
57.3505,0.653889
57.4171,0.653808
57.4837,0.6539
57.5503,0.653838
57.6169,0.653892
57.6836,0.653398
57.7502,0.65322
57.8168,0.653204
57.8834,0.652879
57.95,0.654702
58.0166,0.654407
58.0832,0.654477
58.1498,0.654601
58.2164,0.653986
58.283,0.654164
58.3496,0.654164
58.4163,0.654265
58.4829,0.653814
58.5495,0.65386
58.6161,0.652166
58.6827,0.651943
58.7493,0.651999
58.8159,0.651776
58.8825,0.651649
58.9491,0.65175
59.0157,0.651991
59.0823,0.652074
59.149,0.652159
59.2156,0.652381
59.2822,0.652408
59.3488,0.652679
59.4154,0.652617
59.482,0.6524
59.5486,0.652335
59.6152,0.652471
59.6818,0.653081
59.7484,0.652854
59.815,0.653247
59.8817,0.65319
59.9483,0.653004
60.0149,0.653277
60.0815,0.653007
60.1481,0.652968
60.2147,0.652956
60.2813,0.654544
60.3479,0.654375
60.4145,0.654805
60.4811,0.654781
60.5477,0.654488
60.6144,0.654138
60.681,0.654267
60.7476,0.653777
60.8142,0.653244
60.8808,0.652924
60.9474,0.652804
61.014,0.652394
61.0806,0.651211
61.1472,0.65047
61.2138,0.649776
61.2804,0.64944
61.3471,0.649539
61.4137,0.64969
61.4803,0.65003
61.5469,0.649876
61.6135,0.64993
61.6801,0.650088
61.7467,0.650108
61.8133,0.650232
61.8799,0.65095
61.9465,0.651211
62.0131,0.65221
62.0798,0.652059
62.1464,0.652076
62.213,0.651828
62.2796,0.653144
62.3462,0.653719
62.4128,0.654581
62.4794,0.655453
62.546,0.656252
62.6126,0.656878
62.6792,0.655439
62.7458,0.655781
62.8125,0.656154
62.8791,0.656379
62.9457,0.656129
63.0123,0.655912
63.0789,0.656136
63.1455,0.656202
63.2121,0.656573
63.2787,0.656323
63.3453,0.656378
63.4119,0.65671
63.4785,0.656845
63.5452,0.656895
63.6118,0.658591
63.6784,0.658328
63.745,0.658178
63.8116,0.657443
63.8782,0.657515
63.9448,0.657896
64.0114,0.657526
64.078,0.657451
64.1446,0.657404
64.2112,0.6574
64.2779,0.657477
64.3445,0.657636
64.4111,0.657413
64.4777,0.657155
64.5443,0.657309
64.6109,0.657881
64.6775,0.658456
64.7441,0.658691
64.8107,0.658884
64.8773,0.659309
64.944,0.658814
65.0106,0.658467
65.0772,0.658525
65.1438,0.658182
65.2104,0.658156
65.277,0.655735
65.3436,0.655268
65.4102,0.654922
65.4768,0.654853
65.5434,0.654696
65.61,0.65471
65.6767,0.654904
65.7433,0.654074
65.8099,0.654057
65.8765,0.653814
65.9431,0.653025
66.0097,0.652767
66.0763,0.65224
66.1429,0.651959
66.2095,0.652094
66.2761,0.652161
66.3427,0.652116
66.4094,0.652078
66.476,0.652054
66.5426,0.652468
66.6092,0.653305
66.6758,0.654093
66.7424,0.654036
66.809,0.654233
66.8756,0.654287
66.9422,0.654349
67.0088,0.654077
67.0754,0.65383
67.1421,0.653795
67.2087,0.653915
67.2753,0.653831
67.3419,0.652388
67.4085,0.651949
67.4751,0.652207
67.5417,0.651946
67.6083,0.652675
67.6749,0.65285
67.7415,0.652665
67.8081,0.652599
67.8748,0.652688
67.9414,0.652189
68.008,0.652031
68.0746,0.65156
68.1412,0.651577
68.2078,0.651333
68.2744,0.651148
68.341,0.65114
68.4076,0.650836
68.4742,0.650758
68.5408,0.6505
68.6075,0.650754
68.6741,0.650593
68.7407,0.649979
68.8073,0.649513
68.8739,0.649351
68.9405,0.649011
69.0071,0.648243
69.0737,0.647874
69.1403,0.647724
69.2069,0.647188
69.2735,0.647331
69.3402,0.646698
69.4068,0.647041
69.4734,0.647346
69.54,0.64772
69.6066,0.647739
69.6732,0.647615
69.7398,0.647944
69.8064,0.64806
69.873,0.647577
69.9396,0.647617
70.0062,0.647034
70.0729,0.64661
70.1395,0.64636
70.2061,0.646662
70.2727,0.646434
70.3393,0.646534
70.4059,0.646072
70.4725,0.64638
70.5391,0.646476
70.6057,0.646738
70.6723,0.645208
70.7389,0.645233
70.8056,0.644597
70.8722,0.643949
70.9388,0.64412
71.0054,0.643649
71.072,0.643665
71.1386,0.64307
71.2052,0.642811
71.2718,0.642961
71.3384,0.643193
71.405,0.643479
71.4717,0.642657
71.5383,0.642506
71.6049,0.642995
71.6715,0.642775
71.7381,0.643067
71.8047,0.64309
71.8713,0.643175
71.9379,0.643036
72.0045,0.643429
72.0711,0.643761
72.1377,0.643977
72.2044,0.64395
72.271,0.644247
72.3376,0.652613
72.4042,0.652737
72.4708,0.652201
72.5374,0.652556
72.604,0.652279
72.6706,0.65264
72.7372,0.652262
72.8038,0.652092
72.8704,0.651676
72.9371,0.651313
73.0037,0.651051
73.0703,0.65068
73.1369,0.651092
73.2035,0.651162
73.2701,0.650885
73.3367,0.65029
73.4033,0.650205
73.4699,0.650151
73.5365,0.649961
73.6031,0.64937
73.6698,0.64824
73.7364,0.648858
73.803,0.648599
73.8696,0.648978
73.9362,0.648765
74.0028,0.650044
74.0694,0.649054
74.136,0.648516
74.2026,0.647986
74.2692,0.647932
74.3358,0.647682
74.4025,0.647381
74.4691,0.647393
74.5357,0.646683
74.6023,0.647586
74.6689,0.647872
74.7355,0.647945
74.8021,0.647275
74.8687,0.647344
74.9353,0.646544
75.0019,0.647475
75.0685,0.647386
75.1352,0.648402
75.2018,0.648649
75.2684,0.650196
75.335,0.651469
75.4016,0.650596
75.4682,0.650608
75.5348,0.650963
75.6014,0.650349
75.668,0.652062
75.7346,0.652299
75.8012,0.652173
75.8679,0.65198
75.9345,0.651819
76.0011,0.651471
76.0677,0.651068
76.1343,0.650729
76.2009,0.650528
76.2675,0.650184
76.3341,0.650867
76.4007,0.650559
76.4673,0.650505
76.5339,0.649716
76.6006,0.650074
76.6672,0.649108
76.7338,0.64877
76.8004,0.647831
76.867,0.647499
76.9336,0.646362
77.0002,0.646239
77.0668,0.646425
77.1334,0.646842
77.2,0.647611
77.2666,0.648155
77.3333,0.647784
77.3999,0.647155
77.4665,0.647496
77.5331,0.64735
77.5997,0.646715
77.6663,0.646507
77.7329,0.645839
77.7995,0.646217
77.8661,0.64533
77.9327,0.646117
77.9994,0.646349
78.066,0.645898
78.1326,0.645693
78.1992,0.645671
78.2658,0.645631
78.3324,0.645222
78.399,0.645211
78.4656,0.645365
78.5322,0.644724
78.5988,0.64498
78.6654,0.64519
78.7321,0.64515
78.7987,0.645443
78.8653,0.646053
78.9319,0.646427
78.9985,0.653225
79.0651,0.653355
79.1317,0.653227
79.1983,0.653369
79.2649,0.652821
79.3315,0.653201
79.3981,0.653358
79.4648,0.653937
79.5314,0.654257
79.598,0.654674
79.6646,0.655001
79.7312,0.655625
79.7978,0.656258
79.8644,0.656764
79.931,0.657117
79.9976,0.65727
80.0642,0.657476
80.1308,0.656987
80.1975,0.657021
80.2641,0.656676
80.3307,0.656528
80.3973,0.656571
80.4639,0.656848
80.5305,0.657072
80.5971,0.657241
80.6637,0.659537
80.7303,0.659257
80.7969,0.658926
80.8635,0.658443
80.9302,0.658711
80.9968,0.658147
81.0634,0.657471
81.13,0.657567
81.1966,0.657213
81.2632,0.657298
81.3298,0.656876
81.3964,0.657157
81.463,0.65726
81.5296,0.657176
81.5962,0.657419
81.6629,0.657218
81.7295,0.657839
81.7961,0.657604
81.8627,0.658024
81.9293,0.658449
81.9959,0.659113
82.0625,0.659591
82.1291,0.659004
82.1957,0.659293
82.2623,0.65929
82.3289,0.661148
82.3956,0.660561
82.4622,0.661217
82.5288,0.661129
82.5954,0.661531
82.662,0.662122
82.7286,0.662465
82.7952,0.663045
82.8618,0.66362
82.9284,0.664199
82.995,0.664427
83.0616,0.664403
83.1283,0.663693
83.1949,0.663311
83.2615,0.66296
83.3281,0.662433
83.3947,0.661712
83.4613,0.661863
83.5279,0.662308
83.5945,0.662099
83.6611,0.661682
83.7277,0.661096
83.7943,0.661482
83.861,0.661374
83.9276,0.661178
83.9942,0.658808
84.0608,0.659234
84.1274,0.659117
84.194,0.659499
84.2606,0.659519
84.3272,0.65938
84.3938,0.658632
84.4604,0.658346
84.527,0.658485
84.5937,0.658445
84.6603,0.658025
84.7269,0.657656
84.7935,0.657063
84.8601,0.657751
84.9267,0.657956
84.9933,0.658285
85.0599,0.65854
85.1265,0.658988
85.1931,0.657961
85.2598,0.657748
85.3264,0.657173
85.393,0.656521
85.4596,0.657037
85.5262,0.657165
85.5928,0.657154
85.6594,0.658579
85.726,0.658679
85.7926,0.658852
85.8592,0.658782
85.9258,0.658748
85.9925,0.658648
86.0591,0.658362
86.1257,0.657498
86.1923,0.657273
86.2589,0.657223
86.3255,0.656459
86.3921,0.656432
86.4587,0.655962
86.5253,0.655427
86.5919,0.655882
86.6585,0.65599
86.7252,0.655248
86.7918,0.654638
86.8584,0.654569
86.925,0.653931
86.9916,0.653867
87.0582,0.653693
87.1248,0.654029
87.1914,0.654156
87.258,0.654294
87.3246,0.655429
87.3912,0.655086
87.4579,0.654484
87.5245,0.654599
87.5911,0.653244
87.6577,0.652843
87.7243,0.652786
87.7909,0.652769
87.8575,0.652634
87.9241,0.652722
87.9907,0.652294
88.0573,0.652128
88.1239,0.652143
88.1906,0.651637
88.2572,0.651803
88.3238,0.651737
88.3904,0.651865
88.457,0.651792
88.5236,0.65143
88.5902,0.651341
88.6568,0.650897
88.7234,0.651367
88.79,0.652293
88.8566,0.651853
88.9233,0.65127
88.9899,0.651327
89.0565,0.651472
89.1231,0.651338
89.1897,0.650898
89.2563,0.650763
89.3229,0.650915
89.3895,0.650466
89.4561,0.650391
89.5227,0.649854
89.5893,0.650203
89.656,0.649917
89.7226,0.650364
89.7892,0.650809
89.8558,0.650726
89.9224,0.650799
89.989,0.650845
90.0556,0.651327
90.1222,0.651489
90.1888,0.651689
90.2554,0.652013
90.322,0.652355
90.3887,0.652815
90.4553,0.65285
90.5219,0.653198
90.5885,0.653746
90.6551,0.654823
90.7217,0.655526
90.7883,0.6558
90.8549,0.6557
90.9215,0.65602
90.9881,0.656457
91.0547,0.656622
91.1214,0.657159
91.188,0.658093
91.2546,0.65861
91.3212,0.659178
91.3878,0.659425
91.4544,0.659824
91.521,0.6596
91.5876,0.659778
91.6542,0.65943
91.7208,0.659951
91.7875,0.66004
91.8541,0.659927
91.9207,0.659788
91.9873,0.659809
92.0539,0.659534
92.1205,0.659476
92.1871,0.659212
92.2537,0.65902
92.3203,0.660651
92.3869,0.660237
92.4535,0.660142
92.5202,0.660069
92.5868,0.660317
92.6534,0.659943
92.72,0.659514
92.7866,0.659634
92.8532,0.659201
92.9198,0.658672
92.9864,0.659
93.053,0.657245
93.1196,0.656703
93.1862,0.656359
93.2529,0.656421
93.3195,0.656399
93.3861,0.656291
93.4527,0.656245
93.5193,0.656377
93.5859,0.655968
93.6525,0.655789
93.7191,0.655296
93.7857,0.655837
93.8523,0.656119
93.9189,0.655957
93.9856,0.653179
94.0522,0.653218
94.1188,0.653527
94.1854,0.653126
94.252,0.653281
94.3186,0.653217
94.3852,0.654362
94.4518,0.654367
94.5184,0.654401
94.585,0.655065
94.6516,0.655201
94.7183,0.656012
94.7849,0.656924
94.8515,0.657186
94.9181,0.658761
94.9847,0.659621
95.0513,0.659918
95.1179,0.662612
95.1845,0.664373
95.2511,0.665029
95.3177,0.66783
95.3843,0.669343
95.451,0.670779
95.5176,0.673011
95.5842,0.67448
95.6508,0.679609
95.7174,0.681026
95.784,0.682232
95.8506,0.68237
95.9172,0.684732
95.9838,0.686101
96.0504,0.68633
96.117,0.688074
96.1837,0.689479
96.2503,0.689484
96.3169,0.691274
96.3835,0.693354
96.4501,0.694296
96.5167,0.695758
96.5833,0.697071
96.6499,0.698433
96.7165,0.700942
96.7831,0.702231
96.8497,0.704199
96.9164,0.706028
96.983,0.709663
97.0496,0.709602
97.1162,0.711505
97.1828,0.714542
97.2494,0.71651
97.316,0.715403
97.3826,0.717301
97.4492,0.718873
97.5158,0.720255
97.5824,0.722937
97.6491,0.723664
97.7157,0.725316
97.7823,0.727486
97.8489,0.728347
97.9155,0.728556
97.9821,0.730076
98.0487,0.731767
98.1153,0.731632
98.1819,0.73289
98.2485,0.732515
98.3152,0.736016
98.3818,0.735643
98.4484,0.736503
98.515,0.736064
98.5816,0.738489
98.6482,0.73865
98.7148,0.740016
98.7814,0.742191
98.848,0.744939
98.9146,0.746773
98.9812,0.744432
99.0479,0.743875
99.1145,0.746761
99.1811,0.746064
99.2477,0.745628
99.3143,0.748361
99.3809,0.748304
99.4475,0.747622
99.5141,0.750354
99.5807,0.748439
99.6473,0.748736
99.7139,0.748081
99.7806,0.752847
99.8472,0.752933
99.9138,0.755339
99.9804,0.756157
100.047,0.754872
100.114,0.753504
100.18,0.749243
100.247,0.750454
100.313,0.749771
100.38,0.751767
100.447,0.75001
100.513,0.757328
100.58,0.755502
100.646,0.756783
100.713,0.757218
100.78,0.762494
100.846,0.764498
100.913,0.764276
100.98,0.742154
101.046,0.741128
101.113,0.736463
101.179,0.733943
101.246,0.728465
101.313,0.723685
101.379,0.686294
101.446,0.685173
101.512,0.676404
101.579,0.671031
101.646,0.66935
101.712,0.664321
101.779,0.666012
101.845,0.662237
101.912,0.662786
101.979,0.661618
102.045,0.658827
102.112,0.659836
102.178,0.656564
102.245,0.659422
102.312,0.651135
102.378,0.65283
102.445,0.652319
102.512,0.650926
102.578,0.652693
102.645,0.651726
102.711,0.652328
102.778,0.655627
102.845,0.658041
102.911,0.659082
102.978,0.660124
103.044,0.660029
103.111,0.664413
103.178,0.66179
103.244,0.622367
103.311,0.614225
103.377,0.609978
103.444,0.608169
103.511,0.600856
103.577,0.599196
103.644,0.598072
103.71,0.594208
103.777,0.593338
103.844,0.593736
103.91,0.590727
103.977,0.582304
104.044,0.582651
104.11,0.580228
104.177,0.574381
104.243,0.573295
104.31,0.573461
104.377,0.574202
104.443,0.573079
104.51,0.574107
104.576,0.572877
104.643,0.571312
104.71,0.5723
104.776,0.572026
104.843,0.573134
104.909,0.577585
104.976,0.57643
105.043,0.577811
105.109,0.581726
105.176,0.589219
105.243,0.592255
105.309,0.594202
105.376,0.596728
105.442,0.597824
105.509,0.598733
105.576,0.599744
105.642,0.599427
105.709,0.595571
105.775,0.594572
105.842,0.594937
105.909,0.596858
105.975,0.596255
106.042,0.595587
106.108,0.597487
106.175,0.596349
106.242,0.597645
106.308,0.597026
106.375,0.599444
106.441,0.598678
106.508,0.598627
106.575,0.598897
106.641,0.601403
106.708,0.602201
106.775,0.603971
106.841,0.60213
106.908,0.601613
106.974,0.602906
107.041,0.606106
107.108,0.606106
107.174,0.601331
107.241,0.601576
107.307,0.59702
107.374,0.595187
107.441,0.592532
107.507,0.586483
107.574,0.573956
107.64,0.571579
107.707,0.567445
107.774,0.561277
107.84,0.561618
107.907,0.55637
107.973,0.549645
108.04,0.550065
108.107,0.547855
108.173,0.547877
108.24,0.548416
108.307,0.549654
108.373,0.549745
108.44,0.551328
108.506,0.55217
108.573,0.555285
108.64,0.559382
108.706,0.564288
108.773,0.570338
108.839,0.570954
108.906,0.569252
108.973,0.56286
109.039,0.565357
109.106,0.567655
109.172,0.567346
109.239,0.563662
109.306,0.557818
109.372,0.556745
109.439,0.554912
109.505,0.551553
109.572,0.549648
109.639,0.547659
109.705,0.547317
109.772,0.541813
109.839,0.541404
109.905,0.539583
109.972,0.541609
110.038,0.541307
110.105,0.541426
110.172,0.544474
110.238,0.547773
110.305,0.548778
110.371,0.548999
110.438,0.550146
110.505,0.553449
110.571,0.553992
110.638,0.548162
110.704,0.553406
110.771,0.554693
110.838,0.553675
110.904,0.555668
110.971,0.556323
111.038,0.555194
111.104,0.555585
111.171,0.551308
111.237,0.551254
111.304,0.547837
111.371,0.542496
111.437,0.539966
111.504,0.533655
111.57,0.521142
111.637,0.52065
111.704,0.516037
111.77,0.511559
111.837,0.509538
111.903,0.509162
111.97,0.506993
112.037,0.507087
112.103,0.503965
112.17,0.500245
112.236,0.49976
112.303,0.492593
112.37,0.490381
112.436,0.488629
112.503,0.493574
112.57,0.493624
112.636,0.495648
112.703,0.503495
112.769,0.511145
112.836,0.51452
112.903,0.521657
112.969,0.528778
113.036,0.533692
113.102,0.541651
113.169,0.548198
113.236,0.551732
113.302,0.558339
113.369,0.562225
113.435,0.561537
113.502,0.567808
113.569,0.570792
113.635,0.56975
113.702,0.568405
113.768,0.564016
113.835,0.563058
113.902,0.557636
113.968,0.555553
114.035,0.557007
114.102,0.554587
114.168,0.553905
114.235,0.554869
114.301,0.545585
114.368,0.542576
114.435,0.541354
114.501,0.538229
114.568,0.53462
114.634,0.538026
114.701,0.529605
114.768,0.524028
114.834,0.523111
114.901,0.521367
114.967,0.525986
115.034,0.530493
115.101,0.529237
115.167,0.528934
115.234,0.532032
115.3,0.505999
115.367,0.487026
115.434,0.483506
115.5,0.46553
115.567,0.466074
115.634,0.44472
115.7,0.443954
115.767,0.424239
115.833,0.419932
115.9,0.413002
115.967,0.394117
116.033,0.389108
116.1,0.384357
116.166,0.369971
116.233,0.366426
116.3,0.361527
116.366,0.357622
116.433,0.344783
116.499,0.339069
116.566,0.33733
116.633,0.334275
116.699,0.333527
116.766,0.328591
116.833,0.326048
116.899,0.327675
116.966,0.327481
117.032,0.325747
117.099,0.326441
117.166,0.325686
117.232,0.325656
117.299,0.324297
117.365,0.323374
117.432,0.322084
117.499,0.318088
117.565,0.316629
117.632,0.316711
117.698,0.320001
117.765,0.321844
117.832,0.323331
117.898,0.325691
117.965,0.325208
118.031,0.331007
118.098,0.330825
118.165,0.331263
118.231,0.328828
118.298,0.329051
118.365,0.323752
118.431,0.321068
118.498,0.319445
118.564,0.315219
118.631,0.316007
118.698,0.314417
118.764,0.308934
118.831,0.308526
118.897,0.302442
118.964,0.300312
119.031,0.297457
119.097,0.289987
119.164,0.284243
119.23,0.280669
119.297,0.274325
119.364,0.270083
119.43,0.267625
119.497,0.26419
119.563,0.256286
119.63,0.253415
119.697,0.246159
119.763,0.241316
119.83,0.243
119.897,0.241507
119.963,0.242316
120.03,0.241037
120.096,0.241592
120.163,0.241766
120.23,0.239207
120.296,0.240039
120.363,0.240003
120.429,0.242498
120.496,0.243345
120.563,0.242415
120.629,0.240609
120.696,0.23911
120.762,0.237367
120.829,0.23665
120.896,0.234015
120.962,0.227679
121.029,0.226841
121.095,0.228714
121.162,0.233676
121.229,0.233938
121.295,0.238201
121.362,0.243285
121.429,0.245854
121.495,0.247394
121.562,0.25202
121.628,0.251818
121.695,0.252828
121.762,0.255367
121.828,0.256975
121.895,0.258613
121.961,0.254575
122.028,0.252278
122.095,0.248895
122.161,0.243734
122.228,0.241581
122.294,0.235144
122.361,0.230615
122.428,0.228453
122.494,0.222521
122.561,0.218838
122.628,0.21797
122.694,0.214493
122.761,0.210854
122.827,0.207743
122.894,0.202021
122.961,0.196344
123.027,0.193492
123.094,0.188676
123.16,0.18467
123.227,0.183736
123.294,0.17782
123.36,0.171452
123.427,0.169353
123.493,0.165086
123.56,0.164064
123.627,0.163542
123.693,0.165593
123.76,0.168403
123.826,0.168147
123.893,0.170728
123.96,0.166924
124.026,0.166818
124.093,0.163098
124.16,0.159127
124.226,0.15759
124.293,0.156097
124.359,0.162618
124.426,0.165733
124.493,0.16977
124.559,0.173141
124.626,0.172464
124.692,0.177611
124.759,0.176564
124.826,0.176552
124.892,0.177139
124.959,0.178654
125.025,0.177389
125.092,0.176567
125.159,0.176353
125.225,0.174943
125.292,0.175874
125.358,0.177874
125.425,0.178226
125.492,0.182367
125.558,0.184855
125.625,0.186606
125.692,0.191634
125.758,0.20099
125.825,0.204095
125.891,0.209521
125.958,0.213667
126.025,0.216221
126.091,0.220473
126.158,0.225633
126.224,0.228288
126.291,0.230503
126.358,0.24326
126.424,0.245868
126.491,0.254217
126.557,0.264324
126.624,0.267405
126.691,0.275183
126.757,0.2872
126.824,0.29054
126.89,0.294057
126.957,0.298601
127.024,0.297841
127.09,0.29616
127.157,0.294259
127.224,0.294921
127.29,0.290267
127.357,0.290641
127.423,0.288924
127.49,0.283095
127.557,0.278599
127.623,0.275964
127.69,0.271538
127.756,0.267285
127.823,0.266401
127.89,0.258664
127.956,0.259212
128.023,0.25697
128.089,0.252331
128.156,0.246426
128.223,0.237427
128.289,0.232071
128.356,0.22676
128.422,0.223588
128.489,0.217495
128.556,0.21196
128.622,0.209915
128.689,0.206786
128.756,0.196119
128.822,0.194231
128.889,0.187069
128.955,0.176093
129.022,0.174635
129.089,0.170814
129.155,0.16638
129.222,0.16254
129.288,0.156786
129.355,0.154702
129.422,0.156153
129.488,0.150121
129.555,0.146061
129.621,0.144606
129.688,0.138466
129.755,0.131137
129.821,0.127096
129.888,0.118159
129.955,0.111065
130.021,0.106959
130.088,0.100869
130.154,0.0928535
130.221,0.0900825
130.288,0.0823524
130.354,0.0756449
130.421,0.0740086
130.487,0.0689379
130.554,0.0652909
130.621,0.06365
130.687,0.058776
130.754,0.0532263
130.82,0.0514051
130.887,0.0477991
130.954,0.0430394
131.02,0.0414915
131.087,0.0364435
131.153,0.0342166
131.22,0.0318007
131.287,0.0282308
131.353,0.0231598
131.42,0.0214769
131.487,0.0185248
131.553,0.0150629
131.62,0.0129328
131.686,0.00944781
131.753,0.00673827
131.82,0.00508259
131.886,0.00221905
131.953,0.000385922
132.019,0
132.086,0.0016942
132.153,0.00285204
132.219,0.00318771
132.286,0.00376689
132.352,0.00397559
132.419,0.00401441
132.486,0.00403378
132.552,0.00395637
132.619,0.00387555
132.685,0.00409953
132.752,0.00446979
132.819,0.00477505
132.885,0.00495234
132.952,0.00499131
133.019,0.00496489
133.085,0.00520424
133.152,0.00594135
133.218,0.00618841
133.285,0.00692859
133.352,0.00976571
133.418,0.0129515
133.485,0.0198311
133.551,0.0277617
133.618,0.0323536
133.685,0.0434018
133.751,0.0541421
133.818,0.0608932
133.884,0.0734414
133.951,0.0837545
134.018,0.08917
134.084,0.0999736
134.151,0.109319
134.217,0.117118
134.284,0.127736
134.351,0.138119
134.417,0.146009
134.484,0.156402
134.551,0.165164
134.617,0.169489
134.684,0.177954
134.75,0.188705
134.817,0.198828
134.884,0.209326
134.95,0.216338
135.017,0.220212
135.083,0.225473
135.15,0.232555
135.217,0.23584
135.283,0.239804
135.35,0.247631
135.416,0.24528
135.483,0.241543
135.55,0.238281
135.616,0.232584
135.683,0.229155
135.75,0.220439
135.816,0.215855
135.883,0.209629
135.949,0.204362
136.016,0.198786
136.083,0.191495
136.149,0.181721
136.216,0.178094
136.282,0.164614
136.349,0.156865
136.416,0.154639
136.482,0.147379
136.549,0.140935
136.615,0.138088
136.682,0.130784
136.749,0.12018
136.815,0.117564
136.882,0.109707
136.948,0.102349
137.015,0.100324
137.082,0.0933793
137.148,0.083566
137.215,0.0795566
137.282,0.0739551
137.348,0.067745
137.415,0.0668954
137.481,0.0615465
137.548,0.0561243
137.615,0.0538976
137.681,0.0510881
137.748,0.0475843
137.814,0.0479743
137.881,0.0448561
137.948,0.042595
138.014,0.0425718
138.081,0.0408892
138.147,0.038508
138.214,0.0372732
138.281,0.0335375
138.347,0.0309364
138.414,0.0301995
138.48,0.0285323
138.547,0.0244342
138.614,0.0226667
138.68,0.0186493
138.747,0.0153921
138.814,0.0140182
138.88,0.0129878
138.947,0.0133629
139.013,0.0134437
139.08,0.0144394
139.147,0.0147132
139.213,0.0144276
139.28,0.0135244
139.346,0.0132698
139.413,0.0133779
139.48,0.0132853
139.546,0.0138758
139.613,0.014204
139.679,0.0146169
139.746,0.014779
139.813,0.0145744
139.879,0.0143005
139.946,0.0142365
140.012,0.0146725
140.079,0.0169453
140.146,0.0185969
140.212,0.0199202
140.279,0.0226236
140.346,0.026331
140.412,0.0283634
140.479,0.03335
140.545,0.0399248
140.612,0.0429587
140.679,0.0497817
140.745,0.0562186
140.812,0.0588212
140.878,0.0654655
140.945,0.0720473
141.012,0.0756095
141.078,0.0825821
141.145,0.0918138
141.211,0.0968535
141.278,0.1077
141.345,0.117528
141.411,0.124465
141.478,0.135521
141.545,0.145094
141.611,0.149992
141.678,0.163452
141.744,0.177978
141.811,0.182435
141.878,0.189587
141.944,0.195381
142.011,0.198352
142.077,0.2036
142.144,0.207521
142.211,0.208745
142.277,0.209128
142.344,0.214656
142.41,0.215635
142.477,0.217888
142.544,0.220912
142.61,0.220197
142.677,0.218763
142.743,0.218398
142.81,0.217371
142.877,0.216542
142.943,0.214999
143.01,0.213949
143.077,0.213537
143.143,0.211966
143.21,0.211036
143.276,0.207829
143.343,0.201091
143.41,0.200983
143.476,0.206131
143.543,0.216176
143.609,0.221672
143.676,0.226179
143.743,0.232917
143.809,0.233048
143.876,0.233326
143.942,0.23274
144.009,0.233152
144.076,0.232865
144.142,0.233388
144.209,0.231643
144.275,0.226195
144.342,0.221861
144.409,0.22024
144.475,0.21628
144.542,0.212352
144.609,0.210388
144.675,0.202797
144.742,0.198451
144.808,0.19597
144.875,0.187746
144.942,0.178364
145.008,0.17381
145.075,0.163958
145.141,0.154491
145.208,0.150447
145.275,0.140332
145.341,0.131939
145.408,0.128628
145.474,0.12089
145.541,0.113488
145.608,0.110264
145.674,0.102819
145.741,0.0951051
145.807,0.0921491
145.874,0.0842685
145.941,0.0765002
146.007,0.0726682
146.074,0.0653087
146.141,0.0589487
146.207,0.0557999
146.274,0.0492854
146.34,0.0447894
146.407,0.0428215
146.474,0.038175
146.54,0.0348448
146.607,0.0333668
146.673,0.0295576
146.74,0.0253472
146.807,0.0242897
146.873,0.0233673
146.94,0.0227151
147.006,0.022499
147.073,0.021731
147.14,0.0213721
147.206,0.0207739
147.273,0.0201853
147.34,0.0178851
147.406,0.0166927
147.473,0.0154963
147.539,0.0143578
147.606,0.0136592
147.673,0.0136091
147.739,0.0132153
147.806,0.0129183
147.872,0.0128874
147.939,0.0128872
148.006,0.0131806
148.072,0.0134006
148.139,0.0138328
148.205,0.0145893
148.272,0.014354
148.339,0.0145277
148.405,0.0147015
148.472,0.0151608
148.538,0.0148557
148.605,0.0145624
148.672,0.0143231
148.738,0.0144659
148.805,0.014655
148.872,0.0147206
148.938,0.0145118
149.005,0.014643
149.071,0.0149054
149.138,0.0152489
149.205,0.0156774
149.271,0.0158896
149.338,0.0154153
149.404,0.0157394
149.471,0.0159635
149.538,0.0171212
149.604,0.0173104
149.671,0.0177001
149.737,0.0173837
149.804,0.0170442
149.871,0.0178082
149.937,0.0180081
150.004,0.0184827
150.07,0.0192622
150.137,0.0198064
150.204,0.020007
150.27,0.0207288
150.337,0.0205358
150.404,0.020972
150.47,0.021412
150.537,0.0211611
150.603,0.0208988
150.67,0.0210031
150.737,0.0207791
150.803,0.0203854
150.87,0.0199187
150.936,0.0200155
151.003,0.0204547
151.07,0.021892
151.136,0.0254456
151.203,0.0275271
151.269,0.0322124
151.336,0.0360246
151.403,0.0392345
151.469,0.0463311
151.536,0.0504693
151.602,0.0521207
151.669,0.0554154
151.736,0.0584209
151.802,0.060036
151.869,0.0620775
151.936,0.0653684
152.002,0.0668836
152.069,0.0704758
152.135,0.0723149
152.202,0.073273
152.269,0.0760818
152.335,0.0785401
152.402,0.0791149
152.468,0.0818279
152.535,0.0827965
152.602,0.0836572
152.668,0.0843943
152.735,0.0845988
152.801,0.0845332
152.868,0.0837189
152.935,0.0843132
153.001,0.0837768
153.068,0.0834602
153.135,0.0879547
153.201,0.0907217
153.268,0.0929206
153.334,0.0934604
153.401,0.0926813
153.468,0.0935141
153.534,0.0925244
153.601,0.0920317
153.667,0.0909334
153.734,0.089527
153.801,0.0893108
153.867,0.0912833
153.934,0.0926058
154,0.093028
154.067,0.0892512
154.134,0.0851821
154.2,0.0846649
154.267,0.0799096
154.333,0.075631
154.4,0.0736476
154.467,0.0694377
154.533,0.0676765
154.6,0.0667001
154.667,0.0644733
154.733,0.0603632
154.8,0.0596377
154.866,0.0561142
154.933,0.0550955
155,0.0531816
155.066,0.0522672
155.133,0.0515493
155.199,0.0506076
155.266,0.0500441
155.333,0.0476745
155.399,0.0466209
155.466,0.0453974
155.532,0.0431127
155.599,0.04094
155.666,0.0385858
155.732,0.0371117
155.799,0.0360313
155.865,0.0350162
155.932,0.0331752
155.999,0.0322336
156.065,0.0306358
156.132,0.0296866
156.199,0.0289611
156.265,0.0277686
156.332,0.0270315
156.398,0.0265067
156.465,0.026811
156.532,0.0271925
156.598,0.0282886
156.665,0.0276745
156.731,0.0272601
156.798,0.0273
156.865,0.0262069
156.931,0.0250816
156.998,0.024373
157.064,0.0228287
157.131,0.0221765
157.198,0.0218331
157.264,0.0211462
157.331,0.020876
157.397,0.0206213
157.464,0.0206832
157.531,0.0201005
157.597,0.0199384
157.664,0.0197339
157.731,0.0194445
157.797,0.0192591
157.864,0.0192437
157.93,0.019124
157.997,0.0195331
158.064,0.0203242
158.13,0.0200541
158.197,0.0187652
158.263,0.0185259
158.33,0.0178158
158.397,0.017592
158.463,0.0173527
158.53,0.0168818
158.596,0.0165345
158.663,0.0160019
158.73,0.0222912
158.796,0.0277098
158.863,0.0442137
158.93,0.0603973
158.996,0.0656925
159.063,0.0796821
159.129,0.0832408
159.196,0.083064
159.263,0.0811505
159.329,0.0808552
159.396,0.0821421
159.462,0.0804298
159.529,0.0792087
159.596,0.0788106
159.662,0.0771125
159.729,0.0765992
159.795,0.076058
159.862,0.0748847
159.929,0.0722914
159.995,0.071427
160.062,0.0711685
160.128,0.0701651
160.195,0.0704005
160.262,0.069702
160.328,0.0700451
160.395,0.0689219
160.462,0.0663749
160.528,0.0664984
160.595,0.0645105
160.661,0.0645028
160.728,0.0643948
160.795,0.0622879
160.861,0.0580197
160.928,0.0536976
160.994,0.0522543
161.061,0.0497884
161.128,0.046956
161.194,0.0452312
161.261,0.0430402
161.327,0.0383591
161.394,0.0362292
161.461,0.0318104
161.527,0.0280324
161.594,0.0264619
161.66,0.022622
161.727,0.0196737
161.794,0.0179217
161.86,0.0150199
161.927,0.0126812
161.994,0.0121904
162.06,0.023969
162.127,0.0386436
162.193,0.0452497
162.26,0.0525884
162.327,0.0562289
162.393,0.0569912
162.46,0.0581961
162.526,0.0588879
162.593,0.0595053
162.66,0.0610519
162.726,0.0602022
162.793,0.0602333
162.859,0.0602449
162.926,0.0595309
162.993,0.060156
163.059,0.0607232
163.126,0.0592991
163.192,0.0594728
163.259,0.0587475
163.326,0.057628
163.392,0.0573116
163.459,0.0568175
163.526,0.05686
163.592,0.0560765
163.659,0.0555131
163.725,0.0550268
163.792,0.0556289
163.859,0.0542434
163.925,0.0543051
163.992,0.0544902
164.058,0.0541196
164.125,0.0513138
164.192,0.0495888
164.258,0.0464783
164.325,0.041608
164.391,0.0386172
164.458,0.0354141
164.525,0.0323382
164.591,0.030806
164.658,0.028174
164.725,0.0248589
164.791,0.0240677
164.858,0.0231994
164.924,0.0255304
164.991,0.027255
165.058,0.029008
165.124,0.0285607
165.191,0.0285673
165.257,0.0273184
165.324,0.0267924
165.391,0.0269943
165.457,0.0272629
165.524,0.0274214
165.59,0.0275979
165.657,0.0273506
165.724,0.0276824
165.79,0.0278525
165.857,0.0276174
165.923,0.0280613
165.99,0.027791
166.057,0.0276752
166.123,0.0274901
166.19,0.027143
166.257,0.0270929
166.323,0.0269885
166.39,0.0269307
166.456,0.0273519
166.523,0.0272823
166.59,0.0274097
166.656,0.0273327
166.723,0.0271162
166.789,0.0271473
166.856,0.0270125
166.923,0.0267926
166.989,0.0268622
167.056,0.0340223
167.122,0.0453687
167.189,0.0509424
167.256,0.0611905
167.322,0.0704528
167.389,0.0737443
167.455,0.0814259
167.522,0.0815895
167.589,0.0812377
167.655,0.0795189
167.722,0.0785598
167.789,0.0780042
167.855,0.0781035
167.922,0.078637
167.988,0.0777998
168.055,0.0777181
168.122,0.0771044
168.188,0.0775704
168.255,0.0779903
168.321,0.0794836
168.388,0.0798964
168.455,0.0814014
168.521,0.0824935
168.588,0.0817332
168.654,0.0813934
168.721,0.0825782
168.788,0.0837205
168.854,0.0842954
168.921,0.0839733
168.987,0.0835565
169.054,0.0829082
169.121,0.0827654
169.187,0.0822675
169.254,0.0797706
169.321,0.0784546
169.387,0.0780035
169.454,0.077552
169.52,0.0775945
169.587,0.076294
169.654,0.0766878
169.72,0.0770205
169.787,0.0770903
169.853,0.0755275
169.92,0.0724633
169.987,0.0714218
170.053,0.0676905
170.12,0.0644954
170.186,0.0636429
170.253,0.0611923
170.32,0.0577382
170.386,0.0557896
170.453,0.05139
170.52,0.0469133
170.586,0.0457101
170.653,0.0408436
170.719,0.0360505
170.786,0.033959
170.853,0.0297525
170.919,0.0260052
170.986,0.0242376
171.052,0.0212082
171.119,0.0182328
171.186,0.0169863
171.252,0.0158902
171.319,0.0151454
171.385,0.0150103
171.452,0.0144121
171.519,0.0142346
171.585,0.0143156
171.652,0.0142963
171.718,0.0142694
171.785,0.0142848
171.852,0.0142655
171.918,0.014308
171.985,0.0143117
172.052,0.0142538
172.118,0.0142731
172.185,0.0142076
172.251,0.0142384
172.318,0.0141574
172.385,0.0142461
172.451,0.0142501
172.518,0.0142887
172.584,0.0143041
172.651,0.0143157
172.718,0.0142501
172.784,0.0142655
172.851,0.0142964
172.917,0.0140763
172.984,0.0141575
173.051,0.0140685
173.117,0.0139219
173.184,0.0139493
173.25,0.013926
173.317,0.0138912
173.384,0.0139028
173.45,0.0139336
173.517,0.0140572
173.584,0.0140534
173.65,0.014119
173.717,0.0141382
173.783,0.0141036
173.85,0.0140958
173.917,0.0141341
173.983,0.0141148
174.05,0.0140183
174.116,0.014076
174.183,0.0140068
174.25,0.014053
174.316,0.0140878
174.383,0.0139914
174.449,0.0139758
174.516,0.0139912
174.583,0.0140106
174.649,0.0140417
174.716,0.0140842
174.782,0.0141849
174.849,0.0170685
174.916,0.0225275
174.982,0.0261446
175.049,0.0323896
175.116,0.0390974
175.182,0.0427607
175.249,0.0464356
175.315,0.0494812
175.382,0.0511804
175.449,0.0540526
175.515,0.0563944
175.582,0.0573294
175.648,0.0639801
175.715,0.0749071
175.782,0.0804537
175.848,0.0910459
175.915,0.100548
175.981,0.10501
176.048,0.119547
176.115,0.13258
176.181,0.139508
176.248,0.150491
176.315,0.156215
176.381,0.1589
176.448,0.165508
176.514,0.167515
176.581,0.167048
176.648,0.166539
176.714,0.166844
176.781,0.168222
176.847,0.167323
176.914,0.170568
176.981,0.171946
177.047,0.172875
177.114,0.172153
177.18,0.171038
177.247,0.170551
177.314,0.169771
177.38,0.168474
177.447,0.165433
177.513,0.162512
177.58,0.159513
177.647,0.156742
177.713,0.157896
177.78,0.157053
177.847,0.153345
177.913,0.152024
177.98,0.151401
178.046,0.153695
178.113,0.156614
178.18,0.158486
178.246,0.158815
178.313,0.158948
178.379,0.158237
178.446,0.156096
178.513,0.154146
178.579,0.15061
178.646,0.14697
178.712,0.143129
178.779,0.140783
178.846,0.138014
178.912,0.132214
178.979,0.128951
179.045,0.128569
179.112,0.125019
179.179,0.124888
179.245,0.123769
179.312,0.119555
179.379,0.117329
179.445,0.113763
179.512,0.109819
179.578,0.108013
179.645,0.102591
179.712,0.0984074
179.778,0.0965589
179.845,0.0945096
179.911,0.0896662
179.978,0.086791
180.045,0.0818901
180.111,0.0772552
180.178,0.0750595
180.244,0.0718022
180.311,0.0680857
180.378,0.066789
180.444,0.0633235
180.511,0.0611508
180.577,0.0590827
180.644,0.057894
180.711,0.057674
180.777,0.0580251
180.844,0.0582565
180.911,0.0588701
180.977,0.0590014
181.044,0.0586888
181.11,0.0580521
181.177,0.0573843
181.244,0.0566976
181.31,0.0568173
181.377,0.0565935
181.443,0.056196
181.51,0.0566051
181.577,0.0564901
181.643,0.0576329
181.71,0.0623749
181.776,0.0652118
181.843,0.0712664
181.91,0.0773738
181.976,0.0803206
182.043,0.0857652
182.109,0.0889275
182.176,0.0910633
182.243,0.0944157
182.309,0.0968092
182.376,0.0981128
182.443,0.09924
182.509,0.0999597
182.576,0.100294
182.642,0.100145
182.709,0.0995204
182.776,0.0996307
182.842,0.0991972
182.909,0.100303
182.975,0.100481
183.042,0.100666
183.109,0.100207
183.175,0.0999398
183.242,0.0996002
183.308,0.0989325
183.375,0.0986971
183.442,0.0988206
183.508,0.0992775
183.575,0.0989652
183.642,0.0990405
183.708,0.0982728
183.775,0.0986007
183.841,0.0998511
183.908,0.0988754
183.975,0.0996087
184.041,0.100936
184.108,0.101009
184.174,0.10143
184.241,0.102515
184.308,0.103433
184.374,0.10363
184.441,0.104572
184.507,0.10539
184.574,0.105537
184.641,0.106984
184.707,0.107841
184.774,0.107961
184.84,0.10818
184.907,0.108076
184.974,0.108146
185.04,0.107428
185.107,0.107328
185.174,0.107169
185.24,0.108238
185.307,0.108748
185.373,0.109153
185.44,0.108713
185.507,0.107829
185.573,0.107181
185.64,0.106285
185.706,0.106035
185.773,0.106478
185.84,0.107312
185.906,0.107262
185.973,0.107351
186.039,0.107335
186.106,0.107123
186.173,0.106486
186.239,0.107069
186.306,0.10739
186.372,0.107586
186.439,0.108408
186.506,0.108277
186.572,0.108636
186.639,0.10925
186.706,0.108783
186.772,0.10923
186.839,0.109026
186.905,0.109701
186.972,0.109655
187.039,0.110075
187.105,0.109821
187.172,0.109369
187.238,0.108366
187.305,0.108717
187.372,0.108964
187.438,0.110218
187.505,0.11033
187.571,0.110299
187.638,0.110461
187.705,0.110009
187.771,0.109901
187.838,0.110306
187.904,0.11055
187.971,0.110928
188.038,0.11121
188.104,0.110967
188.171,0.11109
188.238,0.110588
188.304,0.110723
188.371,0.110828
188.437,0.111434
188.504,0.11158
188.571,0.112452
188.637,0.112958
188.704,0.113081
188.77,0.113212
188.837,0.11307
188.904,0.113121
188.97,0.113306
189.037,0.11272
189.103,0.112581
189.17,0.112345
189.237,0.111677
189.303,0.11135
189.37,0.11128
189.437,0.110562
189.503,0.110616
189.57,0.111002
189.636,0.110763
189.703,0.111376
189.77,0.111357
189.836,0.111573
189.903,0.111608
189.969,0.111253
190.036,0.111592
190.103,0.111542
190.169,0.111777
190.236,0.112144
190.302,0.111897
190.369,0.112078
190.436,0.112129
190.502,0.112214
190.569,0.110261
190.635,0.110736
190.702,0.111076
190.769,0.111219
190.835,0.111875
190.902,0.112762
190.969,0.113129
191.035,0.113213
191.102,0.113761
191.168,0.114074
191.235,0.114468
191.302,0.114714
191.368,0.114927
191.435,0.114834
191.501,0.114526
191.568,0.114271
191.635,0.113943
191.701,0.113395
191.768,0.11288
191.834,0.112856
191.901,0.114073
191.968,0.115003
192.034,0.115621
192.101,0.115935
192.167,0.11645
192.234,0.114963
192.301,0.115458
192.367,0.115598
192.434,0.115588
192.501,0.116527
192.567,0.116382
192.634,0.116632
192.7,0.115607
192.767,0.11559
192.834,0.113869
192.9,0.113113
192.967,0.113371
193.033,0.113518
193.1,0.113487
193.167,0.114
193.233,0.113433
193.3,0.113059
193.366,0.112847
193.433,0.112144
193.5,0.11172
193.566,0.111538
193.633,0.111847
193.699,0.112619
193.766,0.112835
193.833,0.112159
193.899,0.111631
193.966,0.111542
194.033,0.111793
194.099,0.111925
194.166,0.112037
194.232,0.111975
194.299,0.111662
194.366,0.111628
194.432,0.111118
194.499,0.111126
194.565,0.111315
194.632,0.111577
194.699,0.112141
194.765,0.112168
194.832,0.112365
194.898,0.111971
194.965,0.111913
195.032,0.111975
195.098,0.112496
195.165,0.112712
195.232,0.114464
195.298,0.115421
195.365,0.115873
195.431,0.116533
195.498,0.116583
195.565,0.115892
195.631,0.116077
195.698,0.116405
195.764,0.116745
195.831,0.117327
195.898,0.11752
195.964,0.117968
196.031,0.118975
196.097,0.11918
196.164,0.119238
196.231,0.119506
196.297,0.120626
196.364,0.120859
196.43,0.122099
196.497,0.123384
196.564,0.123834
196.63,0.125193
196.697,0.125405
196.764,0.125288
196.83,0.126968
196.897,0.128804
196.963,0.129439
197.03,0.131601
197.097,0.134268
197.163,0.136766
197.23,0.140304
197.296,0.142899
197.363,0.144084
197.43,0.146728
197.496,0.149303
197.563,0.150945
197.629,0.153415
197.696,0.156631
197.763,0.158534
197.829,0.161677
197.896,0.164382
197.962,0.166047
198.029,0.170132
198.096,0.173922
198.162,0.175623
198.229,0.179278
198.296,0.181987
198.362,0.183489
198.429,0.186881
198.495,0.19025
198.562,0.191402
198.629,0.196532
198.695,0.201359
198.762,0.203902
198.828,0.208307
198.895,0.218496
198.962,0.219669
199.028,0.22348
199.095,0.228986
199.161,0.23396
199.228,0.241622
199.295,0.24935
199.361,0.253554
199.428,0.260154
199.494,0.26653
199.561,0.269578
199.628,0.274885
199.694,0.285043
199.761,0.290184
199.828,0.300556
199.894,0.309827
199.961,0.314013
200.027,0.321724
200.094,0.327958
200.161,0.331014
200.227,0.338851
200.294,0.349315
200.36,0.353807
200.427,0.362618
200.494,0.37015
200.56,0.373674
200.627,0.382789
200.693,0.394387
200.76,0.399209
200.827,0.422886
200.893,0.437088
200.96,0.444147
201.027,0.456512
201.093,0.468791
201.16,0.476009
201.226,0.484229
201.293,0.491257
201.36,0.492337
201.426,0.498261
201.493,0.502521
201.559,0.50379
201.626,0.502208
201.693,0.503147
201.759,0.50491
201.826,0.505283
201.892,0.505092
201.959,0.504385
202.026,0.504028
202.092,0.505097
202.159,0.50374
202.225,0.504871
202.292,0.509
202.359,0.508292
202.425,0.509356
202.492,0.479571
202.559,0.478182
202.625,0.4778
202.692,0.475231
202.758,0.475935
202.825,0.477181
202.892,0.476797
202.958,0.476837
203.025,0.476205
203.091,0.477389
203.158,0.476016
203.225,0.473987
203.291,0.47366
203.358,0.472111
203.424,0.471626
203.491,0.47015
203.558,0.471263
203.624,0.476358
203.691,0.482341
203.757,0.48525
203.824,0.494537
203.891,0.496943
203.957,0.500506
204.024,0.506597
204.091,0.511522
204.157,0.513837
204.224,0.516519
204.29,0.520864
204.357,0.522752
204.424,0.525347
204.49,0.528237
204.557,0.529027
204.623,0.531299
204.69,0.532152
204.757,0.533621
204.823,0.533813
204.89,0.535026
204.956,0.536495
205.023,0.536811
205.09,0.538845
205.156,0.53984
205.223,0.546176
205.289,0.55288
205.356,0.555698
205.423,0.562881
205.489,0.569412
205.556,0.56957
205.623,0.574649
205.689,0.582523
205.756,0.58683
205.822,0.592848
205.889,0.598187
205.956,0.598385
206.022,0.602997
206.089,0.603914
206.155,0.604396
206.222,0.60225
206.289,0.600064
206.355,0.598448
206.422,0.592496
206.488,0.590169
206.555,0.589171
206.622,0.582532
206.688,0.579762
206.755,0.578797
206.822,0.576008
206.888,0.574228
206.955,0.572587
207.021,0.57
207.088,0.569456
207.155,0.568987
207.221,0.566998
207.288,0.565133
207.354,0.564927
207.421,0.563924
207.488,0.562902
207.554,0.561524
207.621,0.560746
207.687,0.560222
207.754,0.560097
207.821,0.559573
207.887,0.560411
207.954,0.560124
208.02,0.559925
208.087,0.560559
208.154,0.560129
208.22,0.562804
208.287,0.564974
208.354,0.565546
208.42,0.567448
208.487,0.570295
208.553,0.571726
208.62,0.573832
208.687,0.576244
208.753,0.577316
208.82,0.579374
208.886,0.582178
208.953,0.582428
209.02,0.583602
209.086,0.585243
209.153,0.585945
209.219,0.58778
209.286,0.590832
209.353,0.590579
209.419,0.592459
209.486,0.593109
209.552,0.593596
209.619,0.594441
209.686,0.594933
209.752,0.59531
209.819,0.595547
209.886,0.596157
209.952,0.596082
210.019,0.596593
210.085,0.597265
210.152,0.597175
210.219,0.597118
210.285,0.597313
210.352,0.596798
210.418,0.597316
210.485,0.597053
210.552,0.600215
210.618,0.600115
210.685,0.600465
210.751,0.600681
210.818,0.60035
210.885,0.600442
210.951,0.60005
211.018,0.599685
211.084,0.599317
211.151,0.599144
211.218,0.598778
211.284,0.598949
211.351,0.598806
211.418,0.59856
211.484,0.598682
211.551,0.598146
211.617,0.59751
211.684,0.598787
211.751,0.598756
211.817,0.599321
211.884,0.601278
211.95,0.602322
212.017,0.604927
212.084,0.608258
212.15,0.609534
212.217,0.613099
212.283,0.615026
212.35,0.615483
212.417,0.617143
212.483,0.617481
212.55,0.617898
212.617,0.618922
212.683,0.619569
212.75,0.619559
212.816,0.619782
212.883,0.619408
212.95,0.619756
213.016,0.618961
213.083,0.618649
213.149,0.618263
213.216,0.61786
213.283,0.617948
213.349,0.618087
213.416,0.618086
213.482,0.618222
213.549,0.617833
213.616,0.618259
213.682,0.617698
213.749,0.617394
213.815,0.617598
213.882,0.620296
213.949,0.620134
214.015,0.619568
214.082,0.619748
214.149,0.619564
214.215,0.618878
214.282,0.618705
214.348,0.618875
214.415,0.619059
214.482,0.618718
214.548,0.618355
214.615,0.61838
214.681,0.618323
214.748,0.617996
214.815,0.617943
214.881,0.61755
214.948,0.617072
215.014,0.617256
215.081,0.617025
215.148,0.617063
215.214,0.616722
215.281,0.61633
215.347,0.616129
215.414,0.615984
215.481,0.615415
215.547,0.61665
215.614,0.615804
215.681,0.615958
215.747,0.615465
215.814,0.615566
215.88,0.615115
215.947,0.615299
216.014,0.615097
216.08,0.614787
216.147,0.614877
216.213,0.61507
216.28,0.614718
216.347,0.614415
216.413,0.61419
216.48,0.614511
216.546,0.614213
216.613,0.614316
216.68,0.614392
216.746,0.614609
216.813,0.61425
216.879,0.614101
216.946,0.614031
217.013,0.613885
217.079,0.614386
217.146,0.614807
217.213,0.615832
217.279,0.615094
217.346,0.615011
217.412,0.615814
217.479,0.615563
217.546,0.615204
217.612,0.614814
217.679,0.614764
217.745,0.614994
217.812,0.615346
217.879,0.61563
217.945,0.615539
218.012,0.615802
218.078,0.616037
218.145,0.616075
218.212,0.616474
218.278,0.616976
218.345,0.617258
218.412,0.617142
218.478,0.616868
218.545,0.617223
218.611,0.617058
218.678,0.616741
218.745,0.616576
218.811,0.616352
218.878,0.619658
218.944,0.619458
219.011,0.619447
219.078,0.61903
219.144,0.618539
219.211,0.618284
219.277,0.618454
219.344,0.618306
219.411,0.61856
219.477,0.61827
219.544,0.617777
219.61,0.617268
219.677,0.617311
219.744,0.617196
219.81,0.617201
219.877,0.616657
219.944,0.616386
220.01,0.616648
220.077,0.616609
220.143,0.616277
220.21,0.616389
220.277,0.616428
220.343,0.616125
220.41,0.616299
220.476,0.616523
220.543,0.618122
220.61,0.617161
220.676,0.616042
220.743,0.616365
220.809,0.616262
220.876,0.6162
220.943,0.616366
221.009,0.616609
221.076,0.61649
221.142,0.615771
221.209,0.615535
221.276,0.615032
221.342,0.615008
221.409,0.614893
221.476,0.615374
221.542,0.615806
221.609,0.61607
221.675,0.616209
221.742,0.616173
221.809,0.615971
221.875,0.615402
221.942,0.61593
222.008,0.616139
222.075,0.616124
222.142,0.6159
222.208,0.614105
222.275,0.614173
222.341,0.614093
222.408,0.614064
222.475,0.61382
222.541,0.614006
222.608,0.613909
222.674,0.613947
222.741,0.613295
222.808,0.612697
222.874,0.611772
222.941,0.611687
223.008,0.610892
223.074,0.610139
223.141,0.610329
223.207,0.610445
223.274,0.610966
223.341,0.611352
223.407,0.612486
223.474,0.612992
223.54,0.613505
223.607,0.613725
223.674,0.614598
223.74,0.614671
223.807,0.614759
223.873,0.616984
223.94,0.616642
224.007,0.61692
224.073,0.616545
224.14,0.616209
224.207,0.6157
224.273,0.615541
224.34,0.615163
224.406,0.614037
224.473,0.612829
224.54,0.612651
224.606,0.611872
224.673,0.611721
224.739,0.611578
224.806,0.6114
224.873,0.611107
224.939,0.610895
225.006,0.610497
225.072,0.610713
225.139,0.61043
225.206,0.610462
225.272,0.61028
225.339,0.610407
225.405,0.610346
225.472,0.610427
225.539,0.609007
225.605,0.608976
225.672,0.608845
225.739,0.609068
225.805,0.609597
225.872,0.609392
225.938,0.609642
226.005,0.609438
226.072,0.609175
226.138,0.60889
226.205,0.608577
226.271,0.608374
226.338,0.608563
226.405,0.608717
226.471,0.6092
226.538,0.609618
226.604,0.610174
226.671,0.611031
226.738,0.611482
226.804,0.612068
226.871,0.612515
226.937,0.612669
227.004,0.612731
227.071,0.613117
227.137,0.613039
227.204,0.615731
227.271,0.615949
227.337,0.616004
227.404,0.615761
227.47,0.616108
227.537,0.616104
227.604,0.616049
227.67,0.616386
227.737,0.616545
227.803,0.616374
227.87,0.616155
227.937,0.616281
228.003,0.615989
228.07,0.61598
228.136,0.615751
228.203,0.615449
228.27,0.615687
228.336,0.615567
228.403,0.615525
228.469,0.615772
228.536,0.615736
228.603,0.615654
228.669,0.61606
228.736,0.616057
228.803,0.616299
228.869,0.626558
228.936,0.626317
229.002,0.626234
229.069,0.626246
229.136,0.626041
229.202,0.626246
229.269,0.62621
229.335,0.62557
229.402,0.62546
229.469,0.625494
229.535,0.625371
229.602,0.625588
229.668,0.625689
229.735,0.62584
229.802,0.625907
229.868,0.62608
229.935,0.625995
230.001,0.626325
230.068,0.626348
230.135,0.626426
230.201,0.626291
230.268,0.626179
230.335,0.626238
230.401,0.626102
230.468,0.626044
230.534,0.629282
230.601,0.629472
230.668,0.629331
230.734,0.629508
230.801,0.629717
230.867,0.629511
230.934,0.629407
231.001,0.629419
231.067,0.628648
231.134,0.628016
231.2,0.626923
231.267,0.626749
231.334,0.626419
231.4,0.625589
231.467,0.624712
231.534,0.624581
231.6,0.624786
231.667,0.624998
231.733,0.624943
231.8,0.62515
231.867,0.625187
231.933,0.624614
232,0.6247
232.066,0.624966
232.133,0.62488
232.2,0.625715
232.266,0.625166
232.333,0.62492
232.399,0.624862
232.466,0.624931
232.533,0.625387
232.599,0.625005
232.666,0.625016
232.732,0.624984
232.799,0.624856
232.866,0.625134
232.932,0.625176
232.999,0.625284
233.066,0.624983
233.132,0.625068
233.199,0.625414
233.265,0.625309
233.332,0.625013
233.399,0.624789
233.465,0.624383
233.532,0.624495
233.598,0.624462
233.665,0.62432
233.732,0.624333
233.798,0.624371
233.865,0.622643
233.931,0.622462
233.998,0.622442
234.065,0.622373
234.131,0.622308
234.198,0.622215
234.264,0.622192
234.331,0.622276
234.398,0.622001
234.464,0.622091
234.531,0.622288
234.598,0.621931
234.664,0.62189
234.731,0.62219
234.797,0.622239
234.864,0.622294
234.931,0.622512
234.997,0.622543
235.064,0.622604
235.13,0.622653
235.197,0.622963
235.264,0.623184
235.33,0.622914
235.397,0.622923
235.463,0.622819
235.53,0.623801
235.597,0.623932
235.663,0.623921
235.73,0.623406
235.796,0.623042
235.863,0.62232
235.93,0.622529
235.996,0.622646
236.063,0.623015
236.13,0.623224
236.196,0.623857
236.263,0.625026
236.329,0.625207
236.396,0.625664
236.463,0.626488
236.529,0.626689
236.596,0.627016
236.662,0.62707
236.729,0.626973
236.796,0.627144
236.862,0.627581
236.929,0.627651
236.995,0.627627
237.062,0.627711
237.129,0.627726
237.195,0.628305
237.262,0.628405
237.329,0.628561
237.395,0.628066
237.462,0.627981
237.528,0.628008
237.595,0.627592
237.662,0.627681
237.728,0.627719
237.795,0.625102
237.861,0.624893
237.928,0.62502
237.995,0.624719
238.061,0.624764
238.128,0.624936
238.194,0.625021
238.261,0.625057
238.328,0.625292
238.394,0.625679
238.461,0.625698
238.527,0.626435
238.594,0.626551
238.661,0.626184
238.727,0.626349
238.794,0.626684
238.861,0.626739
238.927,0.62711
238.994,0.627378
239.06,0.627303
239.127,0.627183
239.194,0.62737
239.26,0.627363
239.327,0.627262
239.393,0.627277
239.46,0.627122
239.527,0.626868
239.593,0.626729
239.66,0.62662
239.726,0.625908
239.793,0.625364
239.86,0.625568
239.926,0.625313
239.993,0.625015
240.059,0.625355
240.126,0.625466
240.193,0.625701
240.259,0.625754
240.326,0.626349
240.393,0.626539
240.459,0.626613
240.526,0.626999
240.592,0.627515
240.659,0.627731
240.726,0.628615
240.792,0.629248
240.859,0.629591
240.925,0.630666
240.992,0.63145
241.059,0.632272
241.125,0.635316
241.192,0.637147
241.258,0.637362
241.325,0.637971
241.392,0.637987
241.458,0.637941
241.525,0.637447
241.591,0.63689
241.658,0.637226
241.725,0.636923
241.791,0.637044
241.858,0.636916
241.925,0.636994
241.991,0.637812
242.058,0.63784
242.124,0.638125
242.191,0.638248
242.258,0.63816
242.324,0.638328
242.391,0.638235
242.457,0.638304
242.524,0.638578
242.591,0.638437
242.657,0.638109
242.724,0.638341
242.79,0.635819
242.857,0.635498
242.924,0.635622
242.99,0.635059
243.057,0.635008
243.124,0.634784
243.19,0.63503
243.257,0.635099
243.323,0.63513
243.39,0.635019
243.457,0.634552
243.523,0.633463
243.59,0.633325
243.656,0.633239
243.723,0.632881
243.79,0.63348
243.856,0.633349
243.923,0.633167
243.989,0.632809
244.056,0.632991
244.123,0.632625
244.189,0.631984
244.256,0.631676
244.322,0.631395
244.389,0.631082
244.456,0.632383
244.522,0.632333
244.589,0.632138
244.656,0.631802
244.722,0.631071
244.789,0.630809
244.855,0.6316
244.922,0.631647
244.989,0.631182
245.055,0.631286
245.122,0.630762
245.188,0.631133
245.255,0.631302
245.322,0.631224
245.388,0.630899
245.455,0.630523
245.521,0.630345
245.588,0.630619
245.655,0.63036
245.721,0.630248
245.788,0.629865
245.854,0.62981
245.921,0.630193
245.988,0.630211
246.054,0.630134
246.121,0.628415
246.188,0.628391
246.254,0.628605
246.321,0.628096
246.387,0.627857
246.454,0.627747
246.521,0.627878
246.587,0.628152
246.654,0.628145
246.72,0.628385
246.787,0.628207
246.854,0.628052
246.92,0.62813
246.987,0.627929
247.053,0.627737
247.12,0.627573
247.187,0.627501
247.253,0.627348
247.32,0.626708
247.386,0.626162
247.453,0.62596
247.52,0.626209
247.586,0.626405
247.653,0.626492
247.72,0.625923
247.786,0.624325
247.853,0.624931
247.919,0.625025
247.986,0.625379
248.053,0.625628
248.119,0.625034
248.186,0.625254
248.252,0.625057
248.319,0.624988
248.386,0.625097
248.452,0.624688
248.519,0.624414
248.585,0.624964
248.652,0.625292
248.719,0.625638
248.785,0.625674
248.852,0.625664
248.919,0.625651
248.985,0.62561
249.052,0.625218
249.118,0.625369
249.185,0.625129
249.252,0.624928
249.318,0.624514
249.385,0.624034
249.451,0.624196
249.518,0.623672
249.585,0.623976
249.651,0.623876
249.718,0.623916
249.784,0.623916
249.851,0.623122
249.918,0.623217
249.984,0.623016
250.051,0.623076
250.117,0.622439
250.184,0.622833
250.251,0.622522
250.317,0.622255
250.384,0.621397
250.451,0.621442
250.517,0.621248
250.584,0.620697
250.65,0.620221
250.717,0.619714
250.784,0.619145
250.85,0.618936
250.917,0.617254
250.983,0.618075
251.05,0.617939
251.117,0.618921
251.183,0.620031
251.25,0.620071
251.316,0.621501
251.383,0.621879
251.45,0.621994
251.516,0.621959
251.583,0.622332
251.649,0.622237
251.716,0.622786
251.783,0.622653
251.849,0.622669
251.916,0.622738
251.983,0.622748
252.049,0.622928
252.116,0.623335
252.182,0.623729
252.249,0.623918
252.316,0.624258
252.382,0.624617
252.449,0.624668
252.515,0.624671
252.582,0.624868
252.649,0.6251
252.715,0.624978
252.782,0.625478
252.848,0.624654
252.915,0.624413
252.982,0.623456
253.048,0.622591
253.115,0.620916
253.181,0.61973
253.248,0.619137
253.315,0.617899
253.381,0.616511
253.448,0.615747
253.515,0.615211
253.581,0.615217
253.648,0.61468
253.714,0.614835
253.781,0.61613
253.848,0.616705
253.914,0.617613
253.981,0.618307
254.047,0.619
254.114,0.619331
254.181,0.620584
254.247,0.622424
254.314,0.624988
254.38,0.626548
254.447,0.65075
254.514,0.65068
254.58,0.650485
254.647,0.65073
254.714,0.651381
254.78,0.651836
254.847,0.652319
254.913,0.652387
254.98,0.652669
255.047,0.654329
255.113,0.654583
255.18,0.656116
255.246,0.656728
255.313,0.657009
255.38,0.657177
255.446,0.657553
255.513,0.657567
255.579,0.658154
255.646,0.657927
255.713,0.658061
255.779,0.65801
255.846,0.657918
255.912,0.658031
255.979,0.658171
256.046,0.658125
256.112,0.66484
256.179,0.665208
256.246,0.665537
256.312,0.665356
256.379,0.665472
256.445,0.6659
256.512,0.665919
256.579,0.666111
256.645,0.66593
256.712,0.665629
256.778,0.665472
256.845,0.665075
256.912,0.665075
256.978,0.66423
257.045,0.664076
257.111,0.664292
257.178,0.665536
257.245,0.665107
257.311,0.665227
257.378,0.665292
257.444,0.665004
257.511,0.664649
257.578,0.66475
257.644,0.664646
257.711,0.664484
257.778,0.661956
257.844,0.661234
257.911,0.662182
257.977,0.661646
258.044,0.661533
258.111,0.661329
258.177,0.661761
258.244,0.661949
258.31,0.662522
258.377,0.662677
258.444,0.663102
258.51,0.663226
258.577,0.663035
258.643,0.662279
258.71,0.662234
258.777,0.662181
258.843,0.662228
258.91,0.66175
258.976,0.661692
259.043,0.661499
259.11,0.661492
259.176,0.661016
259.243,0.661066
259.31,0.661062
259.376,0.661053
259.443,0.664901
259.509,0.664898
259.576,0.664502
259.643,0.664376
259.709,0.664398
259.776,0.663805
259.842,0.663109
259.909,0.663264
259.976,0.664244
260.042,0.664372
260.109,0.663728
260.175,0.663044
260.242,0.661385
260.309,0.661443
260.375,0.661786
260.442,0.660668
260.509,0.661107
260.575,0.660192
260.642,0.660145
260.708,0.660041
260.775,0.660292
260.842,0.659867
260.908,0.660049
260.975,0.659966
261.041,0.660102
261.108,0.657089
261.175,0.657554
261.241,0.657777
261.308,0.658013
261.374,0.657934
261.441,0.657757
261.508,0.657377
261.574,0.658968
261.641,0.658838
261.707,0.659094
261.774,0.659071
261.841,0.660713
261.907,0.660237
261.974,0.661448
262.041,0.661387
262.107,0.661101
262.174,0.661373
262.24,0.660821
262.307,0.660986
262.374,0.66013
262.44,0.660281
262.507,0.660392
262.573,0.660898
262.64,0.660615
262.707,0.660356
262.773,0.665191
262.84,0.665303
262.906,0.665338
262.973,0.664415
263.04,0.662555
263.106,0.662568
263.173,0.662105
263.239,0.66241
263.306,0.663087
263.373,0.663034
263.439,0.662795
263.506,0.664776
263.573,0.665082
263.639,0.66569
263.706,0.666325
263.772,0.668103
263.839,0.668439
263.906,0.667439
263.972,0.66635
264.039,0.666763
264.105,0.666107
264.172,0.666186
264.239,0.667775
264.305,0.667295
264.372,0.666625
264.438,0.67297
264.505,0.673193
264.572,0.673321
264.638,0.676864
264.705,0.674267
264.771,0.67391
264.838,0.673212
264.905,0.6718
264.971,0.671477
265.038,0.672354
265.105,0.671799
265.171,0.673377
265.238,0.671602
265.304,0.670058
265.371,0.666673
265.438,0.667685
265.504,0.668644
265.571,0.670384
265.637,0.669138
265.704,0.66944
265.771,0.669193
265.837,0.669378
265.904,0.668596
265.97,0.666153
266.037,0.666218
266.104,0.664382
266.17,0.664605
266.237,0.664983
266.304,0.666385
266.37,0.667418
266.437,0.667434
266.503,0.66759
266.57,0.666861
266.637,0.667242
266.703,0.666096
266.77,0.665977
266.836,0.665784
266.903,0.665331
266.97,0.666772
267.036,0.666069
267.103,0.667343
267.169,0.667181
267.236,0.667348
267.303,0.667919
267.369,0.667524
267.436,0.66757
267.502,0.66703
267.569,0.666967
267.636,0.667029
267.702,0.666898
267.769,0.666091
267.836,0.666166
267.902,0.666363
267.969,0.668282
268.035,0.668402
268.102,0.668915
268.169,0.668648
268.235,0.668825
268.302,0.668717
268.368,0.668389
268.435,0.668141
268.502,0.667297
268.568,0.66368
268.635,0.664278
268.701,0.66257
268.768,0.662363
268.835,0.661182
268.901,0.661686
268.968,0.661837
269.034,0.660866
269.101,0.662919
269.168,0.663587
269.234,0.663271
269.301,0.662056
269.368,0.661241
269.434,0.653588
269.501,0.653747
269.567,0.654438
269.634,0.655422
269.701,0.653272
269.767,0.654667
269.834,0.65452
269.9,0.65481
269.967,0.654979
270.034,0.658209
270.1,0.658563
270.167,0.661448
270.233,0.662927
270.3,0.663837
270.367,0.662796
270.433,0.662623
270.5,0.662785
270.566,0.66341
270.633,0.66412
270.7,0.666414
270.766,0.666804
270.833,0.67015
270.9,0.670024
270.966,0.670159
271.033,0.671316
271.099,0.6868
271.166,0.686432
271.233,0.686717
271.299,0.686627
271.366,0.684952
271.432,0.684809
271.499,0.685929
271.566,0.686261
271.632,0.683978
271.699,0.683009
271.765,0.683696
271.832,0.681477
271.899,0.681227
271.965,0.680837
272.032,0.681415
272.099,0.680135
272.165,0.678531
272.232,0.678084
272.298,0.676152
272.365,0.675781
272.432,0.67565
272.498,0.675638
272.565,0.676333
272.631,0.676144
272.698,0.674642
272.765,0.676362
272.831,0.674463
272.898,0.673759
272.964,0.674142
273.031,0.675416
273.098,0.67703
273.164,0.676532
273.231,0.677733
273.297,0.675943
273.364,0.674318
273.431,0.674564
273.497,0.673612
273.564,0.67323
273.631,0.674113
273.697,0.674757
273.764,0.674912
273.83,0.674662
273.897,0.674983
273.964,0.674759
274.03,0.67462
274.097,0.674424
274.163,0.673995
274.23,0.674444
274.297,0.675235
274.363,0.674961
274.43,0.680913
274.496,0.680799
274.563,0.680632
274.63,0.680563
274.696,0.68078
274.763,0.67995
274.829,0.680478
274.896,0.68027
274.963,0.680238
275.029,0.680139
275.096,0.680612
275.163,0.682241
275.229,0.682069
275.296,0.682
275.362,0.681544
275.429,0.681718
275.496,0.681483
275.562,0.681583
275.629,0.680492
275.695,0.680659
275.762,0.680531
275.829,0.680431
275.895,0.680218
275.962,0.680771
276.028,0.681308
276.095,0.690516
276.162,0.690353
276.228,0.689777
276.295,0.690828
276.361,0.691671
276.428,0.690968
276.495,0.690466
276.561,0.690436
276.628,0.691015
276.695,0.690613
276.761,0.691517
276.828,0.691849
276.894,0.690973
276.961,0.69183
277.028,0.692425
277.094,0.692729
277.161,0.693366
277.227,0.692375
277.294,0.69397
277.361,0.694641
277.427,0.695408
277.494,0.6966
277.56,0.6975
277.627,0.700448
277.694,0.701011
277.76,0.701339
277.827,0.703105
277.894,0.705567
277.96,0.707297
278.027,0.710453
278.093,0.713724
278.16,0.71559
278.227,0.717683
278.293,0.720583
278.36,0.722088
278.426,0.723878
278.493,0.727143
278.56,0.728423
278.626,0.730874
278.693,0.732265
278.759,0.734872
278.826,0.736291
278.893,0.739646
278.959,0.74104
279.026,0.742408
279.092,0.745033
279.159,0.74732
279.226,0.749453
279.292,0.751556
279.359,0.75163
279.426,0.758717
279.492,0.758845
279.559,0.762266
279.625,0.762349
279.692,0.763844
279.759,0.763991
279.825,0.766145
279.892,0.766634
279.958,0.767169
280.025,0.770056
280.092,0.771253
280.158,0.771694
280.225,0.774564
280.291,0.774538
280.358,0.77734
280.425,0.780622
280.491,0.784182
280.558,0.784487
280.624,0.783769
280.691,0.786325
280.758,0.788442
280.824,0.789497
280.891,0.795547
280.958,0.796091
281.024,0.796848
281.091,0.793739
281.157,0.795308
281.224,0.795539
281.291,0.796208
281.357,0.796423
281.424,0.799799
281.49,0.800935
281.557,0.801336
281.624,0.803274
281.69,0.802029
281.757,0.804507
281.823,0.806438
281.89,0.809391
281.957,0.810071
282.023,0.812722
282.09,0.817627
282.156,0.819436
282.223,0.820881
282.29,0.822442
282.356,0.82168
282.423,0.799952
282.49,0.79205
282.556,0.789085
282.623,0.763535
282.689,0.745954
282.756,0.730399
282.823,0.730288
282.889,0.730153
282.956,0.7289
283.022,0.6706
283.089,0.665737
283.156,0.663159
283.222,0.658685
283.289,0.656736
283.355,0.655145
283.422,0.60746
283.489,0.610372
283.555,0.610668
283.622,0.613929
283.688,0.616405
283.755,0.616507
283.822,0.584132
283.888,0.583354
283.955,0.581625
284.022,0.579749
284.088,0.580314
284.155,0.578473
284.221,0.577437
284.288,0.576342
284.355,0.576906
284.421,0.569653
284.488,0.573208
284.554,0.577167
284.621,0.579739
284.688,0.584682
284.754,0.586841
284.821,0.590214
284.887,0.59374
284.954,0.593606
285.021,0.596381
285.087,0.604437
285.154,0.609678
285.221,0.608064
285.287,0.606533
285.354,0.606
285.42,0.60916
285.487,0.614176
285.554,0.614027
285.62,0.61212
285.687,0.612907
285.753,0.612258
285.82,0.610368
285.887,0.611406
285.953,0.582037
286.02,0.579777
286.086,0.578477
286.153,0.580526
286.22,0.580532
286.286,0.582794
286.353,0.582518
286.419,0.580114
286.486,0.582084
286.553,0.582886
286.619,0.589454
286.686,0.591202
286.753,0.594648
286.819,0.599863
286.886,0.602227
286.952,0.601373
287.019,0.601628
287.086,0.601325
287.152,0.601264
287.219,0.603518
287.285,0.603512
287.352,0.604548
287.419,0.599086
287.485,0.596073
287.552,0.59414
287.618,0.576422
287.685,0.573378
287.752,0.572153
287.818,0.572488
287.885,0.571457
287.951,0.561561
288.018,0.557649
288.085,0.551736
288.151,0.550717
288.218,0.547693
288.285,0.534912
288.351,0.533047
288.418,0.530454
288.484,0.526215
288.551,0.526019
288.618,0.52161
288.684,0.516334
288.751,0.514181
288.817,0.510078
288.884,0.504809
288.951,0.502463
289.017,0.502168
289.084,0.499892
289.15,0.500094
289.217,0.501099
289.284,0.499372
289.35,0.502513
289.417,0.494766
289.483,0.496799
289.55,0.497961
289.617,0.498422
289.683,0.501981
289.75,0.502857
289.817,0.504467
289.883,0.500413
289.95,0.499154
290.016,0.497624
290.083,0.497052
290.15,0.495634
290.216,0.493066
290.283,0.488781
290.349,0.485598
290.416,0.480492
290.483,0.475079
290.549,0.472128
290.616,0.46682
290.682,0.463537
290.749,0.459546
290.816,0.454182
290.882,0.449782
290.949,0.447595
291.016,0.449065
291.082,0.448105
291.149,0.446301
291.215,0.445362
291.282,0.442356
291.349,0.439741
291.415,0.43953
291.482,0.436832
291.548,0.435999
291.615,0.438159
291.682,0.435288
291.748,0.435954
291.815,0.438102
291.881,0.439705
291.948,0.436788
292.015,0.436638
292.081,0.435891
292.148,0.435367
292.214,0.433172
292.281,0.425118
292.348,0.423323
292.414,0.417243
292.481,0.409817
292.548,0.41047
292.614,0.408532
292.681,0.403871
292.747,0.402276
292.814,0.396601
292.881,0.39027
292.947,0.386531
293.014,0.381662
293.08,0.375892
293.147,0.373082
293.214,0.369543
293.28,0.36735
293.347,0.367375
293.413,0.367771
293.48,0.365307
293.547,0.364531
293.613,0.364998
293.68,0.361534
293.746,0.361362
293.813,0.361194
293.88,0.355182
293.946,0.353704
294.013,0.357559
294.08,0.35895
294.146,0.361249
294.213,0.365381
294.279,0.367662
294.346,0.368748
294.413,0.366612
294.479,0.368895
294.546,0.368135
294.612,0.370501
294.679,0.375046
294.746,0.37571
294.812,0.376108
294.879,0.373164
294.945,0.37221
295.012,0.372908
295.079,0.374751
295.145,0.375195
295.212,0.37691
295.278,0.379315
295.345,0.380663
295.412,0.382562
295.478,0.38423
295.545,0.385075
295.612,0.387231
295.678,0.389297
295.745,0.389259
295.811,0.392427
295.878,0.399
295.945,0.399566
296.011,0.401492
296.078,0.408821
296.144,0.414418
296.211,0.422868
296.278,0.430472
296.344,0.437055
296.411,0.445033
296.477,0.449435
296.544,0.449458
296.611,0.452468
296.677,0.459441
296.744,0.462707
296.811,0.466176
296.877,0.465041
296.944,0.467488
297.01,0.4669
297.077,0.464925
297.144,0.461875
297.21,0.459859
297.277,0.452465
297.343,0.45071
297.41,0.451757
297.477,0.453355
297.543,0.453409
297.61,0.457713
297.676,0.461239
297.743,0.454639
297.81,0.464531
297.876,0.470155
297.943,0.474136
298.009,0.477175
298.076,0.480053
298.143,0.467115
298.209,0.463539
298.276,0.460657
298.343,0.444055
298.409,0.443762
298.476,0.441725
298.542,0.441628
298.609,0.423784
298.676,0.417415
298.742,0.414971
298.809,0.409368
298.875,0.392735
298.942,0.38915
299.009,0.384756
299.075,0.383186
299.142,0.381306
299.208,0.380367
299.275,0.378728
299.342,0.37751
299.408,0.380763
299.475,0.394242
299.541,0.40302
299.608,0.415751
299.675,0.422592
299.741,0.426939
299.808,0.435443
299.875,0.441232
299.941,0.444868
300.008,0.459607
300.074,0.464259
300.141,0.465278
300.208,0.469997
300.274,0.47118
300.341,0.475178
300.407,0.490875
300.474,0.489037
300.541,0.48789
300.607,0.498
300.674,0.49942
300.74,0.501626
300.807,0.517202
300.874,0.518209
300.94,0.518569
301.007,0.516344
301.073,0.527267
301.14,0.527717
301.207,0.528354
301.273,0.530684
301.34,0.529715
301.407,0.556117
301.473,0.563989
301.54,0.567389
301.606,0.575324
301.673,0.607849
301.74,0.612627
301.806,0.621748
301.873,0.622169
301.939,0.62571
302.006,0.628493
302.073,0.627956
302.139,0.624179
302.206,0.617561
302.272,0.608396
302.339,0.601977
302.406,0.595091
302.472,0.582521
302.539,0.582815
302.606,0.57206
302.672,0.563842
302.739,0.555693
302.805,0.545043
302.872,0.537184
302.939,0.530595
303.005,0.527227
303.072,0.521288
303.138,0.517152
303.205,0.510464
303.272,0.513167
303.338,0.511929
303.405,0.513948
303.471,0.517474
303.538,0.519808
303.605,0.485916
303.671,0.484698
303.738,0.483006
303.804,0.478929
303.871,0.480724
303.938,0.480633
304.004,0.479291
304.071,0.465799
304.138,0.465102
304.204,0.462085
304.271,0.46372
304.337,0.463873
304.404,0.463158
304.471,0.453291
304.537,0.454384
304.604,0.453552
304.67,0.455172
304.737,0.454348
304.804,0.455595
304.87,0.453194
304.937,0.449226
305.003,0.447137
305.07,0.441357
305.137,0.43978
305.203,0.435172
305.27,0.434065
305.336,0.432252
305.403,0.429193
305.47,0.427285
305.536,0.427994
305.603,0.42857
305.67,0.430641
305.736,0.431358
305.803,0.433499
305.869,0.447252
305.936,0.450324
306.003,0.452317
306.069,0.450097
306.136,0.452217
306.202,0.45231
306.269,0.45183
306.336,0.449675
306.402,0.449012
306.469,0.450728
306.535,0.451027
306.602,0.449643
306.669,0.448905
306.735,0.449994
306.802,0.44518
306.868,0.440077
306.935,0.43653
307.002,0.432265
307.068,0.430381
307.135,0.428508
307.202,0.421211
307.268,0.410709
307.335,0.40739
307.401,0.401992
307.468,0.393939
307.535,0.389898
307.601,0.383035
307.668,0.379835
307.734,0.373037
307.801,0.36652
307.868,0.363649
307.934,0.360178
308.001,0.342195
308.067,0.332053
308.134,0.329134
308.201,0.322162
308.267,0.317056
308.334,0.312283
308.401,0.309123
308.467,0.310017
308.534,0.310668
308.6,0.311565
308.667,0.314695
308.734,0.314737
308.8,0.317813
308.867,0.319229
308.933,0.319435
309,0.33153
309.067,0.339908
309.133,0.343793
309.2,0.348736
309.266,0.35427
309.333,0.359364
309.4,0.367587
309.466,0.378393
309.533,0.3797
309.599,0.388657
309.666,0.392046
309.733,0.394731
309.799,0.399203
309.866,0.396749
309.933,0.398123
309.999,0.400011
310.066,0.397909
310.132,0.398232
310.199,0.402187
310.266,0.399248
310.332,0.399138
310.399,0.383897
310.465,0.379032
310.532,0.375304
310.599,0.367899
310.665,0.361271
310.732,0.35812
310.798,0.352146
310.865,0.345171
310.932,0.345554
310.998,0.339434
311.065,0.335754
311.131,0.33482
311.198,0.328462
311.265,0.321234
311.331,0.315766
311.398,0.307091
311.465,0.293551
311.531,0.288499
311.598,0.282931
311.664,0.27619
311.731,0.265652
311.798,0.258259
311.864,0.255188
311.931,0.253671
311.997,0.247632
312.064,0.236782
312.131,0.23403
312.197,0.229059
312.264,0.226735
312.33,0.22511
312.397,0.220655
312.464,0.214626
312.53,0.212496
312.597,0.206404
312.663,0.201707
312.73,0.19967
312.797,0.200547
312.863,0.199588
312.93,0.20119
312.997,0.203522
313.063,0.207191
313.13,0.207915
313.196,0.21242
313.263,0.214497
313.33,0.212491
313.396,0.211293
313.463,0.212077
313.529,0.212518
313.596,0.213186
313.663,0.213778
313.729,0.213332
313.796,0.220068
313.862,0.226242
313.929,0.227533
313.996,0.236056
314.062,0.248804
314.129,0.254998
314.196,0.266205
314.262,0.277358
314.329,0.279174
314.395,0.283792
314.462,0.284797
314.529,0.285233
314.595,0.286093
314.662,0.288829
314.728,0.291565
314.795,0.295096
314.862,0.299742
314.928,0.302653
314.995,0.303224
315.061,0.297303
315.128,0.296635
315.195,0.293655
315.261,0.29139
315.328,0.29034
315.394,0.285497
315.461,0.28006
315.528,0.278844
315.594,0.276316
315.661,0.272361
315.728,0.272546
315.794,0.270431
315.861,0.269532
315.927,0.271299
315.994,0.270286
316.061,0.267512
316.127,0.173747
316.194,0.253733
316.26,0.246397
316.327,0.243915
316.394,0.234427
316.46,0.22893
316.527,0.225824
316.593,0.219464
316.66,0.213143
316.727,0.211758
316.793,0.202785
316.86,0.197822
316.926,0.195762
316.993,0.189707
317.06,0.183879
317.126,0.179249
317.193,0.1718
317.26,0.164824
317.326,0.160613
317.393,0.154234
317.459,0.146968
317.526,0.143552
317.593,0.138327
317.659,0.13103
317.726,0.126388
317.792,0.121815
317.859,0.117403
317.926,0.115906
317.992,0.110503
318.059,0.10632
318.125,0.103556
318.192,0.0973936
318.259,0.0903081
318.325,0.0869891
318.392,0.0802046
318.458,0.0741032
318.525,0.0714943
318.592,0.0662496
318.658,0.0618424
318.725,0.0597932
318.792,0.0560845
318.858,0.052754
318.925,0.0508244
318.991,0.0449664
319.058,0.0411535
319.125,0.0383517
319.191,0.0337014
319.258,0.0283294
319.324,0.0261218
319.391,0.0228725
319.458,0.0211822
319.524,0.0200089
319.591,0.0187391
319.657,0.0167902
319.724,0.0156286
319.791,0.0131317
319.857,0.0109126
319.924,0.00990932
319.991,0.00933044
320.057,0.00943063
320.124,0.00956192
320.19,0.00978568
320.257,0.0101253
320.324,0.0102333
320.39,0.0105266
320.457,0.0106734
320.523,0.0107004
320.59,0.0105771
320.657,0.0107318
320.723,0.0109092
320.79,0.0111446
320.856,0.0110174
320.923,0.0109057
320.99,0.0107166
321.056,0.0109646
321.123,0.0109183
321.189,0.010818
321.256,0.0112773
321.323,0.0113583
321.389,0.0117635
321.456,0.0120066
321.523,0.0119719
321.589,0.0120221
321.656,0.0115937
321.722,0.0115744
321.789,0.0116284
321.856,0.0116285
321.922,0.0115744
321.989,0.0137361
322.055,0.0137555
322.122,0.0138133
322.189,0.0140912
322.255,0.0141491
322.322,0.0143228
322.388,0.014319
322.455,0.0141571
322.522,0.0141262
322.588,0.0142999
322.655,0.0143811
322.721,0.0149328
322.788,0.0147362
322.855,0.0146243
322.921,0.0143925
322.988,0.0144734
323.055,0.0142265
323.121,0.0142687
323.188,0.0146122
323.254,0.0145156
323.321,0.0143805
323.388,0.0146813
323.454,0.0146157
323.521,0.0142953
323.587,0.0141796
323.654,0.0140949
323.721,0.0140834
323.787,0.0139982
323.854,0.0140137
323.92,0.013929
323.987,0.0137591
324.054,0.0137167
324.12,0.013736
324.187,0.0138632
324.253,0.013786
324.32,0.0138399
324.387,0.0138282
324.453,0.0136933
324.52,0.0137126
324.587,0.0135081
324.653,0.0137976
324.72,0.0138054
324.786,0.013651
324.853,0.0136664
324.92,0.0135777
324.986,0.0136125
325.053,0.0135816
325.119,0.0135314
325.186,0.0140446
325.253,0.014118
325.319,0.0138749
325.386,0.014064
325.452,0.0139212
325.519,0.0139365
325.586,0.0139984
325.652,0.0139405
325.719,0.0139713
325.786,0.0139828
325.852,0.013975
325.919,0.0136508
325.985,0.013616
326.052,0.013535
326.119,0.013643
326.185,0.0136856
326.252,0.0135352
326.318,0.0133308
326.385,0.0129488
326.452,0.012914
326.518,0.0129218
326.585,0.0129603
326.651,0.0129563
326.718,0.0130955
326.785,0.0133347
326.851,0.0134968
326.918,0.0131417
326.984,0.0127251
327.051,0.0124897
327.118,0.0116639
327.184,0.0108496
327.251,0.0106181
327.318,0.0101781
327.384,0.00988099
327.451,0.0117414
327.517,0.0245403
327.584,0.0376938
327.651,0.0426256
327.717,0.0502244
327.784,0.0521604
327.85,0.0528047
327.917,0.0534565
327.984,0.0541191
328.05,0.0559304
328.117,0.0631077
328.183,0.076115
328.25,0.0832739
328.317,0.0945418
328.383,0.10484
328.45,0.11106
328.516,0.114327
328.583,0.113869
328.65,0.113431
328.716,0.112365
328.783,0.112241
328.85,0.111973
328.916,0.110177
328.983,0.110064
329.049,0.110321
329.116,0.11034
329.183,0.107993
329.249,0.107391
329.316,0.107839
329.382,0.107167
329.449,0.105454
329.516,0.10423
329.582,0.103335
329.649,0.103045
329.715,0.100039
329.782,0.0943734
329.849,0.093208
329.915,0.0901398
329.982,0.0858136
330.048,0.084042
330.115,0.0785737
330.182,0.0762273
330.248,0.074973
330.315,0.0719632
330.382,0.0691884
330.448,0.067834
330.515,0.0664141
330.581,0.0650055
330.648,0.0645078
330.715,0.0632075
330.781,0.0666488
330.848,0.070822
330.914,0.078106
330.981,0.0838461
331.048,0.0865562
331.114,0.0928087
331.181,0.097376
331.247,0.102286
331.314,0.109594
331.381,0.11508
331.447,0.118046
331.514,0.120816
331.581,0.118901
331.647,0.117585
331.714,0.112759
331.78,0.107928
331.847,0.107519
331.914,0.104048
331.98,0.0980061
332.047,0.0971991
332.113,0.0958947
332.18,0.0951653
332.247,0.0945864
332.313,0.0927957
332.38,0.0927533
332.446,0.0924137
332.513,0.0910591
332.58,0.0891644
332.646,0.0874509
332.713,0.0859769
332.779,0.0862822
332.846,0.0858114
332.913,0.0865563
332.979,0.086124
333.046,0.0843408
333.113,0.0845719
333.179,0.0827427
333.246,0.0805198
333.312,0.0777218
333.379,0.0746886
333.446,0.0727127
333.512,0.0711768
333.579,0.0689384
333.645,0.0679387
333.712,0.0671861
333.779,0.0641335
333.845,0.0624431
333.912,0.058607
333.978,0.0549639
334.045,0.0523782
334.112,0.0475581
334.178,0.0430505
334.245,0.0402758
334.311,0.0349745
334.378,0.0353188
334.445,0.0355697
334.511,0.0339831
334.578,0.0315592
334.645,0.0309357
334.711,0.029661
334.778,0.0281835
334.844,0.0280521
334.911,0.0268611
334.978,0.0247423
335.044,0.0239935
335.111,0.0222418
335.177,0.0208409
335.244,0.0203083
335.311,0.0202969
335.377,0.020158
335.444,0.020324
335.51,0.0204589
335.577,0.0204241
335.644,0.0203276
335.71,0.020397
335.777,0.0203392
335.843,0.0203354
335.91,0.0203623
335.977,0.0203318
336.043,0.0202934
336.11,0.0205134
336.177,0.0200038
336.243,0.0197614
336.31,0.0197538
336.376,0.0197521
336.443,0.0197554
336.51,0.0218774
336.576,0.0237742
336.643,0.0245472
336.709,0.0264575
336.776,0.0294218
336.843,0.0315356
336.909,0.0350957
336.976,0.0415387
337.042,0.044523
337.109,0.0498758
337.176,0.0568636
337.242,0.0619671
337.309,0.067611
337.375,0.074119
337.442,0.0785158
337.509,0.0857608
337.575,0.0949543
337.642,0.0999075
337.709,0.110845
337.775,0.119683
337.842,0.123972
337.908,0.130415
337.975,0.137852
338.042,0.140021
338.108,0.145462
338.175,0.148157
338.241,0.150239
338.308,0.154953
338.375,0.155602
338.441,0.154101
338.508,0.152968
338.574,0.149438
338.641,0.145226
338.708,0.141965
338.774,0.136724
338.841,0.136751
338.908,0.132552
338.974,0.123924
339.041,0.121238
339.107,0.118626
339.174,0.112702
339.241,0.110253
339.307,0.10861
339.374,0.106087
339.44,0.104624
339.507,0.101413
339.574,0.0992485
339.64,0.0974811
339.707,0.0931823
339.773,0.0883814
339.84,0.0856378
339.907,0.0818791
339.973,0.0767233
340.04,0.0756122
340.106,0.0710116
340.173,0.0661804
340.24,0.0635484
340.306,0.0599225
340.373,0.0548438
340.44,0.0511583
340.506,0.0474649
340.573,0.0470559
340.639,0.0473455
340.706,0.0462493
340.773,0.0459289
340.839,0.0442733
340.906,0.0414793
340.972,0.0407306
341.039,0.0398622
341.106,0.0353355
341.172,0.0321208
341.239,0.0304572
341.305,0.0268219
341.372,0.0231556
341.439,0.0210909
341.505,0.0175018
341.572,0.0137931
341.638,0.0120642
341.705,0.0080507
341.772,0.00707818
341.838,0.00708975
341.905,0.00708975
341.972,0.00760704
342.038,0.0075372
342.105,0.0075913
342.171,0.00762589
342.238,0.00762203
342.305,0.00762203
342.371,0.00766062
342.438,0.00762596
342.504,0.0076028
342.571,0.00762982
342.638,0.00767235
342.704,0.00768801
342.771,0.00769179
342.837,0.00769943
342.904,0.00774189
342.971,0.00772237
343.037,0.00771457
343.104,0.00771457
343.17,0.00771866
343.237,0.00771866
343.304,0.00773803
343.37,0.00773031
343.437,0.00774189
343.504,0.00774204
343.57,0.0077381
343.637,0.00773379
343.703,0.00771071
343.77,0.00771457
343.837,0.00770292
343.903,0.00770299
343.97,0.00770685
344.036,0.00771071
344.103,0.00771465
344.17,0.00772244
344.236,0.0076955
344.303,0.00769157
344.369,0.00767212
344.436,0.00764087
344.503,0.00764889
344.569,0.00765282
344.636,0.00765668
344.703,0.0076529
344.769,0.00766849
344.836,0.00766084
344.902,0.00765698
344.969,0.00765691
345.036,0.00771094
345.102,0.00783829
345.169,0.00786122
345.235,0.00785736
345.302,0.00787606
345.369,0.00785662
345.435,0.00784489
345.502,0.00782181
345.568,0.00780251
345.635,0.00781031
345.702,0.00781817
345.768,0.0078299
345.835,0.00784148
345.901,0.00783762
345.968,0.0077565
346.035,0.00792304
346.101,0.00791911
346.168,0.00792297
346.235,0.00791124
346.301,0.00789187
346.368,0.00789581
346.434,0.00788007
346.501,0.00787614
346.568,0.00789165
346.634,0.00789172
346.701,0.00789566
346.767,0.00787651
346.834,0.00787636
346.901,0.00788022
346.967,0.00789187
347.034,0.00787644
347.1,0.00786872
347.167,0.00785721
347.234,0.00786107
347.3,0.00785721
347.367,0.00785736
347.433,0.00786122
347.5,0.00786122
347.567,0.00786508
347.633,0.00784193
347.7,0.00774062
347.767,0.00771375
347.833,0.00771761
347.9,0.00772533
347.966,0.00770997
348.033,0.0076906
348.1,0.0076906
348.166,0.00769067
348.233,0.00764814
348.299,0.00763278
348.366,0.00761356
348.433,0.00761764
348.499,0.00760592
348.566,0.00760206
348.632,0.00760985
348.699,0.00760978
348.766,0.00761764
348.832,0.00761371
348.899,0.00762521
348.965,0.0076408
349.032,0.00763308
349.099,0.00762529
349.165,0.00762922
349.232,0.00761735
349.299,0.00762128
349.365,0.00761015
349.432,0.00759865
349.498,0.00760266
349.565,0.00760266
349.632,0.00757148
349.698,0.00756755
349.765,0.00756777
349.831,0.0075795
349.898,0.0075795
349.965,0.00757557
350.031,0.00757572
350.098,0.00757572
350.164,0.012847
350.231,0.0230398
350.298,0.0282839
350.364,0.0391178
350.431,0.0476501
350.498,0.0523311
350.564,0.0602536
350.631,0.0647445
350.697,0.0652498
350.764,0.0667693
350.831,0.0677674
350.897,0.068128
350.964,0.0700287
351.03,0.0706151
351.097,0.0706689
351.164,0.0710035
351.23,0.0704589
351.297,0.0693508
351.363,0.0691154
351.43,0.0694933
351.497,0.0694197
351.563,0.0695045
351.63,0.0693269
351.696,0.0689716
351.763,0.0692184
351.83,0.0684582
351.896,0.0684003
351.963,0.0681997
352.03,0.067918
352.096,0.0675938
352.163,0.0659614
352.229,0.0684938
352.296,0.0730716
352.363,0.0829422
352.429,0.0928646
352.496,0.0988139
352.562,0.108343
352.629,0.111205
352.696,0.114423
352.762,0.120082
352.829,0.122988
352.895,0.123849
352.962,0.124544
353.029,0.125696
353.095,0.12617
353.162,0.126877
353.228,0.128336
353.295,0.129057
353.362,0.131291
353.428,0.131432
353.495,0.131566
353.562,0.131341
353.628,0.132055
353.695,0.13101
353.761,0.131118
353.828,0.131037
353.895,0.131196
353.961,0.130073
354.028,0.130447
354.094,0.130366
354.161,0.130332
354.228,0.129788
354.294,0.129236
354.361,0.130178
354.427,0.128882
354.494,0.128496
354.561,0.126697
354.627,0.124914
354.694,0.124204
354.76,0.122969
354.827,0.123839
354.894,0.125973
354.96,0.131494
355.027,0.139464
355.094,0.142266
355.16,0.145261
355.227,0.150237
355.293,0.151646
355.36,0.158542
355.427,0.15933
355.493,0.15878
355.56,0.158611
355.626,0.15824
355.693,0.158573
355.76,0.159121
355.826,0.159866
355.893,0.160063
355.959,0.161032
356.026,0.162315
356.093,0.162396
356.159,0.160763
356.226,0.159891
356.293,0.159825
356.359,0.161327
356.426,0.166889
356.492,0.17093
356.559,0.181371
356.626,0.192048
356.692,0.196411
356.759,0.205664
356.825,0.214002
356.892,0.217094
356.959,0.22188
357.025,0.22372
357.092,0.223941
357.158,0.224363
357.225,0.221598
357.292,0.221447
357.358,0.219877
357.425,0.219778
357.491,0.219726
357.558,0.215934
357.625,0.216583
357.691,0.217096
357.758,0.216117
357.825,0.21622
357.891,0.216496
357.958,0.215776
358.024,0.215796
358.091,0.215418
358.158,0.215738
358.224,0.215009
358.291,0.213894
358.357,0.213574
358.424,0.213061
358.491,0.213185
358.557,0.21371
358.624,0.212212
358.69,0.213326
358.757,0.218692
358.824,0.225107
358.89,0.228344
358.957,0.23484
359.023,0.240573
359.09,0.240517
359.157,0.245062
359.223,0.250258
359.29,0.252049
359.357,0.25769
359.423,0.261101
359.49,0.261404
359.556,0.261195
359.623,0.260897
359.69,0.260121
359.756,0.258589
359.823,0.258642
359.889,0.258497
359.956,0.257919
360.023,0.257989
360.089,0.257428
360.156,0.258076
360.222,0.259136
360.289,0.259918
360.356,0.260828
360.422,0.261521
360.489,0.26201
360.555,0.262103
360.622,0.263328
360.689,0.263946
360.755,0.264752
360.822,0.269618
360.889,0.271928
360.955,0.277049
361.022,0.284384
361.088,0.286351
361.155,0.288362
361.222,0.292362
361.288,0.293135
361.355,0.29443
361.421,0.295562
361.488,0.296351
361.555,0.297401
361.621,0.297874
361.688,0.297676
361.754,0.297011
361.821,0.297335
361.888,0.296809
361.954,0.297957
362.021,0.298756
362.088,0.29898
362.154,0.299019
362.221,0.30106
362.287,0.302019
362.354,0.304362
362.421,0.306205
362.487,0.307289
362.554,0.308888
362.62,0.310199
362.687,0.307932
362.754,0.309771
362.82,0.312227
362.887,0.313363
362.953,0.314793
363.02,0.316502
363.087,0.316631
363.153,0.316826
363.22,0.316853
363.286,0.316407
363.353,0.31607
363.42,0.316197
363.486,0.316673
363.553,0.317067
363.62,0.316739
363.686,0.3171
363.753,0.316484
363.819,0.3156
363.886,0.315217
363.953,0.313258
364.019,0.312267
364.086,0.311181
364.152,0.31059
364.219,0.308399
364.286,0.308704
364.352,0.30763
364.419,0.306903
364.485,0.306082
364.552,0.305593
364.619,0.304595
364.685,0.304941
364.752,0.304756
364.818,0.303269
364.885,0.303015
364.952,0.303072
365.018,0.303318
365.085,0.304208
365.152,0.305724
365.218,0.308064
365.285,0.30849
365.351,0.309966
365.418,0.312591
365.485,0.313796
365.551,0.317063
365.618,0.320823
365.684,0.322905
365.751,0.326157
365.818,0.329175
365.884,0.332088
365.951,0.336007
366.017,0.342984
366.084,0.343936
366.151,0.346444
366.217,0.348416
366.284,0.351496
366.35,0.354048
366.417,0.356799
366.484,0.360342
366.55,0.363834
366.617,0.367108
366.684,0.368003
366.75,0.370529
366.817,0.375772
366.883,0.37783
366.95,0.380104
367.017,0.382016
367.083,0.383732
367.15,0.38649
367.216,0.388076
367.283,0.3884
367.35,0.388787
367.416,0.389319
367.483,0.389656
367.549,0.389859
367.616,0.394558
367.683,0.400108
367.749,0.405227
367.816,0.41083
367.883,0.41332
367.949,0.420229
368.016,0.426415
368.082,0.429317
368.149,0.435085
368.216,0.454566
368.282,0.459427
368.349,0.470128
368.415,0.47941
368.482,0.484502
368.549,0.493218
368.615,0.500935
368.682,0.505327
368.748,0.51338
368.815,0.517647
368.882,0.520334
368.948,0.524066
369.015,0.527339
369.081,0.530756
369.148,0.532325
369.215,0.532741
369.281,0.534514
369.348,0.537483
369.415,0.539076
369.481,0.541134
369.548,0.540306
369.614,0.541494
369.681,0.542728
369.748,0.54342
369.814,0.54738
369.881,0.548569
369.947,0.548106
370.014,0.551216
370.081,0.553577
370.147,0.557274
370.214,0.562062
370.28,0.562966
370.347,0.56611
370.414,0.569934
370.48,0.572222
370.547,0.576096
370.613,0.579565
370.68,0.581313
370.747,0.585385
370.813,0.589318
370.88,0.590166
370.947,0.593802
371.013,0.593863
371.08,0.596722
371.146,0.598814
371.213,0.602234
371.28,0.602841
371.346,0.607858
371.413,0.612256
371.479,0.615277
371.546,0.618692
371.613,0.623029
371.679,0.625241
371.746,0.628735
371.812,0.630706
371.879,0.63261
371.946,0.633878
372.012,0.636892
372.079,0.636719
372.145,0.643784
372.212,0.646035
372.279,0.648481
372.345,0.650543
372.412,0.652662
372.479,0.653637
372.545,0.654841
372.612,0.655967
372.678,0.655794
372.745,0.65774
372.812,0.657762
372.878,0.658368
372.945,0.659383
373.011,0.660617
373.078,0.660167
373.145,0.660178
373.211,0.660576
373.278,0.660188
373.344,0.661327
373.411,0.664964
373.478,0.666848
373.544,0.668044
373.611,0.668128
373.678,0.668127
373.744,0.66831
373.811,0.668159
373.877,0.667627
373.944,0.667247
374.011,0.667291
374.077,0.665931
374.144,0.665155
374.21,0.663804
374.277,0.663121
374.344,0.664281
374.41,0.663592
374.477,0.663387
374.543,0.662601
374.61,0.662222
374.677,0.662516
374.743,0.662599
374.81,0.661807
374.876,0.660762
374.943,0.66052
375.01,0.659374
375.076,0.65887
375.143,0.65696
375.21,0.656416
375.276,0.656615
375.343,0.656378
375.409,0.656703
375.476,0.657556
375.543,0.657848
375.609,0.657799
375.676,0.658649
375.742,0.659372
375.809,0.659283
375.876,0.660829
375.942,0.6626
376.009,0.680966
376.075,0.68108
376.142,0.682453
376.209,0.682498
376.275,0.68266
376.342,0.683717
376.408,0.682913
376.475,0.681676
376.542,0.681823
376.608,0.680808
376.675,0.681252
376.742,0.681302
376.808,0.680874
376.875,0.68138
376.941,0.682521
377.008,0.683173
377.075,0.682752
377.141,0.683844
377.208,0.682893
377.274,0.683054
377.341,0.682728
377.408,0.681864
377.474,0.682877
377.541,0.682947
377.607,0.683142
377.674,0.692513
377.741,0.69183
377.807,0.692808
377.874,0.69265
377.94,0.694688
378.007,0.693712
378.074,0.693212
378.14,0.693618
378.207,0.693927
378.274,0.693228
378.34,0.695306
378.407,0.696474
378.473,0.69624
378.54,0.696727
378.607,0.697682
378.673,0.696966
378.74,0.697382
378.806,0.697036
378.873,0.697342
378.94,0.698007
379.006,0.69661
379.073,0.696747
379.139,0.696612
379.206,0.695858
379.273,0.694956
379.339,0.697695
379.406,0.697271
379.473,0.697486
379.539,0.697465
379.606,0.698487
379.672,0.698901
379.739,0.707401
379.806,0.711947
379.872,0.715478
379.939,0.721547
380.005,0.727394
380.072,0.729915
380.139,0.732351
380.205,0.734268
380.272,0.734707
380.338,0.739851
380.405,0.757766
380.472,0.762214
380.538,0.76699
380.605,0.772024
380.671,0.773149
380.738,0.775567
380.805,0.779926
380.871,0.781079
380.938,0.782515
381.005,0.798313
381.071,0.798066
381.138,0.798388
381.204,0.797914
381.271,0.798099
381.338,0.798365
381.404,0.79872
381.471,0.798999
381.537,0.798943
381.604,0.799133
381.671,0.799199
381.737,0.799869
381.804,0.799978
381.87,0.800101
381.937,0.800843
382.004,0.800727
382.07,0.800419
382.137,0.801152
