0,0
0.0666092,0.0652134
0.133218,0.0654884
0.199828,0.068347
0.266437,0.0749923
0.333046,0.0828613
0.399655,0.0863162
0.466264,0.089054
0.532873,0.0934875
0.599483,0.0942149
0.666092,0.0961004
0.732701,0.0976597
0.79931,0.0979285
0.865919,0.0990516
0.932529,0.100668
0.999138,0.100996
1.06575,0.101235
1.13236,0.101884
1.19897,0.102013
1.26557,0.101686
1.33218,0.100326
1.39879,0.10069
1.4654,0.101215
1.53201,0.101786
1.59862,0.102253
1.66523,0.105286
1.73184,0.108004
1.79845,0.109009
1.86506,0.111083
1.93167,0.112354
1.99828,0.112015
2.06488,0.111339
2.13149,0.11067
2.1981,0.111165
2.26471,0.111304
2.33132,0.111971
2.39793,0.112462
2.46454,0.111492
2.53115,0.111926
2.59776,0.112466
2.66437,0.11241
2.73098,0.11344
2.79759,0.113341
2.86419,0.113851
2.9308,0.11421
2.99741,0.11493
3.06402,0.114479
3.13063,0.115063
3.19724,0.115039
3.26385,0.115168
3.33046,0.115219
3.39707,0.115658
3.46368,0.116187
3.53029,0.116164
3.5969,0.116242
3.6635,0.116296
3.73011,0.116802
3.79672,0.117047
3.86333,0.117311
3.92994,0.117195
3.99655,0.117591
4.06316,0.118416
4.12977,0.119411
4.19638,0.119656
4.26299,0.119874
4.3296,0.120796
4.39621,0.121818
4.46282,0.122752
4.52942,0.123218
4.59603,0.123946
4.66264,0.122651
4.72925,0.123141
4.79586,0.124273
4.86247,0.124895
4.92908,0.12491
4.99569,0.124475
5.0623,0.123884
5.12891,0.122935
5.19552,0.122818
5.26213,0.122437
5.32873,0.123479
5.39534,0.123549
5.46195,0.123526
5.52856,0.126226
5.59517,0.129919
5.66178,0.137092
5.72839,0.144231
5.795,0.14763
5.86161,0.154747
5.92822,0.159349
5.99483,0.160518
6.06144,0.165262
6.12804,0.165487
6.19465,0.165509
6.26126,0.166111
6.32787,0.164014
6.39448,0.164511
6.46109,0.164473
6.5277,0.164674
6.59431,0.164676
6.66092,0.165108
6.72753,0.165574
6.79414,0.166029
6.86075,0.167283
6.92735,0.16731
6.99396,0.167633
7.06057,0.167285
7.12718,0.172823
7.19379,0.175235
7.2604,0.179418
7.32701,0.184675
7.39362,0.188051
7.46023,0.193138
7.52684,0.196796
7.59345,0.197384
7.66006,0.20034
7.72666,0.203702
7.79327,0.203997
7.85988,0.20355
7.92649,0.203804
7.9931,0.202227
8.05971,0.202913
8.12632,0.202515
8.19293,0.202911
8.25954,0.20328
8.32615,0.202916
8.39276,0.203708
8.45937,0.204071
8.52598,0.204297
8.59258,0.204613
8.65919,0.204497
8.7258,0.204917
8.79241,0.205147
8.85902,0.205436
8.92563,0.20525
8.99224,0.205768
9.05885,0.206275
9.12546,0.206229
9.19207,0.206511
9.25868,0.206913
9.32529,0.20667
9.39189,0.206974
9.4585,0.206293
9.52511,0.206344
9.59172,0.205963
9.65833,0.205601
9.72494,0.205905
9.79155,0.206539
9.85816,0.205508
9.92477,0.203949
9.99138,0.203533
10.058,0.202724
10.1246,0.201102
10.1912,0.200628
10.2578,0.199104
10.3244,0.197696
10.391,0.197035
10.4576,0.194811
10.5243,0.193819
10.5909,0.193434
10.6575,0.19273
10.7241,0.19231
10.7907,0.191851
10.8573,0.190731
10.9239,0.189152
10.9905,0.188522
11.0571,0.188168
11.1237,0.187465
11.1903,0.186873
11.257,0.186033
11.3236,0.18535
11.3902,0.185035
11.4568,0.18463
11.5234,0.183849
11.59,0.18388
11.6566,0.183378
11.7232,0.182628
11.7898,0.182402
11.8564,0.181924
11.923,0.181795
11.9897,0.18192
12.0563,0.182643
12.1229,0.181725
12.1895,0.18199
12.2561,0.182464
12.3227,0.182476
12.3893,0.181663
12.4559,0.181181
12.5225,0.180734
12.5891,0.180897
12.6557,0.180858
12.7224,0.18064
12.789,0.18045
12.8556,0.17989
12.9222,0.180209
12.9888,0.182444
13.0554,0.182401
13.122,0.182619
13.1886,0.182988
13.2552,0.18293
13.3218,0.182899
13.3884,0.183078
13.4551,0.183199
13.5217,0.183587
13.5883,0.184093
13.6549,0.18414
13.7215,0.183727
13.7881,0.183653
13.8547,0.183513
13.9213,0.183331
13.9879,0.183618
14.0545,0.184038
14.1211,0.184108
14.1878,0.183774
14.2544,0.183335
14.321,0.183226
14.3876,0.183004
14.4542,0.182728
14.5208,0.182627
14.5874,0.182674
14.654,0.182829
14.7206,0.182818
14.7872,0.182759
14.8538,0.182371
14.9205,0.182448
14.9871,0.182316
15.0537,0.182281
15.1203,0.182534
15.1869,0.18218
15.2535,0.182425
15.3201,0.182654
15.3867,0.182511
15.4533,0.182561
15.5199,0.183032
15.5865,0.183401
15.6532,0.183786
15.7198,0.18344
15.7864,0.183156
15.853,0.182437
15.9196,0.181157
15.9862,0.180465
16.0528,0.180325
16.1194,0.180726
16.186,0.180683
16.2526,0.18115
16.3192,0.179742
16.3859,0.180275
16.4525,0.180589
16.5191,0.180772
16.5857,0.180239
16.6523,0.179948
16.7189,0.179932
16.7855,0.179742
16.8521,0.179555
16.9187,0.179524
16.9853,0.179396
17.052,0.179672
17.1186,0.179792
17.1852,0.179777
17.2518,0.179812
17.3184,0.179687
17.385,0.180006
17.4516,0.179746
17.5182,0.179944
17.5848,0.180026
17.6514,0.180158
17.718,0.180115
17.7847,0.179925
17.8513,0.179835
17.9179,0.179862
17.9845,0.180053
18.0511,0.180131
18.1177,0.180139
18.1843,0.179901
18.2509,0.180072
18.3175,0.180275
18.3841,0.18015
18.4507,0.179594
18.5174,0.179026
18.584,0.178389
18.6506,0.178132
18.7172,0.17784
18.7838,0.177844
18.8504,0.177591
18.917,0.177864
18.9836,0.177751
19.0502,0.178004
19.1168,0.178148
19.1834,0.177976
19.2501,0.178004
19.3167,0.177549
19.3833,0.177541
19.4499,0.177494
19.5165,0.177459
19.5831,0.177479
19.6497,0.177327
19.7163,0.177607
19.7829,0.177669
19.8495,0.177673
19.9161,0.177552
19.9828,0.177494
20.0494,0.177665
20.116,0.177825
20.1826,0.177595
20.2492,0.177661
20.3158,0.17791
20.3824,0.178034
20.449,0.178233
20.5156,0.179038
20.5822,0.178878
20.6488,0.17861
20.7155,0.179979
20.7821,0.180126
20.8487,0.180321
20.9153,0.181149
20.9819,0.181488
21.0485,0.182024
21.1151,0.181876
21.1817,0.181577
21.2483,0.181204
21.3149,0.180236
21.3815,0.180632
21.4482,0.181107
21.5148,0.18134
21.5814,0.181515
21.648,0.181857
21.7146,0.181791
21.7812,0.181826
21.8478,0.181527
21.9144,0.181729
21.981,0.181663
22.0476,0.181931
22.1142,0.181744
22.1809,0.181694
22.2475,0.181694
22.3141,0.181418
22.3807,0.181363
22.4473,0.181297
22.5139,0.181395
22.5805,0.181702
22.6471,0.182617
22.7137,0.185122
22.7803,0.186532
22.8469,0.188345
22.9136,0.189819
22.9802,0.188685
23.0468,0.190242
23.1134,0.191121
23.18,0.191692
23.2466,0.191013
23.3132,0.190807
23.3798,0.190159
23.4464,0.189315
23.513,0.189118
23.5796,0.189132
23.6463,0.189242
23.7129,0.189464
23.7795,0.189357
23.8461,0.189416
23.9127,0.189061
23.9793,0.189395
24.0459,0.189508
24.1125,0.189535
24.1791,0.189923
24.2457,0.190147
24.3124,0.190313
24.379,0.190141
24.4456,0.18996
24.5122,0.18975
24.5788,0.189769
24.6454,0.190073
24.712,0.190167
24.7786,0.19017
24.8452,0.190513
24.9118,0.190073
24.9784,0.190206
25.0451,0.190128
25.1117,0.190011
25.1783,0.189961
25.2449,0.189416
25.3115,0.188895
25.3781,0.189027
25.4447,0.189105
25.5113,0.18823
25.5779,0.188114
25.6445,0.187732
25.7111,0.187596
25.7778,0.187639
25.8444,0.18718
25.911,0.186648
25.9776,0.187041
26.0442,0.186809
26.1108,0.187617
26.1774,0.187976
26.244,0.188729
26.3106,0.190544
26.3772,0.19083
26.4438,0.191367
26.5105,0.192215
26.5771,0.192577
26.6437,0.193051
26.7103,0.19392
26.7769,0.194294
26.8435,0.194731
26.9101,0.19565
26.9767,0.195826
27.0433,0.196523
27.1099,0.19753
27.1765,0.19797
27.2432,0.199007
27.3098,0.200337
27.3764,0.201969
27.443,0.204242
27.5096,0.206834
27.5762,0.20826
27.6428,0.211227
27.7094,0.213859
27.776,0.215378
27.8426,0.218126
27.9092,0.219684
27.9759,0.217531
28.0425,0.219741
28.1091,0.22139
28.1757,0.222606
28.2423,0.225112
28.3089,0.227871
28.3755,0.228629
28.4421,0.230799
28.5087,0.232391
28.5753,0.233555
28.6419,0.236192
28.7086,0.23862
28.7752,0.239491
28.8418,0.242308
28.9084,0.244342
28.975,0.24563
29.0416,0.248209
29.1082,0.250181
29.1748,0.250665
29.2414,0.25296
29.308,0.255035
29.3746,0.256013
29.4413,0.258587
29.5079,0.260347
29.5745,0.260989
29.6411,0.260641
29.7077,0.263055
29.7743,0.264802
29.8409,0.267054
29.9075,0.269644
29.9741,0.270141
30.0407,0.271829
30.1073,0.273606
30.174,0.274026
30.2406,0.274911
30.3072,0.276076
30.3738,0.276229
30.4404,0.277014
30.507,0.27759
30.5736,0.278038
30.6402,0.278647
30.7068,0.279449
30.7734,0.27967
30.8401,0.28078
30.9067,0.2809
30.9733,0.281304
31.0399,0.281336
31.1065,0.281544
31.1731,0.281485
31.2397,0.282064
31.3063,0.285891
31.3729,0.285925
31.4395,0.286029
31.5061,0.285823
31.5728,0.285834
31.6394,0.286103
31.706,0.286097
31.7726,0.285419
31.8392,0.28572
31.9058,0.285645
31.9724,0.285283
32.039,0.285788
32.1056,0.285228
32.1722,0.284923
32.2388,0.285409
32.3055,0.285329
32.3721,0.285359
32.4387,0.285557
32.5053,0.285264
32.5719,0.28492
32.6385,0.284319
32.7051,0.284522
32.7717,0.284127
32.8383,0.284547
32.9049,0.284077
32.9715,0.282629
33.0382,0.282647
33.1048,0.283052
33.1714,0.282834
33.238,0.286714
33.3046,0.292596
33.3712,0.295229
33.4378,0.301805
33.5044,0.308027
33.571,0.311388
33.6376,0.315391
33.7042,0.3211
33.7709,0.323828
33.8375,0.330538
33.9041,0.337181
33.9707,0.339978
34.0373,0.342336
34.1039,0.344757
34.1705,0.345809
34.2371,0.348017
34.3037,0.348821
34.3703,0.349534
34.4369,0.352784
34.5036,0.354096
34.5702,0.355298
34.6368,0.364346
34.7034,0.36686
34.77,0.368373
34.8366,0.36879
34.9032,0.370187
34.9698,0.372028
35.0364,0.373126
35.103,0.373415
35.1696,0.373756
35.2363,0.375814
35.3029,0.3764
35.3695,0.376913
35.4361,0.378341
35.5027,0.378365
35.5693,0.379492
35.6359,0.380237
35.7025,0.380702
35.7691,0.380684
35.8357,0.380997
35.9023,0.382056
35.969,0.382039
36.0356,0.380816
36.1022,0.381754
36.1688,0.382422
36.2354,0.381607
36.302,0.380449
36.3686,0.380687
36.4352,0.379419
36.5018,0.377859
36.5684,0.377788
36.635,0.376197
36.7017,0.374329
36.7683,0.373769
36.8349,0.372692
36.9015,0.37158
36.9681,0.370113
37.0347,0.369869
37.1013,0.36939
37.1679,0.369021
37.2345,0.367717
37.3011,0.36741
37.3678,0.36654
37.4344,0.365496
37.501,0.365276
37.5676,0.363581
37.6342,0.362543
37.7008,0.362379
37.7674,0.362115
37.834,0.362424
37.9006,0.365487
37.9672,0.368875
38.0338,0.372283
38.1005,0.3749
38.1671,0.376298
38.2337,0.37954
38.3003,0.383452
38.3669,0.385246
38.4335,0.388225
38.5001,0.391991
38.5667,0.394233
38.6333,0.398237
38.6999,0.402646
38.7665,0.404571
38.8332,0.40742
38.8998,0.410922
38.9664,0.412737
39.033,0.41591
39.0996,0.419048
39.1662,0.420675
39.2328,0.423975
39.2994,0.426737
39.366,0.427968
39.4326,0.430387
39.4992,0.435608
39.5659,0.437629
39.6325,0.447912
39.6991,0.453584
39.7657,0.456158
39.8323,0.458983
39.8989,0.463652
39.9655,0.466873
40.0321,0.47115
40.0987,0.475122
40.1653,0.47758
40.2319,0.480537
40.2986,0.484177
40.3652,0.486905
40.4318,0.496884
40.4984,0.505792
40.565,0.509764
40.6316,0.515545
40.6982,0.520256
40.7648,0.521904
40.8314,0.524224
40.898,0.527228
40.9646,0.528655
41.0313,0.53115
41.0979,0.534115
41.1645,0.535808
41.2311,0.538571
41.2977,0.549399
41.3643,0.549898
41.4309,0.551907
41.4975,0.553087
41.5641,0.554134
41.6307,0.554969
41.6973,0.55636
41.764,0.556364
41.8306,0.557469
41.8972,0.559901
41.9638,0.561653
42.0304,0.563782
42.097,0.566038
42.1636,0.566794
42.2302,0.56785
42.2968,0.567755
42.3634,0.568309
42.43,0.568176
42.4967,0.567972
42.5633,0.567938
42.6299,0.566556
42.6965,0.565227
42.7631,0.564228
42.8297,0.563062
42.8963,0.564662
42.9629,0.566131
43.0295,0.567815
43.0961,0.56857
43.1627,0.569518
43.2294,0.569923
43.296,0.571867
43.3626,0.572315
43.4292,0.572369
43.4958,0.572597
43.5624,0.573066
43.629,0.572828
43.6956,0.572172
43.7622,0.571839
43.8288,0.571645
43.8954,0.571608
43.9621,0.571942
44.0287,0.571945
44.0953,0.572243
44.1619,0.572798
44.2285,0.573577
44.2951,0.574653
44.3617,0.574367
44.4283,0.575555
44.4949,0.576068
44.5615,0.576181
44.6282,0.573961
44.6948,0.575146
44.7614,0.57655
44.828,0.57783
44.8946,0.57911
44.9612,0.579491
45.0278,0.579767
45.0944,0.580969
45.161,0.581178
45.2276,0.582568
45.2942,0.583175
45.3609,0.58443
45.4275,0.58541
45.4941,0.586906
45.5607,0.587465
45.6273,0.587736
45.6939,0.588353
45.7605,0.588826
45.8271,0.589867
45.8937,0.591278
45.9603,0.591601
46.0269,0.592635
46.0936,0.593689
46.1602,0.593854
46.2268,0.594564
46.2934,0.597372
46.36,0.59749
46.4266,0.597579
46.4932,0.598278
46.5598,0.598396
46.6264,0.598659
46.693,0.599623
46.7596,0.599533
46.8263,0.599881
46.8929,0.600573
46.9595,0.600731
47.0261,0.600624
47.0927,0.600903
47.1593,0.600956
47.2259,0.60148
47.2925,0.60166
47.3591,0.602192
47.4257,0.6026
47.4923,0.603217
47.559,0.603339
47.6256,0.603331
47.6922,0.603627
47.7588,0.603323
47.8254,0.603688
47.892,0.603679
47.9586,0.603647
48.0252,0.604336
48.0918,0.60451
48.1584,0.60427
48.225,0.604322
48.2917,0.60431
48.3583,0.604425
48.4249,0.604258
48.4915,0.603872
48.5581,0.603907
48.6247,0.604111
48.6913,0.604054
48.7579,0.603992
48.8245,0.603836
48.8911,0.603513
48.9577,0.603316
49.0244,0.602931
49.091,0.602539
49.1576,0.60336
49.2242,0.603282
49.2908,0.603341
49.3574,0.603158
49.424,0.602505
49.4906,0.602354
49.5572,0.602658
49.6238,0.60696
49.6904,0.606992
49.7571,0.607283
49.8237,0.607252
49.8903,0.607099
49.9569,0.606839
50.0235,0.607094
50.0901,0.60713
50.1567,0.607075
50.2233,0.606978
50.2899,0.606744
50.3565,0.6066
50.4231,0.606121
50.4898,0.606518
50.5564,0.606226
50.623,0.606533
50.6896,0.60651
50.7562,0.606182
50.8228,0.605812
50.8894,0.605223
50.956,0.604965
51.0226,0.604191
51.0892,0.604728
51.1559,0.604847
51.2225,0.604622
51.2891,0.607756
51.3557,0.607913
51.4223,0.607662
51.4889,0.607609
51.5555,0.607281
51.6221,0.607814
51.6887,0.607654
51.7553,0.607655
51.8219,0.607701
51.8886,0.608358
51.9552,0.608241
52.0218,0.608229
52.0884,0.60915
52.155,0.608955
52.2216,0.608691
52.2882,0.609254
52.3548,0.610467
52.4214,0.61297
52.488,0.614893
52.5546,0.615466
52.6213,0.619486
52.6879,0.622954
52.7545,0.62436
52.8211,0.627278
52.8877,0.628647
52.9543,0.629236
53.0209,0.631037
53.0875,0.633346
53.1541,0.634093
53.2207,0.635611
53.2873,0.635306
53.354,0.634396
53.4206,0.633083
53.4872,0.633707
53.5538,0.633843
53.6204,0.634287
53.687,0.634112
53.7536,0.634039
53.8202,0.63359
53.8868,0.633297
53.9534,0.633148
54.02,0.633327
54.0867,0.633328
54.1533,0.633721
54.2199,0.634588
54.2865,0.635474
54.3531,0.636615
54.4197,0.636894
54.4863,0.637703
54.5529,0.638403
54.6195,0.642609
54.6861,0.641825
54.7527,0.641254
54.8194,0.641961
54.886,0.643039
54.9526,0.643653
55.0192,0.644835
55.0858,0.645738
55.1524,0.646706
55.219,0.646955
55.2856,0.647981
55.3522,0.649246
55.4188,0.64966
55.4854,0.649348
55.5521,0.649589
55.6187,0.648986
55.6853,0.648618
55.7519,0.64903
55.8185,0.649335
55.8851,0.649685
55.9517,0.65002
56.0183,0.650471
56.0849,0.651101
56.1515,0.651443
56.2181,0.651599
56.2848,0.655052
56.3514,0.65501
56.418,0.655325
56.4846,0.655687
56.5512,0.655201
56.6178,0.654966
56.6844,0.655292
56.751,0.655005
56.8176,0.654766
56.8842,0.654708
56.9508,0.654866
57.0175,0.654457
57.0841,0.65407
57.1507,0.653824
57.2173,0.653487
57.2839,0.65353
57.3505,0.653144
57.4171,0.653066
57.4837,0.653206
57.5503,0.653171
57.6169,0.653237
57.6836,0.652755
57.7502,0.652587
57.8168,0.652591
57.8834,0.652244
57.95,0.653969
58.0166,0.653632
58.0832,0.653694
58.1498,0.653869
58.2164,0.653234
58.283,0.653437
58.3496,0.653425
58.4163,0.65346
58.4829,0.653052
58.5495,0.653098
58.6161,0.651379
58.6827,0.651157
58.7493,0.651242
58.8159,0.651009
58.8825,0.650904
58.9491,0.650994
59.0157,0.651308
59.0823,0.651445
59.149,0.651523
59.2156,0.651784
59.2822,0.651749
59.3488,0.652069
59.4154,0.652057
59.482,0.651897
59.5486,0.651816
59.6152,0.651983
59.6818,0.652563
59.7484,0.652314
59.815,0.652691
59.8817,0.652594
59.9483,0.652493
60.0149,0.652772
60.0815,0.652492
60.1481,0.652437
60.2147,0.652418
60.2813,0.65391
60.3479,0.65374
60.4145,0.654133
60.4811,0.654117
60.5477,0.653806
60.6144,0.653507
60.681,0.653635
60.7476,0.653113
60.8142,0.652522
60.8808,0.652192
60.9474,0.652079
61.014,0.651742
61.0806,0.650539
61.1472,0.649827
61.2138,0.649131
61.2804,0.648746
61.3471,0.648838
61.4137,0.648994
61.4803,0.649306
61.5469,0.649181
61.6135,0.649224
61.6801,0.649388
61.7467,0.649419
61.8133,0.649571
61.8799,0.65029
61.9465,0.650481
62.0131,0.651462
62.0798,0.651251
62.1464,0.651287
62.213,0.651061
62.2796,0.652418
62.3462,0.653025
62.4128,0.653893
62.4794,0.654791
62.546,0.655584
62.6126,0.656226
62.6792,0.654783
62.7458,0.65523
62.8125,0.655591
62.8791,0.655802
62.9457,0.655538
63.0123,0.65537
63.0789,0.655533
63.1455,0.655612
63.2121,0.655946
63.2787,0.655701
63.3453,0.655732
63.4119,0.656064
63.4785,0.656196
63.5452,0.656204
63.6118,0.657839
63.6784,0.657567
63.745,0.657443
63.8116,0.656697
63.8782,0.656734
63.9448,0.657095
64.0114,0.656744
64.078,0.656705
64.1446,0.65663
64.2112,0.65658
64.2779,0.656677
64.3445,0.656782
64.4111,0.656572
64.4777,0.656304
64.5443,0.656464
64.6109,0.657032
64.6775,0.657587
64.7441,0.657782
64.8107,0.658027
64.8773,0.658478
64.944,0.658038
65.0106,0.657727
65.0772,0.657758
65.1438,0.657385
65.2104,0.657385
65.277,0.65483
65.3436,0.654383
65.4102,0.654006
65.4768,0.653987
65.5434,0.653929
65.61,0.653956
65.6767,0.654151
65.7433,0.65333
65.8099,0.65336
65.8765,0.653131
65.9431,0.65229
66.0097,0.652169
66.0763,0.6516
66.1429,0.651297
66.2095,0.651457
66.2761,0.651559
66.3427,0.651501
66.4094,0.65147
66.476,0.651489
66.5426,0.651867
66.6092,0.652675
66.6758,0.653527
66.7424,0.653445
66.809,0.653589
66.8756,0.653647
66.9422,0.653532
67.0088,0.653292
67.0754,0.653047
67.1421,0.652996
67.2087,0.653124
67.2753,0.653035
67.3419,0.651789
67.4085,0.6513
67.4751,0.651595
67.5417,0.651304
67.6083,0.651996
67.6749,0.652144
67.7415,0.651919
67.8081,0.651836
67.8748,0.453008
67.9414,0.65147
68.008,0.651326
68.0746,0.650855
68.1412,0.650872
68.2078,0.650712
68.2744,0.650499
68.341,0.650498
68.4076,0.650273
68.4742,0.650226
68.5408,0.649985
68.6075,0.65023
68.6741,0.650071
68.7407,0.649483
68.8073,0.649064
68.8739,0.648885
68.9405,0.648562
69.0071,0.647654
69.0737,0.647266
69.1403,0.647114
69.2069,0.646562
69.2735,0.646659
69.3402,0.646068
69.4068,0.646417
69.4734,0.646724
69.54,0.647129
69.6066,0.647125
69.6732,0.646981
69.7398,0.647315
69.8064,0.647479
69.873,0.646992
69.9396,0.64704
70.0062,0.646433
70.0729,0.64602
70.1395,0.645741
70.2061,0.646044
70.2727,0.645803
70.3393,0.645873
70.4059,0.645313
70.4725,0.645643
70.5391,0.645764
70.6057,0.645997
70.6723,0.644371
70.7389,0.644399
70.8056,0.643744
70.8722,0.643164
70.9388,0.643277
71.0054,0.642857
71.072,0.642872
71.1386,0.642316
71.2052,0.642001
71.2718,0.642195
71.3384,0.642432
71.405,0.642732
71.4717,0.641919
71.5383,0.641791
71.6049,0.642289
71.6715,0.642083
71.7381,0.64241
71.8047,0.642418
71.8713,0.642515
71.9379,0.642375
72.0045,0.642783
72.0711,0.643126
72.1377,0.643312
72.2044,0.643289
72.271,0.643565
72.3376,0.651597
72.4042,0.651773
72.4708,0.651279
72.5374,0.651594
72.604,0.651298
72.6706,0.651687
72.7372,0.651247
72.8038,0.651096
72.8704,0.650749
72.9371,0.650419
73.0037,0.650131
73.0703,0.649746
73.1369,0.650135
73.2035,0.650131
73.2701,0.649867
73.3367,0.649358
73.4033,0.649291
73.4699,0.649245
73.5365,0.649027
73.6031,0.648444
73.6698,0.64739
73.7364,0.647998
73.803,0.647742
73.8696,0.648107
73.9362,0.647885
74.0028,0.649107
74.0694,0.648151
74.136,0.647629
74.2026,0.647142
74.2692,0.647088
74.3358,0.646835
74.4025,0.646548
74.4691,0.64656
74.5357,0.645786
74.6023,0.646695
74.6689,0.646964
74.7355,0.647061
74.8021,0.646408
74.8687,0.64649
74.9353,0.64568
75.0019,0.64663
75.0685,0.646521
75.1352,0.647547
75.2018,0.647913
75.2684,0.649487
75.335,0.650797
75.4016,0.649852
75.4682,0.649848
75.5348,0.650146
75.6014,0.649499
75.668,0.651205
75.7346,0.651563
75.8012,0.651459
75.8679,0.651234
75.9345,0.651084
76.0011,0.650756
76.0677,0.650304
76.1343,0.649969
76.2009,0.649773
76.2675,0.649477
76.3341,0.650202
76.4007,0.649883
76.4673,0.649837
76.5339,0.649109
76.6006,0.649393
76.6672,0.648424
76.7338,0.648063
76.8004,0.647052
76.867,0.64676
76.9336,0.645604
77.0002,0.64548
77.0668,0.645663
77.1334,0.646094
77.2,0.646865
77.2666,0.647441
77.3333,0.646805
77.3999,0.646206
77.4665,0.646505
77.5331,0.646338
77.5997,0.645734
77.6663,0.645529
77.7329,0.644879
77.7995,0.645283
77.8661,0.644413
77.9327,0.645221
77.9994,0.645443
78.066,0.645039
78.1326,0.644825
78.1992,0.644794
78.2658,0.644759
78.3324,0.644343
78.399,0.64435
78.4656,0.644514
78.5322,0.643899
78.5988,0.644118
78.6654,0.644312
78.7321,0.644347
78.7987,0.644677
78.8653,0.645194
78.9319,0.64549
78.9985,0.652199
79.0651,0.652349
79.1317,0.652208
79.1983,0.652406
79.2649,0.651869
79.3315,0.652322
79.3981,0.652521
79.4648,0.653108
79.5314,0.653434
79.598,0.653878
79.6646,0.654181
79.7312,0.654756
79.7978,0.655413
79.8644,0.655931
79.931,0.65632
79.9976,0.656434
80.0642,0.656645
80.1308,0.656206
80.1975,0.656249
80.2641,0.655914
80.3307,0.655697
80.3973,0.655771
80.4639,0.656039
80.5305,0.656253
80.5971,0.656435
80.6637,0.658701
80.7303,0.658445
80.7969,0.658084
80.8635,0.657656
80.9302,0.657979
80.9968,0.657415
81.0634,0.656707
81.13,0.656773
81.1966,0.656439
81.2632,0.656529
81.3298,0.6561
81.3964,0.656408
81.463,0.656494
81.5296,0.656401
81.5962,0.656704
81.6629,0.656506
81.7295,0.657073
81.7961,0.656805
81.8627,0.657201
81.9293,0.657633
81.9959,0.658256
82.0625,0.65875
82.1291,0.65824
82.1957,0.658637
82.2623,0.658633
82.3289,0.660437
82.3956,0.659773
82.4622,0.660485
82.5288,0.660422
82.5954,0.660776
82.662,0.661332
82.7286,0.661729
82.7952,0.662347
82.8618,0.662881
82.9284,0.663425
82.995,0.663721
83.0616,0.663756
83.1283,0.663091
83.1949,0.662791
83.2615,0.662461
83.3281,0.661845
83.3947,0.661107
83.4613,0.661227
83.5279,0.661671
83.5945,0.661534
83.6611,0.661115
83.7277,0.660533
83.7943,0.66093
83.861,0.660822
83.9276,0.660635
83.9942,0.658307
84.0608,0.658771
84.1274,0.658685
84.194,0.659124
84.2606,0.659121
84.3272,0.658965
84.3938,0.65827
84.4604,0.657982
84.527,0.658142
84.5937,0.658107
84.6603,0.657723
84.7269,0.657314
84.7935,0.656735
84.8601,0.65743
84.9267,0.657688
84.9933,0.658026
85.0599,0.658303
85.1265,0.658778
85.1931,0.657735
85.2598,0.657506
85.3264,0.656899
85.393,0.656222
85.4596,0.656727
85.5262,0.656886
85.5928,0.656843
85.6594,0.658073
85.726,0.658231
85.7926,0.65843
85.8592,0.658336
85.9258,0.658301
85.9925,0.658164
86.0591,0.657868
86.1257,0.656961
86.1923,0.656653
86.2589,0.656563
86.3255,0.655816
86.3921,0.655711
86.4587,0.655222
86.5253,0.654709
86.5919,0.655117
86.6585,0.655198
86.7252,0.654454
86.7918,0.653887
86.8584,0.653794
86.925,0.653085
86.9916,0.652996
87.0582,0.65284
87.1248,0.653175
87.1914,0.653287
87.258,0.653458
87.3246,0.654533
87.3912,0.654363
87.4579,0.653717
87.5245,0.653784
87.5911,0.652504
87.6577,0.652084
87.7243,0.65203
87.7909,0.652011
87.8575,0.651899
87.9241,0.651989
87.9907,0.651611
88.0573,0.651382
88.1239,0.65139
88.1906,0.650909
88.2572,0.651115
88.3238,0.651058
88.3904,0.651218
88.457,0.651152
88.5236,0.650747
88.5902,0.650685
88.6568,0.650273
88.7234,0.650673
88.79,0.651646
88.8566,0.651215
88.9233,0.650624
88.9899,0.650602
89.0565,0.650765
89.1231,0.650587
89.1897,0.650131
89.2563,0.649995
89.3229,0.650138
89.3895,0.649788
89.4561,0.649738
89.5227,0.649299
89.5893,0.649536
89.656,0.649271
89.7226,0.649694
89.7892,0.650052
89.8558,0.649998
89.9224,0.650056
89.989,0.650114
90.0556,0.650631
90.1222,0.650697
90.1888,0.650895
90.2554,0.651206
90.322,0.651492
90.3887,0.651958
90.4553,0.651984
90.5219,0.652335
90.5885,0.652844
90.6551,0.653972
90.7217,0.654715
90.7883,0.654936
90.8549,0.654801
90.9215,0.655115
90.9881,0.65549
91.0547,0.655661
91.1214,0.656267
91.188,0.65729
91.2546,0.657836
91.3212,0.658377
91.3878,0.658623
91.4544,0.659079
91.521,0.658861
91.5876,0.659071
91.6542,0.658744
91.7208,0.659304
91.7875,0.659402
91.8541,0.659272
91.9207,0.659101
91.9873,0.659152
92.0539,0.658891
92.1205,0.658966
92.1871,0.658713
92.2537,0.658515
92.3203,0.660184
92.3869,0.659806
92.4535,0.659753
92.5202,0.659628
92.5868,0.659858
92.6534,0.659461
92.72,0.658946
92.7866,0.659001
92.8532,0.658553
92.9198,0.657972
92.9864,0.65824
93.053,0.656447
93.1196,0.655902
93.1862,0.65552
93.2529,0.655547
93.3195,0.655512
93.3861,0.655379
93.4527,0.655305
93.5193,0.655418
93.5859,0.655099
93.6525,0.654916
93.7191,0.654422
93.7857,0.654959
93.8523,0.655247
93.9189,0.655068
93.9856,0.652229
94.0522,0.652353
94.1188,0.652603
94.1854,0.65221
94.252,0.652303
94.3186,0.652248
94.3852,0.653472
94.4518,0.653465
94.5184,0.65343
94.585,0.65415
94.6516,0.654232
94.7183,0.655096
94.7849,0.655971
94.8515,0.656272
94.9181,0.657944
94.9847,0.658892
95.0513,0.6592
95.1179,0.661992
95.1845,0.663684
95.2511,0.664356
95.3177,0.667204
95.3843,0.668639
95.451,0.670136
95.5176,0.67231
95.5842,0.673613
95.6508,0.678842
95.7174,0.680134
95.784,0.68137
95.8506,0.681423
95.9172,0.683574
95.9838,0.685159
96.0504,0.685417
96.117,0.68721
96.1837,0.688781
96.2503,0.688968
96.3169,0.690849
96.3835,0.69342
96.4501,0.694341
96.5167,0.695395
96.5833,0.697145
96.6499,0.698312
96.7165,0.700758
96.7831,0.702403
96.8497,0.704386
96.9164,0.705953
96.983,0.709584
97.0496,0.70953
97.1162,0.711353
97.1828,0.713742
97.2494,0.715677
97.316,0.715018
97.3826,0.716972
97.4492,0.71854
97.5158,0.720108
97.5824,0.723033
97.6491,0.723764
97.7157,0.725263
97.7823,0.727705
97.8489,0.728413
97.9155,0.72867
97.9821,0.730482
98.0487,0.732
98.1153,0.731727
98.1819,0.733609
98.2485,0.73308
98.3152,0.736273
98.3818,0.73579
98.4484,0.736364
98.515,0.73571
98.5816,0.738195
98.6482,0.738058
98.7148,0.739151
98.7814,0.740809
98.848,0.743466
98.9146,0.745948
98.9812,0.743683
99.0479,0.743256
99.1145,0.746459
99.1811,0.745942
99.2477,0.745662
99.3143,0.74865
99.3809,0.748984
99.4475,0.74805
99.5141,0.750297
99.5807,0.749152
99.6473,0.74974
99.7139,0.750328
99.7806,0.75459
99.8472,0.75496
99.9138,0.757367
99.9804,0.757937
100.047,0.756986
100.114,0.75588
100.18,0.750892
100.247,0.751788
100.313,0.750778
100.38,0.753112
100.447,0.751325
100.513,0.758445
100.58,0.755956
100.646,0.757183
100.713,0.756412
100.78,0.76127
100.846,0.763752
100.913,0.763453
100.98,0.741553
101.046,0.740417
101.113,0.735167
101.179,0.732887
101.246,0.727711
101.313,0.723137
101.379,0.684752
101.446,0.683575
101.512,0.674936
101.579,0.669992
101.646,0.668136
101.712,0.663181
101.779,0.664429
101.845,0.660774
101.912,0.662363
101.979,0.660637
102.045,0.658407
102.112,0.659197
102.178,0.657508
102.245,0.660364
102.312,0.650937
102.378,0.652162
102.445,0.651511
102.512,0.650347
102.578,0.652245
102.645,0.65249
102.711,0.653482
102.778,0.656783
102.845,0.658627
102.911,0.660902
102.978,0.661993
103.044,0.661135
103.111,0.663802
103.178,0.66075
103.244,0.620184
103.311,0.613232
103.377,0.608886
103.444,0.606428
103.511,0.600423
103.577,0.5993
103.644,0.598375
103.71,0.595427
103.777,0.59355
103.844,0.593586
103.91,0.5896
103.977,0.581279
104.044,0.581611
104.11,0.579861
104.177,0.575132
104.243,0.573948
104.31,0.573547
104.377,0.573749
104.443,0.573265
104.51,0.574099
104.576,0.573036
104.643,0.57185
104.71,0.57295
104.776,0.573744
104.843,0.575394
104.909,0.578501
104.976,0.578017
105.043,0.579306
105.109,0.582298
105.176,0.589265
105.243,0.592063
105.309,0.59333
105.376,0.595614
105.442,0.596442
105.509,0.5965
105.576,0.597283
105.642,0.59725
105.709,0.594813
105.775,0.594479
105.842,0.59454
105.909,0.596378
105.975,0.595365
106.042,0.595171
106.108,0.597018
106.175,0.595788
106.242,0.597318
106.308,0.597012
106.375,0.598779
106.441,0.598316
106.508,0.599323
106.575,0.599266
106.641,0.601705
106.708,0.602321
106.775,0.60346
106.841,0.601306
106.908,0.601145
106.974,0.60308
107.041,0.606578
107.108,0.606945
107.174,0.60152
107.241,0.601581
107.307,0.596323
107.374,0.594528
107.441,0.592182
107.507,0.585332
107.574,0.573139
107.64,0.570626
107.707,0.566193
107.774,0.560076
107.84,0.56103
107.907,0.55655
107.973,0.549228
108.04,0.549526
108.107,0.548718
108.173,0.549185
108.24,0.54962
108.307,0.550602
108.373,0.550627
108.44,0.5516
108.506,0.553371
108.573,0.556306
108.64,0.560598
108.706,0.565893
108.773,0.570842
108.839,0.570578
108.906,0.567865
108.973,0.560876
109.039,0.563038
109.106,0.565187
109.172,0.564312
109.239,0.5611
109.306,0.555775
109.372,0.555897
109.439,0.554081
109.505,0.550818
109.572,0.54865
109.639,0.546553
109.705,0.546198
109.772,0.541243
109.839,0.540681
109.905,0.539653
109.972,0.541694
110.038,0.541087
110.105,0.541947
110.172,0.545304
110.238,0.548332
110.305,0.550138
110.371,0.550788
110.438,0.551727
110.505,0.555114
110.571,0.555109
110.638,0.548961
110.704,0.553915
110.771,0.554669
110.838,0.554454
110.904,0.55534
110.971,0.554019
111.038,0.553052
111.104,0.552218
111.171,0.548885
111.237,0.549365
111.304,0.547096
111.371,0.542488
111.437,0.540103
111.504,0.533992
111.57,0.522273
111.637,0.521732
111.704,0.51697
111.77,0.512516
111.837,0.510736
111.903,0.511176
111.97,0.508235
112.037,0.50815
112.103,0.504441
112.17,0.500752
112.236,0.499899
112.303,0.491994
112.37,0.489509
112.436,0.486944
112.503,0.492361
112.57,0.49209
112.636,0.494818
112.703,0.502939
112.769,0.51097
112.836,0.515145
112.903,0.522177
112.969,0.529627
113.036,0.534654
113.102,0.54266
113.169,0.549075
113.236,0.553254
113.302,0.558701
113.369,0.562664
113.435,0.562001
113.502,0.568122
113.569,0.571759
113.635,0.570026
113.702,0.568069
113.768,0.563904
113.835,0.563303
113.902,0.556886
113.968,0.552733
114.035,0.554287
114.102,0.551953
114.168,0.552578
114.235,0.552984
114.301,0.543915
114.368,0.541693
114.435,0.540096
114.501,0.537462
114.568,0.534405
114.634,0.538216
114.701,0.530161
114.768,0.525744
114.834,0.524089
114.901,0.52301
114.967,0.528171
115.034,0.5313
115.101,0.529739
115.167,0.529047
115.234,0.531033
115.3,0.505048
115.367,0.48635
115.434,0.48286
115.5,0.465358
115.567,0.467126
115.634,0.445883
115.7,0.445069
115.767,0.424915
115.833,0.420515
115.9,0.414341
115.967,0.394719
116.033,0.389912
116.1,0.384913
116.166,0.36909
116.233,0.365341
116.3,0.359921
116.366,0.355048
116.433,0.342911
116.499,0.33742
116.566,0.335761
116.633,0.333262
116.699,0.332521
116.766,0.329341
116.833,0.326634
116.899,0.32842
116.966,0.328947
117.032,0.327456
117.099,0.327831
117.166,0.327418
117.232,0.326887
117.299,0.323757
117.365,0.322775
117.432,0.321099
117.499,0.318095
117.565,0.317486
117.632,0.318191
117.698,0.322731
117.765,0.323816
117.832,0.32397
117.898,0.325028
117.965,0.32478
118.031,0.33103
118.098,0.33121
118.165,0.329141
118.231,0.326816
118.298,0.327617
118.365,0.322903
118.431,0.321003
118.498,0.318475
118.564,0.314737
118.631,0.315885
118.698,0.313145
118.764,0.308376
118.831,0.308046
118.897,0.301411
118.964,0.299099
119.031,0.296737
119.097,0.289291
119.164,0.283398
119.23,0.280527
119.297,0.274223
119.364,0.271205
119.43,0.268502
119.497,0.264625
119.563,0.256878
119.63,0.254059
119.697,0.248039
119.763,0.243972
119.83,0.244349
119.897,0.242132
119.963,0.242655
120.03,0.241292
120.096,0.242053
120.163,0.24242
120.23,0.240044
120.296,0.240425
120.363,0.240059
120.429,0.242269
120.496,0.242641
120.563,0.240963
120.629,0.239332
120.696,0.238179
120.762,0.236298
120.829,0.235312
120.896,0.232968
120.962,0.227174
121.029,0.225525
121.095,0.227439
121.162,0.232022
121.229,0.233057
121.295,0.237938
121.362,0.243338
121.429,0.246167
121.495,0.249131
121.562,0.254199
121.628,0.254088
121.695,0.254569
121.762,0.256101
121.828,0.257764
121.895,0.257569
121.961,0.254529
122.028,0.252066
122.095,0.248603
122.161,0.243294
122.228,0.241229
122.294,0.235262
122.361,0.230037
122.428,0.22754
122.494,0.222139
122.561,0.219231
122.628,0.217502
122.694,0.213315
122.761,0.209399
122.827,0.206487
122.894,0.201657
122.961,0.196497
123.027,0.194123
123.094,0.190081
123.16,0.185956
123.227,0.184458
123.294,0.178465
123.36,0.17224
123.427,0.169673
123.493,0.164391
123.56,0.163136
123.627,0.162965
123.693,0.164511
123.76,0.167516
123.826,0.167636
123.893,0.169689
123.96,0.167389
124.026,0.167796
124.093,0.164575
124.16,0.160848
124.226,0.159062
124.293,0.15705
124.359,0.162127
124.426,0.165636
124.493,0.170998
124.559,0.173402
124.626,0.172631
124.692,0.176831
124.759,0.176275
124.826,0.17688
124.892,0.176276
124.959,0.177981
125.025,0.176621
125.092,0.175497
125.159,0.173696
125.225,0.172936
125.292,0.175027
125.358,0.178619
125.425,0.179703
125.492,0.183406
125.558,0.185668
125.625,0.187462
125.692,0.191592
125.758,0.200465
125.825,0.203495
125.891,0.209022
125.958,0.213445
126.025,0.216132
126.091,0.220007
126.158,0.226207
126.224,0.229126
126.291,0.231187
126.358,0.243085
126.424,0.24599
126.491,0.254435
126.557,0.263784
126.624,0.266057
126.691,0.27494
126.757,0.28644
126.824,0.289292
126.89,0.293058
126.957,0.29813
127.024,0.298185
127.09,0.29703
127.157,0.294223
127.224,0.29416
127.29,0.290503
127.357,0.29091
127.423,0.288899
127.49,0.283836
127.557,0.279726
127.623,0.277376
127.69,0.271629
127.756,0.267296
127.823,0.265967
127.89,0.258357
127.956,0.257751
128.023,0.255052
128.089,0.25207
128.156,0.246505
128.223,0.237888
128.289,0.232024
128.356,0.227736
128.422,0.224224
128.489,0.218663
128.556,0.213374
128.622,0.211495
128.689,0.206549
128.756,0.195302
128.822,0.193238
128.889,0.187401
128.955,0.176081
129.022,0.174568
129.089,0.170069
129.155,0.166394
129.222,0.162851
129.288,0.156552
129.355,0.154926
129.422,0.156424
129.488,0.15019
129.555,0.146566
129.621,0.145247
129.688,0.138283
129.755,0.131454
129.821,0.12769
129.888,0.118652
129.955,0.111789
130.021,0.107939
130.088,0.101087
130.154,0.0924184
130.221,0.0894862
130.288,0.081841
130.354,0.0752848
130.421,0.0737488
130.487,0.0692143
130.554,0.0657058
130.621,0.0641103
130.687,0.0591911
130.754,0.0535914
130.82,0.0517524
130.887,0.0481426
130.954,0.0433393
131.02,0.0417911
131.087,0.0367121
131.153,0.0344683
131.22,0.0320339
131.287,0.0284369
131.353,0.0233269
131.42,0.0216308
131.487,0.0186519
131.553,0.0151638
131.62,0.0130056
131.686,0.00950523
131.753,0.00679028
131.82,0.00512173
131.886,0.00223623
131.953,0.000389116
132.019,0
132.086,0.00170728
132.153,0.00287006
132.219,0.00321247
132.286,0.00379229
132.352,0.00399126
132.419,0.0040152
132.486,0.00403548
132.552,0.00396208
132.619,0.00388037
132.685,0.00410628
132.752,0.00448706
132.819,0.00479046
132.885,0.00498069
132.952,0.00501589
133.019,0.00498907
133.085,0.00523029
133.152,0.00597717
133.218,0.00622204
133.285,0.00697754
133.352,0.00983401
133.418,0.0130944
133.485,0.0199698
133.551,0.0277421
133.618,0.032255
133.685,0.043539
133.751,0.0544926
133.818,0.0611065
133.884,0.0736665
133.951,0.0837335
134.018,0.0890433
134.084,0.0996749
134.151,0.109305
134.217,0.117291
134.284,0.127876
134.351,0.137992
134.417,0.14592
134.484,0.155921
134.551,0.165142
134.617,0.169563
134.684,0.178613
134.75,0.188615
134.817,0.198073
134.884,0.20851
134.95,0.216813
135.017,0.219778
135.083,0.224296
135.15,0.232509
135.217,0.234933
135.283,0.237893
135.35,0.245848
135.416,0.245667
135.483,0.242274
135.55,0.238995
135.616,0.233984
135.683,0.230225
135.75,0.219696
135.816,0.216022
135.883,0.208456
135.949,0.202376
136.016,0.197692
136.083,0.191457
136.149,0.182216
136.216,0.179184
136.282,0.166474
136.349,0.157554
136.416,0.154522
136.482,0.147685
136.549,0.140604
136.615,0.137217
136.682,0.130402
136.749,0.119279
136.815,0.116755
136.882,0.10974
136.948,0.102795
137.015,0.100897
137.082,0.093692
137.148,0.0846428
137.215,0.0800266
137.282,0.0747813
137.348,0.0678381
137.415,0.0666643
137.481,0.0608077
137.548,0.0555327
137.615,0.0534135
137.681,0.050899
137.748,0.0478018
137.814,0.0482458
137.881,0.0451305
137.948,0.0428243
138.014,0.0427655
138.081,0.0410622
138.147,0.0386143
138.214,0.0373506
138.281,0.0335979
138.347,0.0309926
138.414,0.0302848
138.48,0.0285648
138.547,0.0244351
138.614,0.022658
138.68,0.0185982
138.747,0.0153238
138.814,0.0139122
138.88,0.0128739
138.947,0.0132554
139.013,0.0133292
139.08,0.0142858
139.147,0.0145813
139.213,0.0143168
139.28,0.0134223
139.346,0.0131463
139.413,0.0132124
139.48,0.0131152
139.546,0.0136946
139.613,0.0140214
139.679,0.0144258
139.746,0.0145736
139.813,0.0143597
139.879,0.0140953
139.946,0.0140714
140.012,0.014529
140.079,0.0168304
140.146,0.0184489
140.212,0.019795
140.279,0.0225359
140.346,0.0263373
140.412,0.0284114
140.479,0.0333095
140.545,0.0398335
140.612,0.0428207
140.679,0.049606
140.745,0.0560623
140.812,0.0587189
140.878,0.0652657
140.945,0.0717543
141.012,0.0753946
141.078,0.0822597
141.145,0.0916713
141.211,0.0967159
141.278,0.107495
141.345,0.117301
141.411,0.124184
141.478,0.135305
141.545,0.145059
141.611,0.150205
141.678,0.163803
141.744,0.177737
141.811,0.182045
141.878,0.188943
141.944,0.194792
142.011,0.19772
142.077,0.203191
142.144,0.207114
142.211,0.20832
142.277,0.208568
142.344,0.214008
142.41,0.215111
142.477,0.217526
142.544,0.220838
142.61,0.220391
142.677,0.219505
142.743,0.219035
142.81,0.217878
142.877,0.216195
142.943,0.214624
143.01,0.21366
143.077,0.213084
143.143,0.211478
143.21,0.21056
143.276,0.207488
143.343,0.201146
143.41,0.201227
143.476,0.207277
143.543,0.217147
143.609,0.222808
143.676,0.226775
143.743,0.232381
143.809,0.232247
143.876,0.232475
143.942,0.232156
144.009,0.232688
144.076,0.232649
144.142,0.231744
144.209,0.230522
144.275,0.22598
144.342,0.222923
144.409,0.221321
144.475,0.216989
144.542,0.213198
144.609,0.210472
144.675,0.202671
144.742,0.198226
144.808,0.196169
144.875,0.188279
144.942,0.178634
145.008,0.174392
145.075,0.164584
145.141,0.154244
145.208,0.149799
145.275,0.139417
145.341,0.131087
145.408,0.128404
145.474,0.121171
145.541,0.11365
145.608,0.110467
145.674,0.103187
145.741,0.0954718
145.807,0.0924619
145.874,0.0845447
145.941,0.0767947
146.007,0.072739
146.074,0.0649024
146.141,0.0585054
146.207,0.0553634
146.274,0.0493242
146.34,0.0448209
146.407,0.0428573
146.474,0.0381597
146.54,0.0348155
146.607,0.0333339
146.673,0.0295073
146.74,0.0252763
146.807,0.0242029
146.873,0.0233008
146.94,0.0226358
147.006,0.0224063
147.073,0.0216208
147.14,0.0212553
147.206,0.0206525
147.273,0.0200702
147.34,0.0177875
147.406,0.0165859
147.473,0.0153804
147.539,0.0142332
147.606,0.0135332
147.673,0.0134826
147.739,0.0130859
147.806,0.0127826
147.872,0.012771
147.939,0.0127631
148.006,0.0130898
148.072,0.0133387
148.139,0.0137198
148.205,0.0144859
148.272,0.0142488
148.339,0.0144316
148.405,0.0146222
148.472,0.0150849
148.538,0.0147699
148.605,0.0144782
148.672,0.0143071
148.738,0.0144471
148.805,0.0146298
148.872,0.0146882
148.938,0.0145014
149.005,0.0146569
149.071,0.0149291
149.138,0.015283
149.205,0.0157225
149.271,0.0159558
149.338,0.0154893
149.404,0.0158237
149.471,0.0160611
149.538,0.0172354
149.604,0.0174299
149.671,0.0178071
149.737,0.0174726
149.804,0.0171266
149.871,0.0178887
149.937,0.0180633
150.004,0.0185338
150.07,0.0193232
150.137,0.0198637
150.204,0.0200621
150.27,0.020766
150.337,0.0205638
150.404,0.021011
150.47,0.021466
150.537,0.0212171
150.603,0.0209411
150.67,0.0210384
150.737,0.0208283
150.803,0.0204394
150.87,0.0199573
150.936,0.020012
151.003,0.0205139
151.07,0.0219488
151.136,0.025583
151.203,0.0276715
151.269,0.0322966
151.336,0.0360454
151.403,0.0392223
151.469,0.046068
151.536,0.0501584
151.602,0.0519339
151.669,0.055142
151.736,0.0582814
151.802,0.0598722
151.869,0.0614651
151.936,0.0647692
152.002,0.0660354
152.069,0.0697993
152.135,0.0726411
152.202,0.0738239
152.269,0.0765387
152.335,0.0785069
152.402,0.0793034
152.468,0.08124
152.535,0.082111
152.602,0.0829666
152.668,0.0836394
152.735,0.083756
152.801,0.0839077
152.868,0.0837133
152.935,0.0846077
153.001,0.0839777
153.068,0.0845799
153.135,0.0883271
153.201,0.0908829
153.268,0.0926758
153.334,0.0930689
153.401,0.0920095
153.468,0.0920841
153.534,0.09202
153.601,0.0919078
153.667,0.0910427
153.734,0.0896774
153.801,0.0893069
153.867,0.0911391
153.934,0.0928736
154,0.0933032
154.067,0.0892964
154.134,0.0857146
154.2,0.0845899
154.267,0.0801158
154.333,0.0751122
154.4,0.0728291
154.467,0.0689447
154.533,0.0674279
154.6,0.0665206
154.667,0.0642852
154.733,0.0601864
154.8,0.0594476
154.866,0.0560682
154.933,0.0548628
155,0.0530313
155.066,0.0523043
155.133,0.0514915
155.199,0.0506087
155.266,0.0500253
155.333,0.0474588
155.399,0.0462221
155.466,0.0450865
155.532,0.0429127
155.599,0.0406417
155.666,0.0385145
155.732,0.0371263
155.799,0.0359014
155.865,0.0349214
155.932,0.0330236
155.999,0.0320087
156.065,0.0303598
156.132,0.0295472
156.199,0.0288511
156.265,0.0275172
156.332,0.0267822
156.398,0.0262534
156.465,0.0267758
156.532,0.0271992
156.598,0.0282951
156.665,0.0275795
156.731,0.0270081
156.798,0.0269894
156.865,0.0260606
156.931,0.024831
156.998,0.0242628
157.064,0.0229775
157.131,0.0218668
157.198,0.0216374
157.264,0.0209063
157.331,0.0207274
157.397,0.0205019
157.464,0.020533
157.531,0.0201869
157.597,0.0198992
157.664,0.0198681
157.731,0.0192965
157.797,0.0190164
157.864,0.0191525
157.93,0.0190631
157.997,0.0194908
158.064,0.0203969
158.13,0.0199419
158.197,0.018647
158.263,0.0184759
158.33,0.0177681
158.397,0.0175309
158.463,0.017282
158.53,0.0167726
158.596,0.0163293
158.663,0.0158159
158.73,0.0223481
158.796,0.028132
158.863,0.0445633
158.93,0.0607525
158.996,0.0659857
159.063,0.0788204
159.129,0.0832339
159.196,0.0829632
159.263,0.0817405
159.329,0.0804899
159.396,0.0811958
159.462,0.079797
159.529,0.0805716
159.596,0.0802396
159.662,0.0772639
159.729,0.0757628
159.795,0.0747085
159.862,0.0740629
159.929,0.0731607
159.995,0.0722508
160.062,0.0717686
160.128,0.0707653
160.195,0.069867
160.262,0.0686732
160.328,0.0688363
160.395,0.0680001
160.462,0.0670863
160.528,0.0667324
160.595,0.0645973
160.661,0.0646557
160.728,0.0643913
160.795,0.0624587
160.861,0.058045
160.928,0.0531219
160.994,0.0516909
161.061,0.0496494
161.128,0.0472113
161.194,0.0454732
161.261,0.0432649
161.327,0.0385479
161.394,0.0364015
161.461,0.0319489
161.527,0.0281419
161.594,0.0265593
161.66,0.02269
161.727,0.0197191
161.794,0.0179536
161.86,0.0150295
161.927,0.0126729
161.994,0.012395
162.06,0.0242688
162.127,0.0389159
162.193,0.0454144
162.26,0.0527266
162.327,0.0555691
162.393,0.0567633
162.46,0.0582726
162.526,0.0595682
162.593,0.0600656
162.66,0.0603138
162.726,0.0601863
162.793,0.0602861
162.859,0.0602883
162.926,0.0599227
162.993,0.0599032
163.059,0.0601248
163.126,0.0590437
163.192,0.0593082
163.259,0.0586239
163.326,0.058052
163.392,0.0579588
163.459,0.056726
163.526,0.0563643
163.592,0.0555826
163.659,0.0551976
163.725,0.0551004
163.792,0.0556682
163.859,0.0542799
163.925,0.0545638
163.992,0.0547076
164.058,0.054412
164.125,0.0514254
164.192,0.0494071
164.258,0.0461173
164.325,0.0413963
164.391,0.0387948
164.458,0.0355749
164.525,0.0324755
164.591,0.0309316
164.658,0.0282795
164.725,0.024939
164.791,0.0241418
164.858,0.0232668
164.924,0.0256731
164.991,0.027395
165.058,0.0290397
165.124,0.0285779
165.191,0.0284449
165.257,0.0270849
165.324,0.0268508
165.391,0.0270221
165.457,0.027576
165.524,0.0275486
165.59,0.0273417
165.657,0.0272327
165.724,0.0276021
165.79,0.0279483
165.857,0.0274896
165.923,0.0282052
165.99,0.0279679
166.057,0.0276218
166.123,0.0275635
166.19,0.0269219
166.257,0.0269648
166.323,0.0269997
166.39,0.0268831
166.456,0.0273111
166.523,0.0273966
166.59,0.0273694
166.656,0.0273267
166.723,0.0271827
166.789,0.0271789
166.856,0.0269185
166.923,0.0268213
166.989,0.027082
167.056,0.0343303
167.122,0.0456215
167.189,0.0512588
167.256,0.0615549
167.322,0.0708207
167.389,0.0741269
167.455,0.0805507
167.522,0.0810774
167.589,0.0810738
167.655,0.0800723
167.722,0.078199
167.789,0.0777027
167.855,0.0783041
167.922,0.0778547
167.988,0.0773011
168.055,0.0780647
168.122,0.0776346
168.188,0.0778146
168.255,0.0781593
168.321,0.0793491
168.388,0.079524
168.455,0.0808307
168.521,0.0816005
168.588,0.0818338
168.654,0.0822381
168.721,0.0827787
168.788,0.0836186
168.854,0.0846141
168.921,0.0839287
168.987,0.0835398
169.054,0.082066
169.121,0.0819454
169.187,0.0813038
169.254,0.0802227
169.321,0.0789861
169.387,0.0783758
169.454,0.0775708
169.52,0.0776953
169.587,0.0766181
169.654,0.0767115
169.72,0.0769181
169.787,0.0771399
169.853,0.0752151
169.92,0.0720419
169.987,0.0710622
170.053,0.067516
170.12,0.0647047
170.186,0.063826
170.253,0.0614267
170.32,0.0580745
170.386,0.0561109
170.453,0.0516776
170.52,0.0471667
170.586,0.0459501
170.653,0.0410464
170.719,0.0362165
170.786,0.0341089
170.853,0.0298702
170.919,0.0260942
170.986,0.0243054
171.052,0.0212488
171.119,0.0182506
171.186,0.0169946
171.252,0.0158863
171.319,0.0151435
171.385,0.0150075
171.452,0.0144046
171.519,0.0142257
171.585,0.0143074
171.652,0.014288
171.718,0.0142608
171.785,0.0142724
171.852,0.0142569
171.918,0.0142958
171.985,0.0142997
172.052,0.0142451
172.118,0.0142491
172.185,0.0141947
172.251,0.0142335
172.318,0.0141557
172.385,0.0142451
172.451,0.0142491
172.518,0.014288
172.584,0.0143035
172.651,0.0143152
172.718,0.0142491
172.784,0.0142646
172.851,0.0142957
172.917,0.014074
172.984,0.0141558
173.051,0.0140662
173.117,0.0139185
173.184,0.0139459
173.25,0.0139226
173.317,0.0138875
173.384,0.0138992
173.45,0.0139302
173.517,0.0140547
173.584,0.0140509
173.65,0.014117
173.717,0.0141364
173.783,0.0141014
173.85,0.0140936
173.917,0.0141323
173.983,0.0141128
174.05,0.0140156
174.116,0.0140739
174.183,0.014004
174.25,0.0140506
174.316,0.0140857
174.383,0.0139884
174.449,0.0139728
174.516,0.0139884
174.583,0.0140079
174.649,0.0140391
174.716,0.0140819
174.782,0.014195
174.849,0.0171809
174.916,0.0226767
174.982,0.0263197
175.049,0.0324222
175.116,0.0392547
175.182,0.0423113
175.249,0.0458955
175.315,0.0492905
175.382,0.0510556
175.449,0.0541161
175.515,0.0570329
175.582,0.0577234
175.648,0.0632667
175.715,0.0752017
175.782,0.0806343
175.848,0.0913345
175.915,0.100984
175.981,0.106193
176.048,0.119506
176.115,0.13146
176.181,0.13915
176.248,0.14996
176.315,0.156208
176.381,0.158875
176.448,0.165074
176.514,0.1667
176.581,0.166884
176.648,0.167254
176.714,0.16676
176.781,0.16802
176.847,0.167459
176.914,0.16999
176.981,0.17101
177.047,0.172098
177.114,0.171026
177.18,0.170456
177.247,0.171212
177.314,0.170655
177.38,0.169077
177.447,0.166098
177.513,0.162123
177.58,0.158239
177.647,0.155885
177.713,0.157033
177.78,0.156618
177.847,0.153128
177.913,0.152447
177.98,0.15186
178.046,0.154011
178.113,0.157707
178.18,0.159552
178.246,0.158863
178.313,0.157903
178.379,0.157259
178.446,0.155503
178.513,0.154537
178.579,0.150465
178.646,0.146752
178.712,0.142604
178.779,0.140391
178.846,0.136926
178.912,0.131641
178.979,0.129523
179.045,0.129747
179.112,0.126205
179.179,0.12547
179.245,0.123174
179.312,0.11904
179.379,0.116862
179.445,0.113744
179.512,0.109614
179.578,0.107685
179.645,0.102902
179.712,0.0982668
179.778,0.0964975
179.845,0.0941953
179.911,0.0892565
179.978,0.0866705
180.045,0.0821052
180.111,0.0779676
180.178,0.0760545
180.244,0.0724184
180.311,0.0689185
180.378,0.0675496
180.444,0.0637815
180.511,0.0613627
180.577,0.0592709
180.644,0.0580692
180.711,0.0582675
180.777,0.058423
180.844,0.0584307
180.911,0.0588468
180.977,0.0589363
181.044,0.0584424
181.11,0.0576491
181.177,0.0569141
181.244,0.0565137
181.31,0.0564165
181.377,0.0563232
181.443,0.0560626
181.51,0.056156
181.577,0.0560203
181.643,0.0573329
181.71,0.0621519
181.776,0.0650046
181.843,0.0709984
181.91,0.0771813
181.976,0.0800596
182.043,0.0852316
182.109,0.0882097
182.176,0.0904984
182.243,0.0928087
182.309,0.0952896
182.376,0.0970444
182.443,0.098344
182.509,0.0990486
182.576,0.0994653
182.642,0.0996186
182.709,0.0991336
182.776,0.0995258
182.842,0.0991302
182.909,0.0994861
182.975,0.0991918
183.042,0.099464
183.109,0.0999495
183.175,0.099481
183.242,0.099349
183.308,0.0987296
183.375,0.0987149
183.442,0.0990897
183.508,0.0996738
183.575,0.099394
183.642,0.0996491
183.708,0.0994036
183.775,0.0996726
183.841,0.100874
183.908,0.0993351
183.975,0.0998096
184.041,0.100696
184.108,0.100688
184.174,0.101112
184.241,0.102108
184.308,0.102983
184.374,0.103236
184.441,0.104192
184.507,0.105332
184.574,0.105534
184.641,0.10707
184.707,0.108019
184.774,0.108202
184.84,0.108427
184.907,0.108264
184.974,0.108556
185.04,0.107965
185.107,0.107875
185.174,0.107463
185.24,0.108602
185.307,0.109014
185.373,0.109263
185.44,0.108948
185.507,0.108299
185.573,0.107774
185.64,0.107058
185.706,0.106697
185.773,0.106934
185.84,0.107696
185.906,0.107646
185.973,0.107723
186.039,0.10777
186.106,0.107517
186.173,0.106992
186.239,0.107521
186.306,0.107797
186.372,0.107801
186.439,0.108392
186.506,0.108237
186.572,0.108497
186.639,0.109038
186.706,0.10854
186.772,0.108874
186.839,0.108653
186.905,0.109287
186.972,0.109201
187.039,0.109641
187.105,0.109403
187.172,0.108968
187.238,0.108
187.305,0.108381
187.372,0.10861
187.438,0.109835
187.505,0.109862
187.571,0.109811
187.638,0.109893
187.705,0.109426
187.771,0.109314
187.838,0.109675
187.904,0.109916
187.971,0.110301
188.038,0.110535
188.104,0.110368
188.171,0.110488
188.238,0.109979
188.304,0.110119
188.371,0.110212
188.437,0.110788
188.504,0.110924
188.571,0.111729
188.637,0.112265
188.704,0.112413
188.77,0.112565
188.837,0.112456
188.904,0.112495
188.97,0.11267
189.037,0.11211
189.103,0.111963
189.17,0.111706
189.237,0.111002
189.303,0.110671
189.37,0.110691
189.437,0.109971
189.503,0.110014
189.57,0.110372
189.636,0.110185
189.703,0.110788
189.77,0.110784
189.836,0.111064
189.903,0.111091
189.969,0.110761
190.036,0.111064
190.103,0.111013
190.169,0.111258
190.236,0.111632
190.302,0.111313
190.369,0.11148
190.436,0.111468
190.502,0.111534
190.569,0.109598
190.635,0.110104
190.702,0.110508
190.769,0.110648
190.835,0.111313
190.902,0.112188
190.969,0.112538
191.035,0.112655
191.102,0.113203
191.168,0.113483
191.235,0.113911
191.302,0.114163
191.368,0.114354
191.435,0.114249
191.501,0.113918
191.568,0.113701
191.635,0.113351
191.701,0.112872
191.768,0.112372
191.834,0.112382
191.901,0.113637
191.968,0.114481
192.034,0.11509
192.101,0.115433
192.167,0.115893
192.234,0.114209
192.301,0.114703
192.367,0.114849
192.434,0.114876
192.501,0.11567
192.567,0.115588
192.634,0.115847
192.7,0.115002
192.767,0.115066
192.834,0.113365
192.9,0.112686
192.967,0.112885
193.033,0.112958
193.1,0.112907
193.167,0.113421
193.233,0.112829
193.3,0.112441
193.366,0.112199
193.433,0.111465
193.5,0.111072
193.566,0.110901
193.633,0.111192
193.699,0.111904
193.766,0.112176
193.833,0.111472
193.899,0.111017
193.966,0.110955
194.033,0.111138
194.099,0.111298
194.166,0.111441
194.232,0.111395
194.299,0.111095
194.366,0.111076
194.432,0.110602
194.499,0.110574
194.565,0.110784
194.632,0.11106
194.699,0.111628
194.765,0.111632
194.832,0.111842
194.898,0.111453
194.965,0.111352
195.032,0.111337
195.098,0.111795
195.165,0.112013
195.232,0.113794
195.298,0.114735
195.365,0.115179
195.431,0.115855
195.498,0.115809
195.565,0.115167
195.631,0.115202
195.698,0.115482
195.764,0.115793
195.831,0.1164
195.898,0.116718
195.964,0.117158
196.031,0.118149
196.097,0.118344
196.164,0.118356
196.231,0.11859
196.297,0.119664
196.364,0.119928
196.43,0.121216
196.497,0.122467
196.564,0.122894
196.63,0.124305
196.697,0.124594
196.764,0.1245
196.83,0.126169
196.897,0.128048
196.963,0.128619
197.03,0.130741
197.097,0.13329
197.163,0.135751
197.23,0.139043
197.296,0.141625
197.363,0.142842
197.43,0.145532
197.496,0.148128
197.563,0.149721
197.629,0.152126
197.696,0.155335
197.763,0.157237
197.829,0.160363
197.896,0.163004
197.962,0.164662
198.029,0.168779
198.096,0.172613
198.162,0.174352
198.229,0.177941
198.296,0.180715
198.362,0.182128
198.429,0.18551
198.495,0.18892
198.562,0.190084
198.629,0.195113
198.695,0.199904
198.762,0.202428
198.828,0.206797
198.895,0.216348
198.962,0.217538
199.028,0.221558
199.095,0.227182
199.161,0.232257
199.228,0.239802
199.295,0.247582
199.361,0.251811
199.428,0.258462
199.494,0.264952
199.561,0.267858
199.628,0.273203
199.694,0.283417
199.761,0.288501
199.828,0.29841
199.894,0.307615
199.961,0.311755
200.027,0.319631
200.094,0.325914
200.161,0.328872
200.227,0.337059
200.294,0.347586
200.36,0.352009
200.427,0.360718
200.494,0.368528
200.56,0.371773
200.627,0.380892
200.693,0.392013
200.76,0.396734
200.827,0.420302
200.893,0.434187
200.96,0.440754
201.027,0.453626
201.093,0.466131
201.16,0.47352
201.226,0.482068
201.293,0.489116
201.36,0.490046
201.426,0.495963
201.493,0.499459
201.559,0.501127
201.626,0.499538
201.693,0.500496
201.759,0.502859
201.826,0.502517
201.892,0.502505
201.959,0.502058
202.026,0.500888
202.092,0.50235
202.159,0.50129
202.225,0.50196
202.292,0.505586
202.359,0.505117
202.425,0.506276
202.492,0.476873
202.559,0.475396
202.625,0.475562
202.692,0.473281
202.758,0.473668
202.825,0.47444
202.892,0.474985
202.958,0.475061
203.025,0.474206
203.091,0.475479
203.158,0.474264
203.225,0.47219
203.291,0.47163
203.358,0.470053
203.424,0.469613
203.491,0.468078
203.558,0.469491
203.624,0.474316
203.691,0.480142
203.757,0.483187
203.824,0.492601
203.891,0.494954
203.957,0.498358
204.024,0.504258
204.091,0.509311
204.157,0.511539
204.224,0.51426
204.29,0.518378
204.357,0.520337
204.424,0.52326
204.49,0.526545
204.557,0.527486
204.623,0.529764
204.69,0.530096
204.757,0.531384
204.823,0.531538
204.89,0.533072
204.956,0.534776
205.023,0.534342
205.09,0.536411
205.156,0.538074
205.223,0.544042
205.289,0.550604
205.356,0.553572
205.423,0.560592
205.489,0.567055
205.556,0.567018
205.623,0.572389
205.689,0.58029
205.756,0.584719
205.822,0.589846
205.889,0.595512
205.956,0.596316
206.022,0.600644
206.089,0.601538
206.155,0.602024
206.222,0.599758
206.289,0.59745
206.355,0.595544
206.422,0.589631
206.488,0.587191
206.555,0.586223
206.622,0.579888
206.688,0.57648
206.755,0.575644
206.822,0.572941
206.888,0.570797
206.955,0.568977
207.021,0.566497
207.088,0.565862
207.155,0.565301
207.221,0.563453
207.288,0.561576
207.354,0.561383
207.421,0.560325
207.488,0.559372
207.554,0.55801
207.621,0.557204
207.687,0.556804
207.754,0.556677
207.821,0.556253
207.887,0.557071
207.954,0.556689
208.02,0.556425
208.087,0.557237
208.154,0.556909
208.22,0.559446
208.287,0.561682
208.354,0.562198
208.42,0.564145
208.487,0.567058
208.553,0.568502
208.62,0.570842
208.687,0.573377
208.753,0.574469
208.82,0.576627
208.886,0.579445
208.953,0.579598
209.02,0.580902
209.086,0.58268
209.153,0.583418
209.219,0.585156
209.286,0.58789
209.353,0.587624
209.419,0.589532
209.486,0.590318
209.552,0.591012
209.619,0.591773
209.686,0.592284
209.752,0.592549
209.819,0.593107
209.886,0.593881
209.952,0.593804
210.019,0.59415
210.085,0.594626
210.152,0.59471
210.219,0.594918
210.285,0.595186
210.352,0.594592
210.418,0.595106
210.485,0.594789
210.552,0.597738
210.618,0.59754
210.685,0.597955
210.751,0.598193
210.818,0.597799
210.885,0.597737
210.951,0.597364
211.018,0.596995
211.084,0.59648
211.151,0.596301
211.218,0.595813
211.284,0.595924
211.351,0.595916
211.418,0.595854
211.484,0.596034
211.551,0.595485
211.617,0.594671
211.684,0.596001
211.751,0.595832
211.817,0.596392
211.884,0.598537
211.95,0.599726
212.017,0.602436
212.084,0.605583
212.15,0.606954
212.217,0.610529
212.283,0.61239
212.35,0.612933
212.417,0.614486
212.483,0.614849
212.55,0.615252
212.617,0.616311
212.683,0.616985
212.75,0.616991
212.816,0.617242
212.883,0.616909
212.95,0.617251
213.016,0.616284
213.083,0.615843
213.149,0.615576
213.216,0.615348
213.283,0.615449
213.349,0.615579
213.416,0.615639
213.482,0.615699
213.549,0.615393
213.616,0.615804
213.682,0.615187
213.749,0.614876
213.815,0.615095
213.882,0.617783
213.949,0.617669
214.015,0.617023
214.082,0.617165
214.149,0.617016
214.215,0.616277
214.282,0.616131
214.348,0.616292
214.415,0.616498
214.482,0.616198
214.548,0.615864
214.615,0.615824
214.681,0.615802
214.748,0.615474
214.815,0.61543
214.881,0.614996
214.948,0.614543
215.014,0.614753
215.081,0.614499
215.148,0.614486
215.214,0.614122
215.281,0.613787
215.347,0.613592
215.414,0.613439
215.481,0.612863
215.547,0.614
215.614,0.613199
215.681,0.613366
215.747,0.612918
215.814,0.61302
215.88,0.612522
215.947,0.612687
216.014,0.612492
216.08,0.612204
216.147,0.612313
216.213,0.612523
216.28,0.612158
216.347,0.611921
216.413,0.611696
216.48,0.611929
216.546,0.611738
216.613,0.611853
216.68,0.611931
216.746,0.61211
216.813,0.611756
216.879,0.61158
216.946,0.611502
217.013,0.611366
217.079,0.611871
217.146,0.612311
217.213,0.613361
217.279,0.612589
217.346,0.61251
217.412,0.6133
217.479,0.61307
217.546,0.612705
217.612,0.612277
217.679,0.612227
217.745,0.612483
217.812,0.612856
217.879,0.613152
217.945,0.613046
218.012,0.613339
218.078,0.613549
218.145,0.613591
218.212,0.613971
218.278,0.614453
218.345,0.614737
218.412,0.614616
218.478,0.614348
218.545,0.614721
218.611,0.614566
218.678,0.614247
218.745,0.614057
218.811,0.613831
218.878,0.617059
218.944,0.616845
219.011,0.616857
219.078,0.616441
219.144,0.615959
219.211,0.615702
219.277,0.615858
219.344,0.615698
219.411,0.615927
219.477,0.615627
219.544,0.61515
219.61,0.614601
219.677,0.614691
219.744,0.614567
219.81,0.614591
219.877,0.614046
219.944,0.613746
220.01,0.614011
220.077,0.613976
220.143,0.61364
220.21,0.613769
220.277,0.613792
220.343,0.613473
220.41,0.61366
220.476,0.613901
220.543,0.615389
220.61,0.614453
220.676,0.613477
220.743,0.613826
220.809,0.613709
220.876,0.613663
220.943,0.613773
221.009,0.614041
221.076,0.613968
221.142,0.613302
221.209,0.61301
221.276,0.612512
221.342,0.612468
221.409,0.61236
221.476,0.612822
221.542,0.613223
221.609,0.613515
221.675,0.613647
221.742,0.613639
221.809,0.613444
221.875,0.61284
221.942,0.613381
222.008,0.613568
222.075,0.613525
222.142,0.613307
222.208,0.611563
222.275,0.61167
222.341,0.611584
222.408,0.611583
222.475,0.611326
222.541,0.611489
222.608,0.611404
222.674,0.611458
222.741,0.610778
222.808,0.610124
222.874,0.609168
222.941,0.609118
223.008,0.608344
223.074,0.607617
223.141,0.607804
223.207,0.607932
223.274,0.60845
223.341,0.608819
223.407,0.609955
223.474,0.610429
223.54,0.610923
223.607,0.61114
223.674,0.612023
223.74,0.612141
223.807,0.612225
223.873,0.614376
223.94,0.61405
224.007,0.6144
224.073,0.614054
224.14,0.613734
224.207,0.613256
224.273,0.613112
224.34,0.612688
224.406,0.611576
224.473,0.610399
224.54,0.610173
224.606,0.60936
224.673,0.609185
224.739,0.608983
224.806,0.608835
224.873,0.608524
224.939,0.608314
225.006,0.607948
225.072,0.608189
225.139,0.607944
225.206,0.607913
225.272,0.607777
225.339,0.607897
225.405,0.607847
225.472,0.607936
225.539,0.606313
225.605,0.606263
225.672,0.606126
225.739,0.606383
225.805,0.606912
225.872,0.606685
225.938,0.60693
226.005,0.60674
226.072,0.606452
226.138,0.606227
226.205,0.605908
226.271,0.605783
226.338,0.605993
226.405,0.606144
226.471,0.606674
226.538,0.60709
226.604,0.607604
226.671,0.608405
226.738,0.608871
226.804,0.609501
226.871,0.609975
226.937,0.610131
227.004,0.61022
227.071,0.610671
227.137,0.610601
227.204,0.613097
227.271,0.613287
227.337,0.613393
227.404,0.61318
227.47,0.613533
227.537,0.613549
227.604,0.613483
227.67,0.613822
227.737,0.613974
227.803,0.613802
227.87,0.613596
227.937,0.61367
228.003,0.613362
228.07,0.61337
228.136,0.613116
228.203,0.612805
228.27,0.613057
228.336,0.612936
228.403,0.61287
228.469,0.613123
228.536,0.613076
228.603,0.612974
228.669,0.613411
228.736,0.613408
228.803,0.613667
228.869,0.623843
228.936,0.623599
229.002,0.623492
229.069,0.623508
229.136,0.623344
229.202,0.623558
229.269,0.623581
229.335,0.622943
229.402,0.622846
229.469,0.622884
229.535,0.622756
229.602,0.623017
229.668,0.623084
229.735,0.623255
229.802,0.623322
229.868,0.623485
229.935,0.623454
230.001,0.623797
230.068,0.623829
230.135,0.623875
230.201,0.623743
230.268,0.62363
230.335,0.623681
230.401,0.623517
230.468,0.623471
230.534,0.626771
230.601,0.626966
230.668,0.626862
230.734,0.627033
230.801,0.627231
230.867,0.627032
230.934,0.626947
231.001,0.626951
231.067,0.626166
231.134,0.625513
231.2,0.624459
231.267,0.624257
231.334,0.62397
231.4,0.623083
231.467,0.622192
231.534,0.622039
231.6,0.622276
231.667,0.622502
231.733,0.622419
231.8,0.622641
231.867,0.622691
231.933,0.622122
232,0.622235
232.066,0.622457
232.133,0.622371
232.2,0.623214
232.266,0.622654
232.333,0.62237
232.399,0.622308
232.466,0.622344
232.533,0.622795
232.599,0.622422
232.666,0.622413
232.732,0.622397
232.799,0.622272
232.866,0.622572
232.932,0.622634
232.999,0.622704
233.066,0.622408
233.132,0.622513
233.199,0.622889
233.265,0.622792
233.332,0.622516
233.399,0.622291
233.465,0.62187
233.532,0.621987
233.598,0.621951
233.665,0.621772
233.732,0.621812
233.798,0.621847
233.865,0.620072
233.931,0.619912
233.998,0.619893
234.065,0.619815
234.131,0.619715
234.198,0.619652
234.264,0.619637
234.331,0.619723
234.398,0.61945
234.464,0.61954
234.531,0.619773
234.598,0.61941
234.664,0.619362
234.731,0.619644
234.797,0.619666
234.864,0.619728
234.931,0.619934
234.997,0.619973
235.064,0.620042
235.13,0.620073
235.197,0.6204
235.264,0.62063
235.33,0.620362
235.397,0.620382
235.463,0.620284
235.53,0.621379
235.597,0.621495
235.663,0.621472
235.73,0.620935
235.796,0.620572
235.863,0.619876
235.93,0.620078
235.996,0.620168
236.063,0.620576
236.13,0.620786
236.196,0.621451
236.263,0.622586
236.329,0.622792
236.396,0.623273
236.463,0.624063
236.529,0.624273
236.596,0.624588
236.662,0.62465
236.729,0.624565
236.796,0.624728
236.862,0.625184
236.929,0.625231
236.995,0.62523
237.062,0.625292
237.129,0.625315
237.195,0.6258
237.262,0.625874
237.329,0.626065
237.395,0.625554
237.462,0.625477
237.528,0.625513
237.595,0.625004
237.662,0.625148
237.728,0.62521
237.795,0.622554
237.861,0.622398
237.928,0.622589
237.995,0.622273
238.061,0.622342
238.128,0.622511
238.194,0.622561
238.261,0.622636
238.328,0.622908
238.394,0.623277
238.461,0.623305
238.527,0.624071
238.594,0.624187
238.661,0.623817
238.727,0.624043
238.794,0.624326
238.861,0.624374
238.927,0.624751
238.994,0.624988
239.06,0.624937
239.127,0.624817
239.194,0.624969
239.26,0.624942
239.327,0.62488
239.393,0.624907
239.46,0.624658
239.527,0.624421
239.593,0.62425
239.66,0.624156
239.726,0.623408
239.793,0.622844
239.86,0.62305
239.926,0.622835
239.993,0.622531
240.059,0.622854
240.126,0.622963
240.193,0.623239
240.259,0.623308
240.326,0.623915
240.393,0.624094
240.459,0.624172
240.526,0.62455
240.592,0.625121
240.659,0.625342
240.726,0.626248
240.792,0.626875
240.859,0.627209
240.925,0.628231
240.992,0.628988
241.059,0.629813
241.125,0.632713
241.192,0.634573
241.258,0.634782
241.325,0.635337
241.392,0.635356
241.458,0.635332
241.525,0.634846
241.591,0.634285
241.658,0.634609
241.725,0.634308
241.791,0.634448
241.858,0.634316
241.925,0.634397
241.991,0.635203
242.058,0.635207
242.124,0.635464
242.191,0.635607
242.258,0.635514
242.324,0.635692
242.391,0.635571
242.457,0.63563
242.524,0.635902
242.591,0.635829
242.657,0.635499
242.724,0.635755
242.79,0.633385
242.857,0.633074
242.924,0.633148
242.99,0.632569
243.057,0.632534
243.124,0.632328
243.19,0.632564
243.257,0.63265
243.323,0.632693
243.39,0.632514
243.457,0.632067
243.523,0.630962
243.59,0.630814
243.656,0.630733
243.723,0.630371
243.79,0.630986
243.856,0.630827
243.923,0.630624
243.989,0.630271
244.056,0.630454
244.123,0.630104
244.189,0.629455
244.256,0.629129
244.322,0.628864
244.389,0.628553
244.456,0.629777
244.522,0.629719
244.589,0.629584
244.656,0.629276
244.722,0.628506
244.789,0.6283
244.855,0.629062
244.922,0.629103
244.989,0.628632
245.055,0.628748
245.122,0.628255
245.188,0.62862
245.255,0.628756
245.322,0.628681
245.388,0.628358
245.455,0.627991
245.521,0.627824
245.588,0.628111
245.655,0.627847
245.721,0.62773
245.788,0.627372
245.854,0.627321
245.921,0.627734
245.988,0.627757
246.054,0.627679
246.121,0.625897
246.188,0.625863
246.254,0.626057
246.321,0.625587
246.387,0.625297
246.454,0.625121
246.521,0.62523
246.587,0.625536
246.654,0.625561
246.72,0.625706
246.787,0.625508
246.854,0.62534
246.92,0.625323
246.987,0.625064
247.053,0.624885
247.12,0.624732
247.187,0.624434
247.253,0.624107
247.32,0.623397
247.386,0.623613
247.453,0.623451
247.52,0.623649
247.586,0.623814
247.653,0.623887
247.72,0.62332
247.786,0.62149
247.853,0.621794
247.919,0.621613
247.986,0.622041
248.053,0.62229
248.119,0.622013
248.186,0.622042
248.252,0.621909
248.319,0.62199
248.386,0.622232
248.452,0.62189
248.519,0.621524
248.585,0.621787
248.652,0.621947
248.719,0.622335
248.785,0.622259
248.852,0.622099
248.919,0.622086
248.985,0.622207
249.052,0.622007
249.118,0.62265
249.185,0.622756
249.252,0.622646
249.318,0.622383
249.385,0.622006
249.451,0.622406
249.518,0.621693
249.585,0.621631
249.651,0.621394
249.718,0.621376
249.784,0.62154
249.851,0.620921
249.918,0.621031
249.984,0.620786
250.051,0.620872
250.117,0.620255
250.184,0.620634
250.251,0.6203
250.317,0.619993
250.384,0.619119
250.451,0.619181
250.517,0.619004
250.584,0.618438
250.65,0.617943
250.717,0.617429
250.784,0.616876
250.85,0.616678
250.917,0.61512
250.983,0.615874
251.05,0.61571
251.117,0.617031
251.183,0.618061
251.25,0.618167
251.316,0.619512
251.383,0.619868
251.45,0.619965
251.516,0.619938
251.583,0.620324
251.649,0.620265
251.716,0.620808
251.783,0.62067
251.849,0.62069
251.916,0.62077
251.983,0.620795
252.049,0.62098
252.116,0.621395
252.182,0.621804
252.249,0.621976
252.316,0.622278
252.382,0.62264
252.449,0.622683
252.515,0.62267
252.582,0.622864
252.649,0.623118
252.715,0.623001
252.782,0.623263
252.848,0.622383
252.915,0.622092
252.982,0.620891
253.048,0.62008
253.115,0.618536
253.181,0.61735
253.248,0.616793
253.315,0.615487
253.381,0.614138
253.448,0.613429
253.515,0.613011
253.581,0.613154
253.648,0.612622
253.714,0.612767
253.781,0.614199
253.848,0.614897
253.914,0.615855
253.981,0.616531
254.047,0.617199
254.114,0.617482
254.181,0.61875
254.247,0.620562
254.314,0.623149
254.38,0.624736
254.447,0.649042
254.514,0.648976
254.58,0.648753
254.647,0.649008
254.714,0.649662
254.78,0.65009
254.847,0.650533
254.913,0.650579
254.98,0.650819
255.047,0.652507
255.113,0.652764
255.18,0.654312
255.246,0.654932
255.313,0.655204
255.38,0.65536
255.446,0.655746
255.513,0.655749
255.579,0.656333
255.646,0.656092
255.713,0.65625
255.779,0.656212
255.846,0.656154
255.912,0.656263
255.979,0.656408
256.046,0.656365
256.112,0.663157
256.179,0.663527
256.246,0.663858
256.312,0.663695
256.379,0.663781
256.445,0.664174
256.512,0.664201
256.579,0.664383
256.645,0.664258
256.712,0.663955
256.778,0.663726
256.845,0.663368
256.912,0.663419
256.978,0.662556
257.045,0.662392
257.111,0.662633
257.178,0.663816
257.245,0.663389
257.311,0.663497
257.378,0.663611
257.444,0.663405
257.511,0.663004
257.578,0.663113
257.644,0.663004
257.711,0.662849
257.778,0.660217
257.844,0.659506
257.911,0.660409
257.977,0.659853
258.044,0.659709
258.111,0.659456
258.177,0.659872
258.244,0.660085
258.31,0.660693
258.377,0.660872
258.444,0.661311
258.51,0.661443
258.577,0.661282
258.643,0.660547
258.71,0.660526
258.777,0.660475
258.843,0.660534
258.91,0.660064
258.976,0.659978
259.043,0.659784
259.11,0.659796
259.176,0.659232
259.243,0.659321
259.31,0.65934
259.376,0.659375
259.443,0.663258
259.509,0.66327
259.576,0.66286
259.643,0.662739
259.709,0.66266
259.776,0.662124
259.842,0.661381
259.909,0.661533
259.976,0.662528
260.042,0.662668
260.109,0.662011
260.175,0.661366
260.242,0.659701
260.309,0.659651
260.375,0.660016
260.442,0.658924
260.509,0.659363
260.575,0.65843
260.642,0.658421
260.708,0.658301
260.775,0.658546
260.842,0.658087
260.908,0.658293
260.975,0.658212
261.041,0.658361
261.108,0.655115
261.175,0.655607
261.241,0.655816
261.308,0.656096
261.374,0.656023
261.441,0.655833
261.508,0.65546
261.574,0.657063
261.641,0.65695
261.707,-nan
261.774,0.657192
261.841,0.658858
261.907,0.658429
261.974,0.659584
262.041,0.659514
262.107,0.659207
262.174,0.659501
262.24,0.658983
262.307,0.659166
262.374,0.658314
262.44,0.658478
262.507,0.65861
262.573,0.659104
262.64,0.658831
262.707,0.658617
262.773,0.663442
262.84,0.663543
262.906,0.663573
262.973,0.662647
263.04,0.660754
263.106,0.66075
263.173,0.660265
263.239,0.660627
263.306,0.661306
263.373,0.661217
263.439,0.660995
263.506,0.662991
263.573,0.663326
263.639,0.66394
263.706,0.664571
263.772,0.666351
263.839,0.666702
263.906,0.665753
263.972,0.664628
264.039,0.664982
264.105,0.664294
264.172,0.664367
264.239,0.66596
264.305,0.665493
264.372,0.664825
264.438,0.671079
264.505,0.671324
264.572,0.671484
264.638,0.675085
264.705,0.672477
264.771,0.672111
264.838,0.671486
264.905,0.670098
264.971,0.669818
265.038,0.670702
265.105,0.670166
265.171,0.671727
265.238,0.67007
265.304,0.668375
265.371,0.665123
265.438,0.666151
265.504,0.667135
265.571,0.668706
265.637,0.667466
265.704,0.667755
265.771,0.667529
265.837,0.667727
265.904,0.666925
265.97,0.664463
266.037,0.664537
266.104,0.662676
266.17,0.662898
266.237,0.663286
266.304,0.664702
266.37,0.665749
266.437,0.665788
266.503,0.665992
266.57,0.665229
266.637,0.665587
266.703,0.664427
266.77,0.664338
266.836,0.664128
266.903,0.663676
266.97,0.665116
267.036,0.664435
267.103,0.665711
267.169,0.665548
267.236,0.665688
267.303,0.666279
267.369,0.665878
267.436,0.665909
267.502,0.665384
267.569,0.665349
267.636,0.665449
267.702,0.665292
267.769,0.6643
267.836,0.6644
267.902,0.664618
267.969,0.666469
268.035,0.666589
268.102,0.667087
268.169,0.666791
268.235,0.66702
268.302,0.666891
268.368,0.666592
268.435,0.666323
268.502,0.665471
268.568,0.661882
268.635,0.66245
268.701,0.6607
268.768,0.660521
268.835,0.659339
268.901,0.659895
268.968,0.660016
269.034,0.659025
269.101,0.661094
269.168,0.661755
269.234,0.66144
269.301,0.660208
269.368,0.659383
269.434,0.651508
269.501,0.651691
269.567,0.652383
269.634,0.653379
269.701,0.651197
269.767,0.652691
269.834,0.652547
269.9,0.652823
269.967,0.652986
270.034,0.656264
270.1,0.656633
270.167,0.659558
270.233,0.661048
270.3,0.662036
270.367,0.66099
270.433,0.660788
270.5,0.660991
270.566,0.661617
270.633,0.662313
270.7,0.664612
270.766,0.665009
270.833,0.668407
270.9,0.668272
270.966,0.668412
271.033,0.669609
271.099,0.685165
271.166,0.684803
271.233,0.685113
271.299,0.685019
271.366,0.683315
271.432,0.683241
271.499,0.684366
271.566,0.684692
271.632,0.682372
271.699,0.681396
271.765,0.682084
271.832,0.679825
271.899,0.679545
271.965,0.679195
272.032,0.679821
272.099,0.678554
272.165,0.676898
272.232,0.67635
272.298,0.674418
272.365,0.674025
272.432,0.673889
272.498,0.673874
272.565,0.674593
272.631,0.674398
272.698,0.672866
272.765,0.674641
272.831,0.672743
272.898,0.672066
272.964,0.672493
273.031,0.673785
273.098,0.675414
273.164,0.67487
273.231,0.676075
273.297,0.674279
273.364,0.672599
273.431,0.672871
273.497,0.67188
273.564,0.671487
273.631,0.672397
273.697,0.673077
273.764,0.673179
273.83,0.672919
273.897,0.673226
273.964,0.67302
274.03,0.672879
274.097,0.67269
274.163,0.672269
274.23,0.672729
274.297,0.673515
274.363,0.673239
274.43,0.679135
274.496,0.678992
274.563,0.678839
274.63,0.678746
274.696,0.678987
274.763,0.678128
274.829,0.678641
274.896,0.678392
274.963,0.67838
275.029,0.678264
275.096,0.678765
275.163,0.680383
275.229,0.680193
275.296,0.680116
275.362,0.67964
275.429,0.679781
275.496,0.679544
275.562,0.679645
275.629,0.678556
275.695,0.678717
275.762,0.678646
275.829,0.678519
275.895,0.678293
275.962,0.678865
276.028,0.679417
276.095,0.68871
276.162,0.688495
276.228,0.687888
276.295,0.688979
276.361,0.689773
276.428,0.689143
276.495,0.688707
276.561,0.688734
276.628,0.689371
276.695,0.688908
276.761,0.689841
276.828,0.69032
276.894,0.68943
276.961,0.690386
277.028,0.69106
277.094,0.691261
277.161,0.691853
277.227,0.690919
277.294,0.692409
277.361,0.693039
277.427,0.693735
277.494,0.694951
277.56,0.695932
277.627,0.698949
277.694,0.699455
277.76,0.699695
277.827,0.701589
277.894,0.704085
277.96,0.705871
278.027,0.70897
278.093,0.712105
278.16,0.714006
278.227,0.71653
278.293,0.719624
278.36,0.721343
278.426,0.723525
278.493,0.726674
278.56,0.727953
278.626,0.730323
278.693,0.731801
278.759,0.734329
278.826,0.735568
278.893,0.738842
278.959,0.739966
279.026,0.741439
279.092,0.744177
279.159,0.746581
279.226,0.748704
279.292,0.751161
279.359,0.751477
279.426,0.758489
279.492,0.758869
279.559,0.762401
279.625,0.762901
279.692,0.764183
279.759,0.764231
279.825,0.766111
279.892,0.766571
279.958,0.767033
280.025,0.769778
280.092,0.770796
280.158,0.771259
280.225,0.774023
280.291,0.774417
280.358,0.7771
280.425,0.780172
280.491,0.783833
280.558,0.784138
280.624,0.783313
280.691,0.785122
280.758,0.787276
280.824,0.788802
280.891,0.795115
280.958,0.796349
281.024,0.797046
281.091,0.794311
281.157,0.795639
281.224,0.79599
281.291,0.796134
281.357,0.797031
281.424,0.799819
281.49,0.801031
281.557,0.80181
281.624,0.80384
281.69,0.803056
281.757,0.805928
281.823,0.8076
281.89,0.810527
281.957,0.811104
282.023,0.814314
282.09,0.817905
282.156,0.820048
282.223,0.821762
282.29,0.823302
282.356,0.822137
282.423,0.800932
282.49,0.792406
282.556,0.789124
282.623,0.763081
282.689,0.745081
282.756,0.730067
282.823,0.729926
282.889,0.729851
282.956,0.728964
283.022,0.671003
283.089,0.666447
283.156,0.664464
283.222,0.661611
283.289,0.659765
283.355,0.657939
283.422,0.609376
283.489,0.611442
283.555,0.61154
283.622,0.614387
283.688,0.616266
283.755,0.616404
283.822,0.583508
283.888,0.582595
283.955,0.580261
284.022,0.578413
284.088,0.578302
284.155,0.577078
284.221,0.574839
284.288,0.57397
284.355,0.574786
284.421,0.568043
284.488,0.572094
284.554,0.576428
284.621,0.579517
284.688,0.585307
284.754,0.586961
284.821,0.590458
284.887,0.594818
284.954,0.59523
285.021,0.599945
285.087,0.607388
285.154,0.6113
285.221,0.609898
285.287,0.607857
285.354,0.606869
285.42,0.609243
285.487,0.613029
285.554,0.612935
285.62,0.610819
285.687,0.612507
285.753,0.612718
285.82,0.609305
285.887,0.610036
285.953,0.580484
286.02,0.57813
286.086,0.576689
286.153,0.578988
286.22,0.579069
286.286,0.582856
286.353,0.582517
286.419,0.581213
286.486,0.583802
286.553,0.584596
286.619,0.592083
286.686,0.592258
286.753,0.595062
286.819,0.599393
286.886,0.602249
286.952,0.601456
287.019,0.600901
287.086,0.601317
287.152,0.60157
287.219,0.603243
287.285,0.602941
287.352,0.603421
287.419,0.598551
287.485,0.595037
287.552,0.592467
287.618,0.574916
287.685,0.572854
287.752,0.571611
287.818,0.572272
287.885,0.572256
287.951,0.562405
288.018,0.558754
288.085,0.551999
288.151,0.550418
288.218,0.547376
288.285,0.533409
288.351,0.532205
288.418,0.529694
288.484,0.525413
288.551,0.525111
288.618,0.521173
288.684,0.516579
288.751,0.513804
288.817,0.510155
288.884,0.504168
288.951,0.502414
289.017,0.501677
289.084,0.500511
289.15,0.500661
289.217,0.501661
289.284,0.50013
289.35,0.503157
289.417,0.494353
289.483,0.496121
289.55,0.49751
289.617,0.498377
289.683,0.502153
289.75,0.502956
289.817,0.504417
289.883,0.50065
289.95,0.49877
290.016,0.49717
290.083,0.494981
290.15,0.493786
290.216,0.49123
290.283,0.487749
290.349,0.484648
290.416,0.479476
290.483,0.474178
290.549,0.47098
290.616,0.466372
290.682,0.462593
290.749,0.458776
290.816,0.454713
290.882,0.449546
290.949,0.447668
291.016,0.449024
291.082,0.448047
291.149,0.446449
291.215,0.445832
291.282,0.442766
291.349,0.44076
291.415,0.44038
291.482,0.437769
291.548,0.436437
291.615,0.438529
291.682,0.435375
291.748,0.436488
291.815,0.439699
291.881,0.440275
291.948,0.436905
292.015,0.435653
292.081,0.43399
292.148,0.433249
292.214,0.431793
292.281,0.425086
292.348,0.423481
292.414,0.416493
292.481,0.409727
292.548,0.410512
292.614,0.408172
292.681,0.403275
292.747,0.401617
292.814,0.395718
292.881,0.389293
292.947,0.386033
293.014,0.38136
293.08,0.375939
293.147,0.374462
293.214,0.370138
293.28,0.368447
293.347,0.367735
293.413,0.367196
293.48,0.364551
293.547,0.363714
293.613,0.364163
293.68,0.361429
293.746,0.361623
293.813,0.361046
293.88,0.355877
293.946,0.354116
294.013,0.357675
294.08,0.358315
294.146,0.36081
294.213,0.36525
294.279,0.36796
294.346,0.368698
294.413,0.366506
294.479,0.370877
294.546,0.37025
294.612,0.372564
294.679,0.377577
294.746,0.378602
294.812,0.377494
294.879,0.372437
294.945,0.370935
295.012,0.371253
295.079,0.372934
295.145,0.373439
295.212,0.373791
295.278,0.376834
295.345,0.378828
295.412,0.381431
295.478,0.384329
295.545,0.385441
295.612,0.388037
295.678,0.389654
295.745,0.389444
295.811,0.393557
295.878,0.400086
295.945,0.399748
296.011,0.402088
296.078,0.409503
296.144,0.414309
296.211,0.423305
296.278,0.431522
296.344,0.438186
296.411,0.44652
296.477,0.451174
296.544,0.451088
296.611,0.453082
296.677,0.459399
296.744,0.462609
296.811,0.465378
296.877,0.465502
296.944,0.467148
297.01,0.466515
297.077,0.464317
297.144,0.460731
297.21,0.458188
297.277,0.45111
297.343,0.449376
297.41,0.450856
297.477,0.453337
297.543,0.453001
297.61,0.457723
297.676,0.461314
297.743,0.454444
297.81,0.464016
297.876,0.470637
297.943,0.473213
298.009,0.47719
298.076,0.478998
298.143,0.467007
298.209,0.464311
298.276,0.461669
298.343,0.445109
298.409,0.443607
298.476,0.441207
298.542,0.440154
298.609,0.421982
298.676,0.415387
298.742,0.411586
298.809,0.408597
298.875,0.391348
298.942,0.386796
299.009,0.383001
299.075,0.382648
299.142,0.381334
299.208,0.380706
299.275,0.380745
299.342,0.379496
299.408,0.380749
299.475,0.394228
299.541,0.402912
299.608,0.415382
299.675,0.422488
299.741,0.42678
299.808,0.434354
299.875,0.440853
299.941,0.444591
300.008,0.45928
300.074,0.463722
300.141,0.464105
300.208,0.469084
300.274,0.470565
300.341,0.474349
300.407,0.490212
300.474,0.490545
300.541,0.48848
300.607,0.498041
300.674,0.500153
300.74,0.502531
300.807,0.517049
300.874,0.518177
300.94,0.518741
301.007,0.516187
301.073,0.527255
301.14,0.527674
301.207,0.529347
301.273,0.5314
301.34,0.529284
301.407,0.554802
301.473,0.562486
301.54,0.566546
301.606,0.574962
301.673,0.606317
301.74,0.610501
301.806,0.620134
301.873,0.620094
301.939,0.623545
302.006,0.62559
302.073,0.626
302.139,0.623985
302.206,0.617683
302.272,0.609812
302.339,0.603877
302.406,0.595988
302.472,0.583359
302.539,0.583228
302.606,0.572023
302.672,0.563633
302.739,0.555507
302.805,0.545512
302.872,0.535826
302.939,0.528878
303.005,0.52539
303.072,0.520318
303.138,0.516354
303.205,0.510547
303.272,0.513815
303.338,0.511935
303.405,0.514181
303.471,0.517629
303.538,0.520386
303.605,0.486744
303.671,0.485285
303.738,0.484176
303.804,0.478992
303.871,0.479437
303.938,0.479602
304.004,0.478738
304.071,0.465427
304.138,0.463201
304.204,0.460704
304.271,0.463065
304.337,0.463421
304.404,0.462699
304.471,0.453072
304.537,0.453741
304.604,0.453708
304.67,0.454711
304.737,0.454389
304.804,0.456636
304.87,0.453649
304.937,0.449648
305.003,0.446793
305.07,0.441348
305.137,0.438933
305.203,0.435056
305.27,0.43341
305.336,0.431631
305.403,0.427874
305.47,0.425505
305.536,0.42614
305.603,0.427494
305.67,0.430407
305.736,0.430966
305.803,0.433215
305.869,0.446353
305.936,0.449939
306.003,0.451978
306.069,0.450141
306.136,0.451976
306.202,0.452188
306.269,0.451189
306.336,0.449621
306.402,0.448987
306.469,0.450019
306.535,0.450865
306.602,0.450226
306.669,0.448897
306.735,0.450381
306.802,0.446701
306.868,0.440498
306.935,0.437278
307.002,0.432295
307.068,0.430767
307.135,0.429236
307.202,0.421124
307.268,0.410904
307.335,0.407559
307.401,0.402142
307.468,0.392076
307.535,0.387917
307.601,0.382598
307.668,0.37762
307.734,0.37017
307.801,0.364395
307.868,0.36084
307.934,0.357402
308.001,0.340797
308.067,0.331514
308.134,0.329028
308.201,0.323684
308.267,0.319064
308.334,0.314866
308.401,0.312184
308.467,0.312309
308.534,0.312123
308.6,0.313032
308.667,0.315952
308.734,0.315709
308.8,0.318394
308.867,0.318752
308.933,0.319047
309,0.329625
309.067,0.337779
309.133,0.341618
309.2,0.346887
309.266,0.353792
309.333,0.358619
309.4,0.366346
309.466,0.376972
309.533,0.379851
309.599,0.388121
309.666,0.391002
309.733,0.394191
309.799,0.399565
309.866,0.397217
309.933,0.398639
309.999,0.401065
310.066,0.398316
310.132,0.398987
310.199,0.400758
310.266,0.397096
310.332,0.396835
310.399,0.382546
310.465,0.377423
310.532,0.373784
310.599,0.368212
310.665,0.361086
310.732,0.358319
310.798,0.351103
310.865,0.344363
310.932,0.345081
310.998,0.339337
311.065,0.334673
311.131,0.333457
311.198,0.326587
311.265,0.320966
311.331,0.316369
311.398,0.308509
311.465,0.295165
311.531,0.290537
311.598,0.284421
311.664,0.277946
311.731,0.267354
311.798,0.259012
311.864,0.255196
311.931,0.25319
311.997,0.246768
312.064,0.234597
312.131,0.231984
312.197,0.227147
312.264,0.225241
312.33,0.2234
312.397,0.219446
312.464,0.21495
312.53,0.212624
312.597,0.206481
312.663,0.201999
312.73,0.199688
312.797,0.199991
312.863,0.199467
312.93,0.20091
312.997,0.203988
313.063,0.207308
313.13,0.207986
313.196,0.212717
313.263,0.214559
313.33,0.212922
313.396,0.211746
313.463,0.211926
313.529,0.211995
313.596,0.212763
313.663,0.213333
313.729,0.212894
313.796,0.220131
313.862,0.22594
313.929,0.227412
313.996,0.236391
314.062,0.2481
314.129,0.254255
314.196,0.264708
314.262,0.276496
314.329,0.278613
314.395,0.284189
314.462,0.284777
314.529,0.285073
314.595,0.285706
314.662,0.289486
314.728,0.292672
314.795,0.295851
314.862,0.300575
314.928,0.30242
314.995,0.302193
315.061,0.295672
315.128,0.294568
315.195,0.292674
315.261,0.290882
315.328,0.289871
315.394,0.285612
315.461,0.280402
315.528,0.279422
315.594,0.277131
315.661,0.272399
315.728,0.27248
315.794,0.270516
315.861,0.268323
315.927,0.269827
315.994,0.268804
316.061,0.266117
316.127,0.260794
316.194,0.253796
316.26,0.246059
316.327,0.244167
316.394,0.234831
316.46,0.229162
316.527,0.226547
316.593,0.219882
316.66,0.213613
316.727,0.212198
316.793,0.203693
316.86,0.197814
316.926,0.19622
316.993,0.189057
317.06,0.182959
317.126,0.17853
317.193,0.171304
317.26,0.164476
317.326,0.160724
317.393,0.154615
317.459,0.14751
317.526,0.144072
317.593,0.138368
317.659,0.131022
317.726,0.126799
317.792,0.122121
317.859,0.117443
317.926,0.11623
317.992,0.11098
318.059,0.10662
318.125,0.103859
318.192,0.0974081
318.259,0.0899611
318.325,0.0867334
318.392,0.0799398
318.458,0.0740367
318.525,0.0715751
318.592,0.0667102
318.658,0.0622693
318.725,0.0602355
318.792,0.0564634
318.858,0.0530918
318.925,0.0511552
318.991,0.0452873
319.058,0.0414141
319.125,0.0385792
319.191,0.0338933
319.258,0.028484
319.324,0.0262635
319.391,0.0229815
319.458,0.0212355
319.524,0.020026
319.591,0.0187544
319.657,0.0167944
319.724,0.0156278
319.791,0.0130729
319.857,0.0108213
319.924,0.00981024
319.991,0.00923859
320.057,0.00933962
320.124,0.00947187
320.19,0.00967794
320.257,0.00998515
320.324,0.0101057
320.39,0.0104129
320.457,0.0105219
320.523,0.0105141
320.59,0.0103586
320.657,0.0105105
320.723,0.0106854
320.79,0.0109226
320.856,0.0108177
320.923,0.0107478
320.99,0.0105883
321.056,0.0108145
321.123,0.0107873
321.189,0.0106939
321.256,0.0111334
321.323,0.0112229
321.389,0.0116156
321.456,0.0118917
321.523,0.0118295
321.589,0.0118451
321.656,0.0114445
321.722,0.0114289
321.789,0.0114911
321.856,0.0115106
321.922,0.0114484
321.989,0.0136536
322.055,0.0136809
322.122,0.0137236
322.189,0.014023
322.255,0.0140853
322.322,0.014202
322.388,0.014202
322.455,0.0140038
322.522,0.0139882
322.588,0.0141788
322.655,0.0142838
322.721,0.0148282
322.788,0.0146027
322.855,0.0144939
322.921,0.0142176
322.988,0.0142914
323.055,0.0140504
323.121,0.0140891
323.188,0.0144469
323.254,0.0143963
323.321,0.0142913
323.388,0.0145906
323.454,0.0145284
323.521,0.014225
323.587,0.0141862
323.654,0.0140385
323.721,0.0139763
323.787,0.0138906
323.854,0.0139023
323.92,0.0138013
323.987,0.013669
324.054,0.0136224
324.12,0.0136457
324.187,0.013774
324.253,0.0136728
324.32,0.0137311
324.387,0.0137272
324.453,0.01363
324.52,0.0136611
324.587,0.0134589
324.653,0.013704
324.72,0.0137196
324.786,0.0135796
324.853,0.0135952
324.92,0.0135019
324.986,0.0135602
325.053,0.0135213
325.119,0.0134163
325.186,0.0139179
325.253,0.0140035
325.319,0.0138052
325.386,0.0139957
325.452,0.0138402
325.519,0.0138518
325.586,0.0139685
325.652,0.0139063
325.719,0.0139374
325.786,0.0139529
325.852,0.0139373
325.919,0.0136456
325.985,0.0136106
326.052,0.0135328
326.119,0.0136417
326.185,0.0136845
326.252,0.0135329
326.318,0.0133269
326.385,0.0129419
326.452,0.0129069
326.518,0.0129147
326.585,0.0129535
326.651,0.0129496
326.718,0.0130897
326.785,0.0133308
326.851,0.0134941
326.918,0.0131364
326.984,0.0127126
327.051,0.0124754
327.118,0.0116432
327.184,0.0108227
327.251,0.0105894
327.318,0.0101461
327.384,0.00984668
327.451,0.0120055
327.517,0.0247992
327.584,0.0378662
327.651,0.0425666
327.717,0.0493954
327.784,0.0518723
327.85,0.0526251
327.917,0.0536094
327.984,0.0546414
328.05,0.0556428
328.117,0.0625519
328.183,0.0764791
328.25,0.083573
328.317,0.0947672
328.383,0.105581
328.45,0.110198
328.516,0.113226
328.583,0.113475
328.65,0.113221
328.716,0.112247
328.783,0.112519
328.85,0.111847
328.916,0.110213
328.983,0.110326
329.049,0.109891
329.116,0.109529
329.183,0.107534
329.249,0.107603
329.316,0.107125
329.382,0.106487
329.449,0.105239
329.516,0.104718
329.582,0.104037
329.649,0.103217
329.715,0.1003
329.782,0.0944009
329.849,0.0928998
329.915,0.088976
329.982,0.0849823
330.048,0.0832555
330.115,0.0792541
330.182,0.076672
330.248,0.0756998
330.315,0.0719784
330.382,0.0692446
330.448,0.0678447
330.515,0.0665577
330.581,0.0650606
330.648,0.0645279
330.715,0.0629725
330.781,0.0666025
330.848,0.0707735
330.914,0.0786634
330.981,0.0843984
331.048,0.0871034
331.114,0.0921817
331.181,0.0978598
331.247,0.102723
331.314,0.110183
331.381,0.115001
331.447,0.117834
331.514,0.120955
331.581,0.118322
331.647,0.117636
331.714,0.113202
331.78,0.108027
331.847,0.106615
331.914,0.103004
331.98,0.097691
332.047,0.0977344
332.113,0.0967643
332.18,0.0950838
332.247,0.0951888
332.313,0.0930656
332.38,0.0920701
332.446,0.0912885
332.513,0.0895696
332.58,0.0885586
332.646,0.0882203
332.713,0.0869527
332.779,0.087229
332.846,0.0861285
332.913,0.0866069
332.979,0.0861752
333.046,0.0846779
333.113,0.0841099
333.179,0.0815473
333.246,0.0798168
333.312,0.0774369
333.379,0.0747381
333.446,0.0731321
333.512,0.0716894
333.579,0.0692472
333.645,0.068275
333.712,0.0673611
333.779,0.064289
333.845,0.0627218
333.912,0.0582225
333.978,0.0545826
334.045,0.0520044
334.112,0.0477112
334.178,0.0432702
334.245,0.0404743
334.311,0.0351515
334.378,0.0355363
334.445,0.0357274
334.511,0.0340545
334.578,0.0316031
334.645,0.0309005
334.711,0.0295109
334.778,0.0283872
334.844,0.0280688
334.911,0.0269106
334.978,0.0249288
335.044,0.0239395
335.111,0.022065
335.177,0.0207155
335.244,0.0201711
335.311,0.0202646
335.377,0.0203773
335.444,0.0203968
335.51,0.0203267
335.577,0.0204395
335.644,0.0202489
335.71,0.0201788
335.777,0.0202023
335.843,0.0202723
335.91,0.0203072
335.977,0.0204007
336.043,0.0202881
336.11,0.0203814
336.177,0.0200313
336.243,0.0196662
336.31,0.0196895
336.376,0.0198021
336.443,0.019849
336.51,0.0218222
336.576,0.0236324
336.643,0.024396
336.709,0.0264964
336.776,0.0295307
336.843,0.0316907
336.909,0.035172
336.976,0.0415313
337.042,0.0444584
337.109,0.0496289
337.176,0.0569059
337.242,0.0620707
337.309,0.0675503
337.375,0.0740093
337.442,0.0783582
337.509,0.0856535
337.575,0.09518
337.642,0.100111
337.709,0.110473
337.775,0.119046
337.842,0.123695
337.908,0.130242
337.975,0.137228
338.042,0.13929
338.108,0.144747
338.175,0.147832
338.241,0.149636
338.308,0.154493
338.375,0.155465
338.441,0.154282
338.508,0.153421
338.574,0.150056
338.641,0.14599
338.708,0.141844
338.774,0.136458
338.841,0.135583
338.908,0.131433
338.974,0.123967
339.041,0.121478
339.107,0.118978
339.174,0.113865
339.241,0.111291
339.307,0.109375
339.374,0.106832
339.44,0.105132
339.507,0.100093
339.574,0.0976894
339.64,0.0964373
339.707,0.0925254
339.773,0.0881312
339.84,0.0857008
339.907,0.0824616
339.973,0.077169
340.04,0.0759482
340.106,0.0719153
340.173,0.067078
340.24,0.0643676
340.306,0.0604137
340.373,0.0545922
340.44,0.0508202
340.506,0.0466397
340.573,0.0463131
340.639,0.0466981
340.706,0.0461575
340.773,0.0461147
340.839,0.0444892
340.906,0.0416854
340.972,0.040931
341.039,0.040056
341.106,0.0354946
341.172,0.0322552
341.239,0.0305791
341.305,0.0269159
341.372,0.0232215
341.439,0.0211411
341.505,0.0175245
341.572,0.0137874
341.638,0.0120453
341.705,0.008001
341.772,0.00702104
341.838,0.00703659
341.905,0.00703659
341.972,0.00754618
342.038,0.00747987
342.105,0.00753047
342.171,0.00756538
342.238,0.0075615
342.305,0.0075615
342.371,0.00760038
342.438,0.0075732
342.504,0.00754987
342.571,0.00757709
342.638,0.00761991
342.704,0.00763558
342.771,0.00763943
342.837,0.00764717
342.904,0.00768994
342.971,0.00767038
343.037,0.00766256
343.104,0.00766256
343.17,0.00766653
343.237,0.00766653
343.304,0.00768602
343.37,0.00767824
343.437,0.00768994
343.504,0.00768998
343.57,0.00768606
343.637,0.00768193
343.703,0.00765863
343.77,0.00766252
343.837,0.00765082
343.903,0.00765086
343.97,0.00765475
344.036,0.00765863
344.103,0.00766256
344.17,0.00767038
344.236,0.0076432
344.303,0.00763927
344.369,0.00761975
344.436,0.0075884
344.503,0.00759633
344.569,0.00760026
344.636,0.00760415
344.703,0.0076003
344.769,0.00761594
344.836,0.0076082
344.902,0.00760431
344.969,0.00760427
345.036,0.00765871
345.102,0.00778704
345.169,0.00781025
345.235,0.00780637
345.302,0.00782553
345.369,0.00780601
345.435,0.00779426
345.502,0.00777097
345.568,0.00775152
345.635,0.00775934
345.702,0.0077672
345.768,0.00777894
345.835,0.00779061
345.901,0.00778672
345.968,0.00770502
346.035,0.0078726
346.101,0.00786867
346.168,0.00787256
346.235,0.00786081
346.301,0.00784132
346.368,0.00784525
346.434,0.00782954
346.501,0.00782561
346.568,0.0078412
346.634,0.00784124
346.701,0.00784517
346.767,0.00782581
346.834,0.00782573
346.901,0.00782962
346.967,0.00784132
347.034,0.00782577
347.1,0.00782188
347.167,0.00781025
347.234,0.00781414
347.3,0.00781025
347.367,0.00780645
347.433,0.00781034
347.5,0.00781034
347.567,0.00781422
347.633,0.00779089
347.7,0.00768922
347.767,0.00766208
347.833,0.00766597
347.9,0.00767375
347.966,0.00765823
348.033,0.00763871
348.1,0.00763871
348.166,0.00763875
348.233,0.00759593
348.299,0.00758042
348.366,0.00756101
348.433,0.00756502
348.499,0.00755328
348.566,0.00754943
348.632,0.00755725
348.699,0.00755721
348.766,0.00756506
348.832,0.00756113
348.899,0.00757276
348.965,0.0075884
349.032,0.00758062
349.099,0.0075728
349.165,0.00757673
349.232,0.0075649
349.299,0.00756883
349.365,0.00755745
349.432,0.00754582
349.498,0.00754975
349.565,0.00754975
349.632,0.00751848
349.698,0.00751455
349.765,0.00751467
349.831,0.00752642
349.898,0.00752642
349.965,0.00752249
350.031,0.00752257
350.098,0.00752257
350.164,0.0131054
350.231,0.02334
350.298,0.0285498
350.364,0.0393776
350.431,0.0477341
350.498,0.0524564
350.564,0.0594851
350.631,0.0641516
350.697,0.0650048
350.764,0.0666924
350.831,0.0679265
350.897,0.0682301
350.964,0.069894
351.03,0.069893
351.097,0.0703036
351.164,0.0702293
351.23,0.0697906
351.297,0.069441
351.363,0.0700156
351.43,0.0700969
351.497,0.0699466
351.563,0.0697366
351.63,0.0695499
351.696,0.0690364
351.763,0.0686163
351.83,0.0679631
351.896,0.0674497
351.963,0.0673136
352.03,0.0672981
352.096,0.0669754
352.163,0.0659837
352.229,0.068991
352.296,0.0735725
352.363,0.0834868
352.429,0.0936135
352.496,0.0993633
352.562,0.10891
352.629,0.111788
352.696,0.115109
352.762,0.119423
352.829,0.123106
352.895,0.124022
352.962,0.125011
353.029,0.125558
353.095,0.126105
353.162,0.126538
353.228,0.128407
353.295,0.12923
353.362,0.129969
353.428,0.130083
353.495,0.13011
353.562,0.130733
353.628,0.131642
353.695,0.13055
353.761,0.130631
353.828,0.130366
353.895,0.130709
353.961,0.129838
354.028,0.129935
354.094,0.129185
354.161,0.129006
354.228,0.128317
354.294,0.12782
354.361,0.128812
354.427,0.12749
354.494,0.127148
354.561,0.125825
354.627,0.124149
354.694,0.123535
354.76,0.122465
354.827,0.12373
354.894,0.125657
354.96,0.131673
355.027,0.139505
355.094,0.142624
355.16,0.145543
355.227,0.150217
355.293,0.151645
355.36,0.157221
355.427,0.157288
355.493,0.157082
355.56,0.157585
355.626,0.157457
355.693,0.157622
355.76,0.157153
355.826,0.158222
355.893,0.158023
355.959,0.158573
356.026,0.159869
356.093,0.160366
356.159,0.159368
356.226,0.159083
356.293,0.158828
356.359,0.160817
356.426,0.165909
356.492,0.17005
356.559,0.180699
356.626,0.190948
356.692,0.195168
356.759,0.204421
356.825,0.212471
356.892,0.215689
356.959,0.21934
357.025,0.221406
357.092,0.22264
357.158,0.223874
357.225,0.221518
357.292,0.221416
357.358,0.220174
357.425,0.220056
357.491,0.219877
357.558,0.216255
357.625,0.21579
357.691,0.216566
357.758,0.215772
357.825,0.215815
357.891,0.215787
357.958,0.215071
358.024,0.21524
358.091,0.214987
358.158,0.215073
358.224,0.214412
358.291,0.213315
358.357,0.212709
358.424,0.211783
358.491,0.211834
358.557,0.21185
358.624,0.210279
358.69,0.211867
358.757,0.216791
358.824,0.223912
358.89,0.227148
358.957,0.233519
359.023,0.239677
359.09,0.239691
359.157,0.244066
359.223,0.249336
359.29,0.251328
359.357,0.25612
359.423,0.259593
359.49,0.259913
359.556,0.260527
359.623,0.260817
359.69,0.260351
359.756,0.259542
359.823,0.25887
359.889,0.25857
359.956,0.257702
360.023,0.258007
360.089,0.257886
360.156,0.258184
360.222,0.258759
360.289,0.259271
360.356,0.260279
360.422,0.26115
360.489,0.261544
360.555,0.262434
360.622,0.263607
360.689,0.264275
360.755,0.265837
360.822,0.27069
360.889,0.273328
360.955,0.27765
361.022,0.28484
361.088,0.286784
361.155,0.288655
361.222,0.292388
361.288,0.293241
361.355,0.294366
361.421,0.295923
361.488,0.296372
361.555,0.297089
361.621,0.297628
361.688,0.297243
361.754,0.296768
361.821,0.296668
361.888,0.296006
361.954,0.29663
362.021,0.297727
362.088,0.298159
362.154,0.29867
362.221,0.300824
362.287,0.301692
362.354,0.303812
362.421,0.305651
362.487,0.306619
362.554,0.308293
362.62,0.309656
362.687,0.30722
362.754,0.309416
362.82,0.312284
362.887,0.313484
362.953,0.315163
363.02,0.317019
363.087,0.317022
363.153,0.316919
363.22,0.317048
363.286,0.316474
363.353,0.316158
363.42,0.316474
363.486,0.317033
363.553,0.317527
363.62,0.317149
363.686,0.31764
363.753,0.317229
363.819,0.316393
363.886,0.315988
363.953,0.314066
364.019,0.31307
364.086,0.312061
364.152,0.311293
364.219,0.309282
364.286,0.309597
364.352,0.308944
364.419,0.308213
364.485,0.307388
364.552,0.306988
364.619,0.306044
364.685,0.306512
364.752,0.306371
364.818,0.304818
364.885,0.304572
364.952,0.304559
365.018,0.304999
365.085,0.305862
365.152,0.307551
365.218,0.309964
365.285,0.310361
365.351,0.31185
365.418,0.314475
365.485,0.315711
365.551,0.318948
365.618,0.322599
365.684,0.324583
365.751,0.327549
365.818,0.330663
365.884,0.333599
365.951,0.337581
366.017,0.344515
366.084,0.345425
366.151,0.348033
366.217,0.349897
366.284,0.352936
366.35,0.355569
366.417,0.358153
366.484,0.361692
366.55,0.365159
366.617,0.368463
366.684,0.369329
366.75,0.371817
366.817,0.377118
366.883,0.379096
366.95,0.381516
367.017,0.383473
367.083,0.385265
367.15,0.388003
367.216,0.389666
367.283,0.38997
367.35,0.390494
367.416,0.390864
367.483,0.391129
367.549,0.391342
367.616,0.396465
367.683,0.401679
367.749,0.407005
367.816,0.412712
367.883,0.415186
367.949,0.422055
368.016,0.42836
368.082,0.431288
368.149,0.437001
368.216,0.456622
368.282,0.46147
368.349,0.472094
368.415,0.481372
368.482,0.485847
368.549,0.4943
368.615,0.502096
368.682,0.50656
368.748,0.515086
368.815,0.519185
368.882,0.521829
368.948,0.525412
369.015,0.528789
369.081,0.532334
369.148,0.533595
369.215,0.533803
369.281,0.535595
369.348,0.538249
369.415,0.539671
369.481,0.541851
369.548,0.541032
369.614,0.542267
369.681,0.543181
369.748,0.543935
369.814,0.548123
369.881,0.549338
369.947,0.549155
370.014,0.552461
370.081,0.554606
370.147,0.558122
370.214,0.563005
370.28,0.563904
370.347,0.567315
370.414,0.571287
370.48,0.573914
370.547,0.577551
370.613,0.581363
370.68,0.583077
370.747,0.587408
370.813,0.59157
370.88,0.592493
370.947,0.596307
371.013,0.596151
371.08,0.599047
371.146,0.601178
371.213,0.604478
371.28,0.605186
371.346,0.610282
371.413,0.613453
371.479,0.616185
371.546,0.61945
371.613,0.623746
371.679,0.625951
371.746,0.629162
371.812,0.630668
371.879,0.632429
371.946,0.63327
372.012,0.636113
372.079,0.636062
372.145,0.642953
372.212,0.645462
372.279,0.647621
372.345,0.649644
372.412,0.651547
372.479,0.652774
372.545,0.653746
372.612,0.655342
372.678,0.655459
372.745,0.65687
372.812,0.657048
372.878,0.657676
372.945,0.658502
373.011,0.659966
373.078,0.659489
373.145,0.659471
373.211,0.659694
373.278,0.659573
373.344,0.660811
373.411,0.664684
373.478,0.666624
373.544,0.667885
373.611,0.668125
373.678,0.668025
373.744,0.668372
373.811,0.668415
373.877,0.667944
373.944,0.667746
374.011,0.667728
374.077,0.666399
374.144,0.665491
374.21,0.664271
374.277,0.663807
374.344,0.664967
374.41,0.664292
374.477,0.66408
374.543,0.66322
374.61,0.662789
374.677,0.663032
374.743,0.663013
374.81,0.662373
374.876,0.661368
374.943,0.661014
375.01,0.659775
375.076,0.659262
375.143,0.65731
375.21,0.65672
375.276,0.656863
375.343,0.656568
375.409,0.657039
375.476,0.658063
375.543,0.65822
375.609,0.658188
375.676,0.658883
375.742,0.659636
375.809,0.659618
375.876,0.661007
375.942,0.66298
376.009,0.681498
376.075,0.681526
376.142,0.682594
376.209,0.68256
376.275,0.682823
376.342,0.683926
376.408,0.683082
376.475,0.681974
376.542,0.682172
376.608,0.681065
376.675,0.681564
376.742,0.681361
376.808,0.681284
376.875,0.681974
376.941,0.683145
377.008,0.683348
377.075,0.682763
377.141,0.683818
377.208,0.682817
377.274,0.683164
377.341,0.682788
377.408,0.681982
377.474,0.682872
377.541,0.682919
377.607,0.683109
377.674,0.692303
377.741,0.691608
377.807,0.692555
377.874,0.692399
377.94,0.694479
378.007,0.693521
378.074,0.693022
378.14,0.693418
378.207,0.693737
378.274,0.693022
378.34,0.695115
378.407,0.6962
378.473,0.695955
378.54,0.696433
378.607,0.697322
378.673,0.696608
378.74,0.697035
378.806,0.696685
378.873,0.696998
378.94,0.697681
379.006,0.696242
379.073,0.696372
379.139,0.696246
379.206,0.695434
379.273,0.694555
379.339,0.697631
379.406,0.697189
379.473,0.697404
379.539,0.697357
379.606,0.698422
379.672,0.698857
379.739,0.707271
379.806,0.711882
379.872,0.715407
379.939,0.721532
380.005,0.72748
380.072,0.729933
380.139,0.732399
380.205,0.734251
380.272,0.734705
380.338,0.739905
380.405,0.758056
380.472,0.762548
380.538,0.767421
380.605,0.772326
380.671,0.773465
380.738,0.775856
380.805,0.780177
380.871,0.78142
380.938,0.782887
381.005,0.798332
381.071,0.798064
381.138,0.798334
381.204,0.797856
381.271,0.798066
381.338,0.79835
381.404,0.798742
381.471,0.799026
381.537,0.799006
381.604,0.799155
381.671,0.799182
381.737,0.799899
381.804,0.80002
381.87,0.800148
381.937,0.800903
382.004,0.800802
382.07,0.80046
382.137,0.801187
