0,0
0.0666092,0.0652039
0.133218,0.0660621
0.199828,0.0688719
0.266437,0.0755847
0.333046,0.0833634
0.399655,0.0867844
0.466264,0.0893042
0.532873,0.0932974
0.599483,0.0940537
0.666092,0.0954488
0.732701,0.0969732
0.79931,0.0972514
0.865919,0.0984309
0.932529,0.100167
0.999138,0.100555
1.06575,0.101049
1.13236,0.10157
1.19897,0.101703
1.26557,0.101405
1.33218,0.100042
1.39879,0.100457
1.4654,0.100978
1.53201,0.10168
1.59862,0.10233
1.66523,0.10532
1.73184,0.10793
1.79845,0.109117
1.86506,0.111065
1.93167,0.112072
1.99828,0.111743
2.06488,0.111324
2.13149,0.110638
2.1981,0.11101
2.26471,0.111096
2.33132,0.111641
2.39793,0.11197
2.46454,0.111214
2.53115,0.111414
2.59776,0.111692
2.66437,0.11168
2.73098,0.112648
2.79759,0.112738
2.86419,0.113471
2.9308,0.114063
2.99741,0.114811
3.06402,0.114349
3.13063,0.11496
3.19724,0.114925
3.26385,0.114972
3.33046,0.115007
3.39707,0.115364
3.46368,0.115834
3.53029,0.115803
3.5969,0.115924
3.6635,0.115944
3.73011,0.116414
3.79672,0.116665
3.86333,0.116986
3.92994,0.11699
3.99655,0.11737
4.06316,0.118213
4.12977,0.119177
4.19638,0.1194
4.26299,0.119647
4.3296,0.120474
4.39621,0.121512
4.46282,0.122465
4.52942,0.123037
4.59603,0.123891
4.66264,0.122625
4.72925,0.123123
4.79586,0.124263
4.86247,0.12489
4.92908,0.124843
4.99569,0.124397
5.0623,0.123793
5.12891,0.122876
5.19552,0.122708
5.26213,0.122335
5.32873,0.123319
5.39534,0.123354
5.46195,0.123307
5.52856,0.126587
5.59517,0.130224
5.66178,0.137442
5.72839,0.144504
5.795,0.147913
5.86161,0.155018
5.92822,0.159273
5.99483,0.160743
6.06144,0.165351
6.12804,0.165206
6.19465,0.165214
6.26126,0.165351
6.32787,0.16327
6.39448,0.16378
6.46109,0.163776
6.5277,0.164031
6.59431,0.164054
6.66092,0.164568
6.72753,0.16503
6.79414,0.165684
6.86075,0.166931
6.92735,0.166934
6.99396,0.16726
7.06057,0.167197
7.12718,0.172699
7.19379,0.175313
7.2604,0.17978
7.32701,0.184984
7.39362,0.188311
7.46023,0.193221
7.52684,0.196501
7.59345,0.197128
7.66006,0.200518
7.72666,0.203508
7.79327,0.203688
7.85988,0.203183
7.92649,0.202944
7.9931,0.201302
8.05971,0.201988
8.12632,0.201654
8.19293,0.202152
8.25954,0.202434
8.32615,0.202101
8.39276,0.202873
8.45937,0.203332
8.52598,0.203673
8.59258,0.203833
8.65919,0.204182
8.7258,0.204296
8.79241,0.204492
8.85902,0.204848
8.92563,0.204766
8.99224,0.204997
9.05885,0.205362
9.12546,0.205362
9.19207,0.205683
9.25868,0.206094
9.32529,0.205965
9.39189,0.206271
9.4585,0.205538
9.52511,0.20564
9.59172,0.205275
9.65833,0.204946
9.72494,0.205291
9.79155,0.205949
9.85816,0.204876
9.92477,0.203351
9.99138,0.202979
10.058,0.202187
10.1246,0.200589
10.1912,0.20015
10.2578,0.198625
10.3244,0.197258
10.391,0.196591
10.4576,0.194428
10.5243,0.193504
10.5909,0.193135
10.6575,0.192383
10.7241,0.191971
10.7907,0.191419
10.8573,0.190286
10.9239,0.188695
10.9905,0.188064
11.0571,0.187845
11.1237,0.187382
11.1903,0.186716
11.257,0.185874
11.3236,0.185208
11.3902,0.184902
11.4568,0.184424
11.5234,0.183648
11.59,0.183601
11.6566,0.183111
11.7232,0.182323
11.7898,0.182076
11.8564,0.181614
11.923,0.181375
11.9897,0.181516
12.0563,0.182163
12.1229,0.181348
12.1895,0.181594
12.2561,0.181931
12.3227,0.181955
12.3893,0.181159
12.4559,0.180666
12.5225,0.180317
12.5891,0.180435
12.6557,0.180242
12.7224,0.179953
12.789,0.179784
12.8556,0.179224
12.9222,0.179525
12.9888,0.181641
13.0554,0.181598
13.122,0.181834
13.1886,0.182214
13.2552,0.182151
13.3218,0.182116
13.3884,0.18228
13.4551,0.18239
13.5217,0.182778
13.5883,0.18328
13.6549,0.183338
13.7215,0.182915
13.7881,0.182852
13.8547,0.182774
13.9213,0.182602
13.9879,0.182876
14.0545,0.183307
14.1211,0.183374
14.1878,0.183037
14.2544,0.182578
14.321,0.182484
14.3876,0.182272
14.4542,0.181982
14.5208,0.181881
14.5874,0.181931
14.654,0.182096
14.7206,0.1821
14.7872,0.182073
14.8538,0.181661
14.9205,0.181739
14.9871,0.18163
15.0537,0.181594
15.1203,0.181865
15.1869,0.181508
15.2535,0.181755
15.3201,0.181978
15.3867,0.181845
15.4533,0.1819
15.5199,0.182378
15.5865,0.182731
15.6532,0.183111
15.7198,0.182766
15.7864,0.182472
15.853,0.181751
15.9196,0.180462
15.9862,0.179768
16.0528,0.179639
16.1194,0.180043
16.186,0.18
16.2526,0.180466
16.3192,0.178926
16.3859,0.179435
16.4525,0.179753
16.5191,0.179941
16.5857,0.179435
16.6523,0.179141
16.7189,0.17911
16.7855,0.178934
16.8521,0.178746
16.9187,0.178714
16.9853,0.178581
17.052,0.178867
17.1186,0.178988
17.1852,0.178977
17.2518,0.179012
17.3184,0.178898
17.385,0.17922
17.4516,0.178957
17.5182,0.179157
17.5848,0.179247
17.6514,0.17938
17.718,0.179337
17.7847,0.179145
17.8513,0.179055
17.9179,0.179086
17.9845,0.179314
18.0511,0.179384
18.1177,0.179392
18.1843,0.179153
18.2509,0.179318
18.3175,0.179518
18.3841,0.1794
18.4507,0.178847
18.5174,0.178267
18.584,0.177625
18.6506,0.177366
18.7172,0.177064
18.7838,0.177068
18.8504,0.176814
18.917,0.177092
18.9836,0.176974
19.0502,0.177221
19.1168,0.17737
19.1834,0.177205
19.2501,0.177233
19.3167,0.176778
19.3833,0.176774
19.4499,0.176727
19.5165,0.176692
19.5831,0.176708
19.6497,0.176449
19.7163,0.176692
19.7829,0.176774
19.8495,0.176774
19.9161,0.176665
19.9828,0.17661
20.0494,0.176782
20.116,0.176939
20.1826,0.176712
20.2492,0.176806
20.3158,0.177025
20.3824,0.177151
20.449,0.177343
20.5156,0.178162
20.5822,0.177981
20.6488,0.177699
20.7155,0.179079
20.7821,0.179224
20.8487,0.179427
20.9153,0.180262
20.9819,0.180595
21.0485,0.181167
21.1151,0.181011
21.1817,0.180721
21.2483,0.18034
21.3149,0.179392
21.3815,0.179796
21.4482,0.180293
21.5148,0.180525
21.5814,0.180709
21.648,0.181046
21.7146,0.180975
21.7812,0.181011
21.8478,0.180709
21.9144,0.18092
21.981,0.180846
22.0476,0.181128
22.1142,0.18094
22.1809,0.180881
22.2475,0.180881
22.3141,0.180599
22.3807,0.18054
22.4473,0.180478
22.5139,0.180576
22.5805,0.180881
22.6471,0.182006
22.7137,0.18462
22.7803,0.186011
22.8469,0.187759
22.9136,0.189173
22.9802,0.188143
23.0468,0.189448
23.1134,0.190325
23.18,0.190898
23.2466,0.190216
23.3132,0.190012
23.3798,0.189357
23.4464,0.188499
23.513,0.188296
23.5796,0.188256
23.6463,0.188264
23.7129,0.188378
23.7795,0.188374
23.8461,0.188417
23.9127,0.188194
23.9793,0.188488
24.0459,0.188652
24.1125,0.188695
24.1791,0.189075
24.2457,0.189248
24.3124,0.189432
24.379,0.189295
24.4456,0.189322
24.5122,0.189111
24.5788,0.189134
24.6454,0.189424
24.712,0.189514
24.7786,0.189534
24.8452,0.189871
24.9118,0.189393
24.9784,0.189436
25.0451,0.189381
25.1117,0.189256
25.1783,0.189083
25.2449,0.188484
25.3115,0.188009
25.3781,0.188111
25.4447,0.188135
25.5113,0.187312
25.5779,0.18723
25.6445,0.18681
25.7111,0.18665
25.7778,0.186693
25.8444,0.186242
25.911,0.185772
25.9776,0.186136
26.0442,0.185936
26.1108,0.186744
26.1774,0.187128
26.244,0.187861
26.3106,0.189585
26.3772,0.189863
26.4438,0.190416
26.5105,0.191266
26.5771,0.191623
26.6437,0.192105
26.7103,0.192959
26.7769,0.193319
26.8435,0.193758
26.9101,0.194597
26.9767,0.194758
27.0433,0.1954
27.1099,0.19636
27.1765,0.196795
27.2432,0.198092
27.3098,0.199511
27.3764,0.201188
27.443,0.203477
27.5096,0.206098
27.5762,0.207486
27.6428,0.210413
27.7094,0.213046
27.776,0.214473
27.8426,0.217279
27.9092,0.218948
27.9759,0.216769
28.0425,0.218944
28.1091,0.220527
28.1757,0.221824
28.2423,0.224301
28.3089,0.226899
28.3755,0.22773
28.4421,0.229771
28.5087,0.231402
28.5753,0.232542
28.6419,0.235105
28.7086,0.237601
28.7752,0.238436
28.8418,0.241167
28.9084,0.243205
28.975,0.244541
29.0416,0.247116
29.1082,0.249103
29.1748,0.249737
29.2414,0.252061
29.308,0.254158
29.3746,0.255118
29.4413,0.257669
29.5079,0.259389
29.5745,0.259993
29.6411,0.259703
29.7077,0.262113
29.7743,0.263829
29.8409,0.26613
29.9075,0.268681
29.9741,0.269241
30.0407,0.270954
30.1073,0.272686
30.174,0.273113
30.2406,0.273896
30.3072,0.274911
30.3738,0.275115
30.4404,0.275895
30.507,0.276424
30.5736,0.276777
30.6402,0.277384
30.7068,0.278176
30.7734,0.278364
30.8401,0.279477
30.9067,0.279598
30.9733,0.279963
31.0399,0.279959
31.1065,0.280155
31.1731,0.280135
31.2397,0.280688
31.3063,0.284606
31.3729,0.284665
31.4395,0.284783
31.5061,0.28465
31.5728,0.284712
31.6394,0.284947
31.706,0.284959
31.7726,0.284285
31.8392,0.284532
31.9058,0.284442
31.9724,0.284101
32.039,0.284587
32.1056,0.284046
32.1722,0.283721
32.2388,0.284234
32.3055,0.284183
32.3721,0.284156
32.4387,0.28434
32.5053,0.284046
32.5719,0.283701
32.6385,0.283125
32.7051,0.283321
32.7717,0.282917
32.8383,0.283345
32.9049,0.282847
32.9715,0.281334
33.0382,0.281346
33.1048,0.28175
33.1714,0.281538
33.238,0.285735
33.3046,0.291895
33.3712,0.294564
33.4378,0.301136
33.5044,0.307351
33.571,0.310674
33.6376,0.314561
33.7042,0.320145
33.7709,0.323069
33.8375,0.329684
33.9041,0.335926
33.9707,0.338466
34.0373,0.340832
34.1039,0.34287
34.1705,0.343842
34.2371,0.345852
34.3037,0.346703
34.3703,0.347451
34.4369,0.350747
34.5036,0.352369
34.5702,0.353349
34.6368,0.362425
34.7034,0.365062
34.77,0.36632
34.8366,0.366896
34.9032,0.368189
34.9698,0.37
35.0364,0.371164
35.103,0.371532
35.1696,0.371983
35.2363,0.373969
35.3029,0.374604
35.3695,0.375169
35.4361,0.376399
35.5027,0.376524
35.5693,0.377637
35.6359,0.37846
35.7025,0.378895
35.7691,0.37897
35.8357,0.379338
35.9023,0.380537
35.969,0.380576
36.0356,0.379597
36.1022,0.380502
36.1688,0.38116
36.2354,0.380137
36.302,0.379091
36.3686,0.379236
36.4352,0.378159
36.5018,0.376395
36.5684,0.376183
36.635,0.374557
36.7017,0.372692
36.7683,0.372147
36.8349,0.37112
36.9015,0.369925
36.9681,0.368491
37.0347,0.368236
37.1013,0.367711
37.1679,0.3673
37.2345,0.366026
37.3011,0.365713
37.3678,0.364835
37.4344,0.363832
37.501,0.363624
37.5676,0.361935
37.6342,0.360885
37.7008,0.360748
37.7674,0.360501
37.834,0.361539
37.9006,0.364811
37.9672,0.368279
38.0338,0.371438
38.1005,0.373993
38.1671,0.375372
38.2337,0.37859
38.3003,0.382473
38.3669,0.38424
38.4335,0.387219
38.5001,0.390969
38.5667,0.393238
38.6333,0.397227
38.6999,0.401687
38.7665,0.403611
38.8332,0.406487
38.8998,0.409951
38.9664,0.411742
39.033,0.414869
39.0996,0.417679
39.1662,0.419646
39.2328,0.422871
39.2994,0.425497
39.366,0.426696
39.4326,0.429055
39.4992,0.434059
39.5659,0.436054
39.6325,0.446051
39.6991,0.45138
39.7657,0.454088
39.8323,0.456663
39.8989,0.462031
39.9655,0.465319
40.0321,0.469685
40.0987,0.473693
40.1653,0.476135
40.2319,0.479074
40.2986,0.482754
40.3652,0.485461
40.4318,0.495462
40.4984,0.504338
40.565,0.508316
40.6316,0.514033
40.6982,0.51823
40.7648,0.519974
40.8314,0.522521
40.898,0.525472
40.9646,0.527047
41.0313,0.529516
41.0979,0.53242
41.1645,0.534105
41.2311,0.536836
41.2977,0.547574
41.3643,0.548032
41.4309,0.549878
41.4975,0.551308
41.5641,0.552378
41.6307,0.553248
41.6973,0.554494
41.764,0.554463
41.8306,0.555646
41.8972,0.558064
41.9638,0.559761
42.0304,0.5619
42.097,0.564083
42.1636,0.564816
42.2302,0.565831
42.2968,0.565686
42.3634,0.566195
42.43,0.565948
42.4967,0.565666
42.5633,0.565698
42.6299,0.564165
42.6965,0.563053
42.7631,0.561967
42.8297,0.561203
42.8963,0.562782
42.9629,0.564361
43.0295,0.56607
43.0961,0.566803
43.1627,0.567743
43.2294,0.568178
43.296,0.569562
43.3626,0.570075
43.4292,0.570059
43.4958,0.570169
43.5624,0.570592
43.629,0.570416
43.6956,0.569781
43.7622,0.569499
43.8288,0.569393
43.8954,0.569299
43.9621,0.569597
44.0287,0.569859
44.0953,0.570667
44.1619,0.571266
44.2285,0.571995
44.2951,0.573053
44.3617,0.572806
44.4283,0.57406
44.4949,0.57457
44.5615,0.574668
44.6282,0.572497
44.6948,0.573567
44.7614,0.57486
44.828,0.575984
44.8946,0.57718
44.9612,0.577325
45.0278,0.577952
45.0944,0.578939
45.161,0.579198
45.2276,0.580569
45.2942,0.581192
45.3609,0.582462
45.4275,0.583222
45.4941,0.584715
45.5607,0.585319
45.6273,0.585628
45.6939,0.586393
45.7605,0.586926
45.8271,0.587886
45.8937,0.589375
45.9603,0.589821
46.0269,0.59075
46.0936,0.591695
46.1602,0.591844
46.2268,0.592619
46.2934,0.595547
46.36,0.595574
46.4266,0.595668
46.4932,0.596483
46.5598,0.596558
46.6264,0.59675
46.693,0.597737
46.7596,0.597643
46.8263,0.598016
46.8929,0.598717
46.9595,0.598835
47.0261,0.598741
47.0927,0.599003
47.1593,0.599085
47.2259,0.599618
47.2925,0.599826
47.3591,0.600343
47.4257,0.600747
47.4923,0.601323
47.559,0.601464
47.6256,0.601456
47.6922,0.601734
47.7588,0.601433
47.8254,0.601797
47.892,0.601801
47.9586,0.601817
48.0252,0.602514
48.0918,0.602702
48.1584,0.602452
48.225,0.602553
48.2917,0.602612
48.3583,0.602749
48.4249,0.602616
48.4915,0.602326
48.5581,0.602354
48.6247,0.602553
48.6913,0.60253
48.7579,0.602452
48.8245,0.602181
48.8911,0.601864
48.9577,0.60166
49.0244,0.601284
49.091,0.600849
49.1576,0.601668
49.2242,0.601538
49.2908,0.601597
49.3574,0.601417
49.424,0.600747
49.4906,0.600574
49.5572,0.600876
49.6238,0.60523
49.6904,0.605285
49.7571,0.605594
49.8237,0.605579
49.8903,0.60543
49.9569,0.605163
50.0235,0.60541
50.0901,0.605461
50.1567,0.605406
50.2233,0.6053
50.2899,0.605065
50.3565,0.604928
50.4231,0.604466
50.4898,0.604842
50.5564,0.604532
50.623,0.604838
50.6896,0.604815
50.7562,0.604481
50.8228,0.604086
50.8894,0.60349
50.956,0.603235
51.0226,0.602503
51.0892,0.603047
51.1559,0.603133
51.2225,0.602926
51.2891,0.606241
51.3557,0.606409
51.4223,0.606159
51.4889,0.606072
51.5555,0.605755
51.6221,0.606292
51.6887,0.606139
51.7553,0.606135
51.8219,0.606202
51.8886,0.606837
51.9552,0.606715
52.0218,0.606703
52.0884,0.60764
52.155,0.607421
52.2216,0.607146
52.2882,0.608251
52.3548,0.609592
52.4214,0.611998
52.488,0.613886
52.5546,0.614541
52.6213,0.618899
52.6879,0.622378
52.7545,0.623797
52.8211,0.626752
52.8877,0.628119
52.9543,0.628609
53.0209,0.630388
53.0875,0.632665
53.1541,0.633414
53.2207,0.63473
53.2873,0.634139
53.354,0.63321
53.4206,0.632156
53.4872,0.633057
53.5538,0.633124
53.6204,0.633414
53.687,0.633496
53.7536,0.633398
53.8202,0.632861
53.8868,0.632489
53.9534,0.632312
54.02,0.632465
54.0867,0.632504
54.1533,0.63303
54.2199,0.633919
54.2865,0.634793
54.3531,0.635957
54.4197,0.636259
54.4863,0.637074
54.5529,0.637763
54.6195,0.642113
54.6861,0.641357
54.7527,0.640785
54.8194,0.641506
54.886,0.642564
54.9526,0.643163
55.0192,0.644296
55.0858,0.645225
55.1524,0.646185
55.219,0.646463
55.2856,0.647474
55.3522,0.648728
55.4188,0.649132
55.4854,0.648806
55.5521,0.649049
55.6187,0.648442
55.6853,0.648062
55.7519,0.648481
55.8185,0.648771
55.8851,0.649143
55.9517,0.649469
56.0183,0.649958
56.0849,0.650597
56.1515,0.650946
56.2181,0.651087
56.2848,0.654422
56.3514,0.654359
56.418,0.654657
56.4846,0.655049
56.5512,0.654622
56.6178,0.654375
56.6844,0.65472
56.751,0.654406
56.8176,0.654195
56.8842,0.654148
56.9508,0.65434
57.0175,0.653893
57.0841,0.653493
57.1507,0.653238
57.2173,0.652901
57.2839,0.652952
57.3505,0.652592
57.4171,0.652525
57.4837,0.652678
57.5503,0.652611
57.6169,0.652658
57.6836,0.652165
57.7502,0.652016
57.8168,0.652051
57.8834,0.651702
57.95,0.653376
58.0166,0.65305
58.0832,0.653101
58.1498,0.653258
58.2164,0.652651
58.283,0.652831
58.3496,0.652823
58.4163,0.652858
58.4829,0.652416
58.5495,0.652435
58.6161,0.650875
58.6827,0.650668
58.7493,0.650727
58.8159,0.650527
58.8825,0.650409
58.9491,0.650503
59.0157,0.650777
59.0823,0.650922
59.149,0.650993
59.2156,0.651232
59.2822,0.651232
59.3488,0.651522
59.4154,0.651475
59.482,0.651279
59.5486,0.651209
59.6152,0.651354
59.6818,0.651953
59.7484,0.651706
59.815,0.652086
59.8817,0.651996
59.9483,0.651836
60.0149,0.652098
60.0815,0.651847
60.1481,0.651816
60.2147,0.651789
60.2813,0.653235
60.3479,0.653086
60.4145,0.653477
60.4811,0.65347
60.5477,0.653188
60.6144,0.652847
60.681,0.652992
60.7476,0.652482
60.8142,0.651906
60.8808,0.651589
60.9474,0.651471
61.014,0.651122
61.0806,0.649966
61.1472,0.649257
61.2138,0.648556
61.2804,0.648179
61.3471,0.648281
61.4137,0.648426
61.4803,0.648744
61.5469,0.648614
61.6135,0.648642
61.6801,0.64883
61.7467,0.648885
61.8133,0.649038
61.8799,0.649763
61.9465,0.649986
62.0131,0.650993
62.0798,0.650762
62.1464,0.650789
62.213,0.650558
62.2796,0.651902
62.3462,0.652502
62.4128,0.653336
62.4794,0.654218
62.546,0.655002
62.6126,0.655656
62.6792,0.654238
62.7458,0.654606
62.8125,0.654998
62.8791,0.655233
62.9457,0.654974
63.0123,0.654747
63.0789,0.654959
63.1455,0.655037
63.2121,0.655406
63.2787,0.655182
63.3453,0.65521
63.4119,0.655523
63.4785,0.655629
63.5452,0.655652
63.6118,0.657287
63.6784,0.657024
63.745,0.656871
63.8116,0.656029
63.8782,0.656033
63.9448,0.656409
64.0114,0.656138
64.078,0.656111
64.1446,0.656048
64.2112,0.656033
64.2779,0.65613
64.3445,0.656279
64.4111,0.656072
64.4777,0.655805
64.5443,0.655962
64.6109,0.656507
64.6775,0.657071
64.7441,0.657267
64.8107,0.657471
64.8773,0.65791
64.944,0.657447
65.0106,0.657122
65.0772,0.65713
65.1438,0.656808
65.2104,0.656761
65.277,0.654226
65.3436,0.653775
65.4102,0.65345
65.4768,0.653411
65.5434,0.653348
65.61,0.653383
65.6767,0.653575
65.7433,0.652764
65.8099,0.652768
65.8765,0.652557
65.9431,0.651761
66.0097,0.651589
66.0763,0.65104
66.1429,0.650754
66.2095,0.650868
66.2761,0.650969
66.3427,0.650915
66.4094,0.650895
66.476,0.650891
66.5426,0.651271
66.6092,0.652106
66.6758,0.652964
66.7424,0.652866
66.809,0.653046
66.8756,0.653086
66.9422,0.653003
67.0088,0.652729
67.0754,0.652529
67.1421,0.652474
67.2087,0.652596
67.2753,0.652502
67.3419,0.65115
67.4085,0.650672
67.4751,0.650946
67.5417,0.650652
67.6083,0.651334
67.6749,0.651475
67.7415,0.651287
67.8081,0.65122
67.8748,0.651346
67.9414,0.650899
68.008,0.650734
68.0746,0.650245
68.1412,0.650245
68.2078,0.650033
68.2744,0.649841
68.341,0.649845
68.4076,0.649633
68.4742,0.649578
68.5408,0.649335
68.6075,0.649574
68.6741,0.649414
68.7407,0.648826
68.8073,0.648367
68.8739,0.648207
68.9405,0.647882
69.0071,0.647113
69.0737,0.646722
69.1403,0.646577
69.2069,0.646012
69.2735,0.646114
69.3402,0.64553
69.4068,0.645879
69.4734,0.646165
69.54,0.646557
69.6066,0.646557
69.6732,0.646428
69.7398,0.646769
69.8064,0.646918
69.873,0.646447
69.9396,0.646502
70.0062,0.645914
70.0729,0.645519
70.1395,0.645225
70.2061,0.645542
70.2727,0.645283
70.3393,0.645366
70.4059,0.644876
70.4725,0.645193
70.5391,0.645303
70.6057,0.645546
70.6723,0.643896
70.7389,0.643912
70.8056,0.64325
70.8722,0.642693
70.9388,0.642885
71.0054,0.642462
71.072,0.64247
71.1386,0.641894
71.2052,0.641588
71.2718,0.641772
71.3384,0.641952
71.405,0.642242
71.4717,0.641423
71.5383,0.64131
71.6049,0.641807
71.6715,0.641604
71.7381,0.641902
71.8047,0.641913
71.8713,0.641984
71.9379,0.641843
72.0045,0.642258
72.0711,0.642599
72.1377,0.642787
72.2044,0.642775
72.271,0.643054
72.3376,0.651165
72.4042,0.651322
72.4708,0.650805
72.5374,0.651134
72.604,0.65084
72.6706,0.65122
72.7372,0.650793
72.8038,0.65066
72.8704,0.650295
72.9371,0.64997
73.0037,0.649688
73.0703,0.649316
73.1369,0.649692
73.2035,0.649727
73.2701,0.649453
73.3367,0.648928
73.4033,0.648865
73.4699,0.648822
73.5365,0.648579
73.6031,0.647976
73.6698,0.646902
73.7364,0.647521
73.803,0.647262
73.8696,0.647654
73.9362,0.647435
74.0028,0.648634
74.0694,0.64767
74.136,0.647145
74.2026,0.646651
74.2692,0.646584
74.3358,0.646322
74.4025,0.646024
74.4691,0.646028
74.5357,0.645291
74.6023,0.64622
74.6689,0.646498
74.7355,0.646592
74.8021,0.645914
74.8687,0.645989
74.9353,0.645178
75.0019,0.646149
75.0685,0.646051
75.1352,0.64709
75.2018,0.647411
75.2684,0.649006
75.335,0.650315
75.4016,0.649433
75.4682,0.649433
75.5348,0.649774
75.6014,0.649112
75.668,0.65077
75.7346,0.651009
75.8012,0.650903
75.8679,0.650711
75.9345,0.650562
76.0011,0.650229
76.0677,0.64977
76.1343,0.649449
76.2009,0.649257
76.2675,0.648916
76.3341,0.649633
76.4007,0.649335
76.4673,0.649308
76.5339,0.648556
76.6006,0.648849
76.6672,0.647878
76.7338,0.647517
76.8004,0.646514
76.867,0.646196
76.9336,0.645037
77.0002,0.644892
77.0668,0.645076
77.1334,0.645522
77.2,0.646294
77.2666,0.646851
77.3333,0.646349
77.3999,0.645761
77.4665,0.646079
77.5331,0.645918
77.5997,0.645291
77.6663,0.645076
77.7329,0.644421
77.7995,0.644825
77.8661,0.643928
77.9327,0.644731
77.9994,0.644942
78.066,0.644562
78.1326,0.644327
78.1992,0.644304
78.2658,0.644276
78.3324,0.643873
78.399,0.643877
78.4656,0.644033
78.5322,0.64343
78.5988,0.64363
78.6654,0.643845
78.7321,0.643877
78.7987,0.644214
78.8653,0.644754
78.9319,0.645064
78.9985,0.651937
79.0651,0.652031
79.1317,0.651922
79.1983,0.65209
79.2649,0.651546
79.3315,0.651973
79.3981,0.652133
79.4648,0.652713
79.5314,0.652984
79.598,0.653462
79.6646,0.653764
79.7312,0.654344
79.7978,0.654892
79.8644,0.655441
79.931,0.65584
79.9976,0.655974
80.0642,0.656185
80.1308,0.655809
80.1975,0.655848
80.2641,0.655503
80.3307,0.655315
80.3973,0.655358
80.4639,0.655629
80.5305,0.655825
80.5971,0.656001
80.6637,0.65827
80.7303,0.658051
80.7969,0.65771
80.8635,0.657263
80.9302,0.657553
80.9968,0.656973
81.0634,0.656272
81.13,0.65635
81.1966,0.656001
81.2632,0.656083
81.3298,0.65568
81.3964,0.655982
81.463,0.656072
81.5296,0.655974
81.5962,0.656275
81.6629,0.65608
81.7295,0.656644
81.7961,0.656366
81.8627,0.656765
81.9293,0.657196
81.9959,0.6578
82.0625,0.658298
82.1291,0.657776
82.1957,0.658156
82.2623,0.658149
82.3289,0.659908
82.3956,0.659262
82.4622,0.659963
82.5288,0.659932
82.5954,0.66028
82.662,0.660825
82.7286,0.661221
82.7952,0.661844
82.8618,0.662385
82.9284,0.662965
82.995,0.663251
83.0616,0.663255
83.1283,0.662589
83.1949,0.662263
83.2615,0.661922
83.3281,0.661315
83.3947,0.660578
83.4613,0.660711
83.5279,0.661127
83.5945,0.660978
83.6611,0.660555
83.7277,0.659959
83.7943,0.660343
83.861,0.660237
83.9276,0.660045
83.9942,0.657643
84.0608,0.658094
84.1274,0.658015
84.194,0.658458
84.2606,0.658458
84.3272,0.658325
84.3938,0.657592
84.4604,0.657287
84.527,0.657428
84.5937,0.657392
84.6603,0.656989
84.7269,0.656565
84.7935,0.655974
84.8601,0.656656
84.9267,0.656899
84.9933,0.657232
85.0599,0.657498
85.1265,0.657988
85.1931,0.656938
85.2598,0.656707
85.3264,0.65613
85.393,0.65546
85.4596,0.655989
85.5262,0.656123
85.5928,0.656103
85.6594,0.657349
85.726,0.657482
85.7926,0.657651
85.8592,0.657565
85.9258,0.657561
85.9925,0.657455
86.0591,0.657169
86.1257,0.656248
86.1923,0.655978
86.2589,0.655903
86.3255,0.655123
86.3921,0.655014
86.4587,0.654516
86.5253,0.654022
86.5919,0.654473
86.6585,0.654567
86.7252,0.653862
86.7918,0.653258
86.8584,0.653191
86.925,0.65251
86.9916,0.652404
87.0582,0.652243
87.1248,0.652592
87.1914,0.652729
87.258,0.652886
87.3246,0.653956
87.3912,0.653756
87.4579,0.653109
87.5245,0.653148
87.5911,0.651851
87.6577,0.651436
87.7243,0.651361
87.7909,0.651314
87.8575,0.651193
87.9241,0.651291
87.9907,0.650895
88.0573,0.650707
88.1239,0.650723
88.1906,0.650237
88.2572,0.650401
88.3238,0.650327
88.3904,0.650472
88.457,0.650417
88.5236,0.650041
88.5902,0.649958
88.6568,0.649563
88.7234,0.649998
88.79,0.650946
88.8566,0.65048
88.9233,0.649896
88.9899,0.649884
89.0565,0.650033
89.1231,0.64988
89.1897,0.649449
89.2563,0.649343
89.3229,0.649469
89.3895,0.649155
89.4561,0.6491
89.5227,0.648642
89.5893,0.648908
89.656,0.648642
89.7226,0.649057
89.7892,0.649414
89.8558,0.649355
89.9224,0.649418
89.989,0.649461
90.0556,0.649943
90.1222,0.650088
90.1888,0.650252
90.2554,0.650554
90.322,0.650852
90.3887,0.65131
90.4553,0.651338
90.5219,0.651694
90.5885,0.65222
90.6551,0.653497
90.7217,0.654195
90.7883,0.654496
90.8549,0.654391
90.9215,0.654724
90.9881,0.655108
91.0547,0.655237
91.1214,0.655793
91.188,0.656726
91.2546,0.657255
91.3212,0.657816
91.3878,0.65807
91.4544,0.658474
91.521,0.658247
91.5876,0.65845
91.6542,0.658109
91.7208,0.658682
91.7875,0.65878
91.8541,0.65865
91.9207,0.658505
91.9873,0.658544
92.0539,0.658282
92.1205,0.658274
92.1871,0.658031
92.2537,0.657835
92.3203,0.659505
92.3869,0.65914
92.4535,0.659085
92.5202,0.658968
92.5868,0.659203
92.6534,0.658823
92.72,0.65838
92.7866,0.658513
92.8532,0.658086
92.9198,0.657541
92.9864,0.657851
93.053,0.656068
93.1196,0.655535
93.1862,0.655182
93.2529,0.655221
93.3195,0.65521
93.3861,0.655108
93.4527,0.655018
93.5193,0.655127
93.5859,0.654814
93.6525,0.654637
93.7191,0.654144
93.7857,0.6547
93.8523,0.654982
93.9189,0.654826
93.9856,0.651953
94.0522,0.652024
94.1188,0.652321
94.1854,0.651914
94.252,0.652024
94.3186,0.651996
94.3852,0.653191
94.4518,0.653203
94.5184,0.653211
94.585,0.653901
94.6516,0.653983
94.7183,0.654837
94.7849,0.655754
94.8515,0.65604
94.9181,0.657674
94.9847,0.658541
95.0513,0.658842
95.1179,0.661566
95.1845,0.663314
95.2511,0.663991
95.3177,0.66677
95.3843,0.668282
95.451,0.669764
95.5176,0.671974
95.5842,0.673377
95.6508,0.678526
95.7174,0.679921
95.784,0.68112
95.8506,0.681105
95.9172,0.683283
95.9838,0.684765
96.0504,0.684972
96.117,0.686795
96.1837,0.688382
96.2503,0.688429
96.3169,0.690271
96.3835,0.692802
96.4501,0.693688
96.5167,0.694769
96.5833,0.696399
96.6499,0.697477
96.7165,0.70004
96.7831,0.701568
96.8497,0.703551
96.9164,0.705138
96.983,0.708869
97.0496,0.708853
97.1162,0.710621
97.1828,0.713368
97.2494,0.715292
97.316,0.714277
97.3826,0.716185
97.4492,0.717612
97.5158,0.719179
97.5824,0.722134
97.6491,0.722886
97.7157,0.724516
97.7823,0.726958
97.8489,0.727718
97.9155,0.72802
97.9821,0.729854
98.0487,0.731386
98.1153,0.731123
98.1819,0.73291
98.2485,0.732409
98.3152,0.735657
98.3818,0.735505
98.4484,0.73632
98.515,0.735912
98.5816,0.738342
98.6482,0.738201
98.7148,0.739173
98.7814,0.741108
98.848,0.743769
98.9146,0.745807
98.9812,0.743518
99.0479,0.743111
99.1145,0.746367
99.1811,0.745991
99.2477,0.745685
99.3143,0.748519
99.3809,0.748954
99.4475,0.748084
99.5141,0.75056
99.5807,0.749177
99.6473,0.749914
99.7139,0.75038
99.7806,0.75435
99.8472,0.75475
99.9138,0.757124
99.9804,0.757716
100.047,0.756795
100.114,0.755764
100.18,0.750933
100.247,0.751752
100.313,0.751003
100.38,0.7531
100.447,0.751274
100.513,0.758347
100.58,0.756305
100.646,0.757352
100.713,0.757156
100.78,0.761839
100.846,0.764006
100.913,0.763833
100.98,0.7415
101.046,0.740227
101.113,0.735187
101.179,0.732652
101.246,0.727283
101.313,0.722628
101.379,0.684314
101.446,0.68299
101.512,0.674086
101.579,0.669356
101.646,0.667683
101.712,0.662961
101.779,0.664207
101.845,0.660602
101.912,0.661801
101.979,0.659889
102.045,0.657381
102.112,0.658415
102.178,0.656166
102.245,0.658874
102.312,0.649696
102.378,0.651091
102.445,0.650632
102.512,0.649751
102.578,0.652271
102.645,0.65218
102.711,0.65334
102.778,0.656515
102.845,0.658384
102.911,0.660469
102.978,0.661499
103.044,0.660684
103.111,0.66302
103.178,0.660602
103.244,0.620341
103.311,0.61244
103.377,0.608275
103.444,0.606143
103.511,0.600163
103.577,0.598874
103.644,0.598141
103.71,0.595057
103.777,0.593125
103.844,0.593184
103.91,0.589704
103.977,0.581337
104.044,0.581753
104.11,0.579946
104.177,0.574499
104.243,0.573355
104.31,0.572963
104.377,0.573182
104.443,0.571944
104.51,0.572912
104.576,0.572077
104.643,0.57107
104.71,0.572485
104.776,0.57328
104.843,0.575122
104.909,0.5783
104.976,0.57756
105.043,0.578951
105.109,0.581957
105.176,0.588916
105.243,0.591628
105.309,0.592717
105.376,0.595061
105.442,0.595954
105.509,0.595954
105.576,0.596534
105.642,0.596491
105.709,0.594101
105.775,0.593274
105.842,0.593423
105.909,0.594892
105.975,0.594085
106.042,0.594265
106.108,0.596291
106.175,0.594591
106.242,0.59595
106.308,0.595398
106.375,0.596969
106.441,0.596464
106.508,0.597839
106.575,0.598255
106.641,0.600759
106.708,0.601789
106.775,0.602385
106.841,0.600743
106.908,0.600821
106.974,0.602612
107.041,0.606029
107.108,0.606245
107.174,0.600614
107.241,0.6005
107.307,0.595033
107.374,0.593082
107.441,0.590813
107.507,0.584406
107.574,0.572297
107.64,0.569722
107.707,0.565423
107.774,0.559565
107.84,0.560121
107.907,0.555435
107.973,0.548106
108.04,0.548714
108.107,0.547648
108.173,0.548165
108.24,0.548612
108.307,0.55005
108.373,0.550164
108.44,0.551061
108.506,0.55304
108.573,0.555623
108.64,0.560012
108.706,0.565662
108.773,0.570772
108.839,0.570847
108.906,0.568613
108.973,0.561889
109.039,0.56368
109.106,0.565745
109.172,0.565028
109.239,0.561505
109.306,0.555999
109.372,0.555775
109.439,0.553855
109.505,0.550857
109.572,0.548851
109.639,0.546837
109.705,0.54632
109.772,0.541401
109.839,0.540712
109.905,0.538854
109.972,0.54072
110.038,0.539908
110.105,0.5409
110.172,0.544098
110.238,0.547182
110.305,0.548581
110.371,0.549596
110.438,0.550857
110.505,0.554286
110.571,0.554894
110.638,0.548745
110.704,0.553162
110.771,0.554443
110.838,0.554298
110.904,0.55554
110.971,0.554094
111.038,0.553138
111.104,0.551896
111.171,0.547836
111.237,0.547973
111.304,0.545246
111.371,0.54059
111.437,0.538404
111.504,0.531914
111.57,0.520472
111.637,0.519931
111.704,0.514699
111.77,0.510741
111.837,0.508943
111.903,0.508946
111.97,0.506764
112.037,0.506748
112.103,0.503448
112.17,0.499886
112.236,0.499479
112.303,0.491963
112.37,0.489948
112.436,0.487774
112.503,0.493577
112.57,0.492253
112.636,0.495678
112.703,0.504405
112.769,0.512132
112.836,0.51611
112.903,0.522964
112.969,0.530425
113.036,0.535453
113.102,0.54242
113.169,0.549082
113.236,0.55315
113.302,0.558566
113.369,0.56252
113.435,0.561806
113.502,0.567622
113.569,0.570318
113.635,0.568872
113.702,0.566591
113.768,0.562802
113.835,0.562586
113.902,0.555877
113.968,0.553134
114.035,0.554784
114.102,0.551821
114.168,0.552233
114.235,0.552962
114.301,0.543894
114.368,0.541695
114.435,0.540441
114.501,0.536965
114.568,0.533325
114.634,0.537165
114.701,0.528799
114.768,0.524089
114.834,0.523093
114.901,0.52211
114.967,0.527631
115.034,0.530907
115.101,0.529622
115.167,0.528779
115.234,0.530692
115.3,0.504123
115.367,0.485767
115.434,0.482076
115.5,0.465068
115.567,0.466726
115.634,0.445435
115.7,0.444021
115.767,0.423718
115.833,0.419376
115.9,0.4124
115.967,0.393242
116.033,0.388641
116.1,0.384268
116.166,0.368989
116.233,0.365419
116.3,0.360164
116.366,0.355348
116.433,0.342796
116.499,0.338293
116.566,0.336087
116.633,0.333787
116.699,0.333116
116.766,0.329786
116.833,0.327274
116.899,0.32948
116.966,0.329535
117.032,0.327807
117.099,0.328289
117.166,0.327568
117.232,0.327415
117.299,0.324084
117.365,0.322152
117.432,0.320392
117.499,0.317226
117.565,0.31618
117.632,0.316787
117.698,0.321364
117.765,0.323092
117.832,0.323712
117.898,0.325326
117.965,0.324629
118.031,0.330444
118.098,0.330644
118.165,0.32872
118.231,0.326372
118.298,0.326662
118.365,0.322156
118.431,0.320377
118.498,0.318441
118.564,0.314694
118.631,0.315682
118.698,0.313507
118.764,0.308499
118.831,0.30799
118.897,0.301312
118.964,0.299298
119.031,0.297115
119.097,0.289709
119.164,0.283952
119.23,0.281334
119.297,0.274974
119.364,0.270773
119.43,0.267728
119.497,0.263876
119.563,0.255913
119.63,0.253354
119.697,0.247661
119.763,0.244036
119.83,0.244196
119.897,0.242104
119.963,0.242037
120.03,0.240705
120.096,0.241657
120.163,0.241767
120.23,0.239482
120.296,0.240497
120.363,0.240321
120.429,0.242112
120.496,0.242656
120.563,0.24074
120.629,0.239267
120.696,0.238099
120.762,0.23603
120.829,0.235246
120.896,0.233185
120.962,0.227213
121.029,0.225837
121.095,0.228533
121.162,0.232562
121.229,0.234266
121.295,0.238871
121.362,0.243996
121.429,0.246994
121.495,0.249663
121.562,0.254256
121.628,0.254228
121.695,0.255032
121.762,0.256105
121.828,0.258014
121.895,0.25712
121.961,0.253315
122.028,0.251093
122.095,0.247982
122.161,0.242515
122.228,0.240477
122.294,0.234266
122.361,0.228666
122.428,0.226707
122.494,0.221863
122.561,0.218681
122.628,0.217145
122.694,0.212909
122.761,0.209504
122.827,0.206757
122.894,0.201831
122.961,0.19665
123.027,0.19444
123.094,0.190318
123.16,0.186238
123.227,0.184588
123.294,0.17864
123.36,0.172342
123.427,0.170018
123.493,0.165547
123.56,0.164395
123.627,0.164227
123.693,0.16559
123.76,0.167863
123.826,0.168247
123.893,0.169932
123.96,0.167032
124.026,0.166997
124.093,0.163756
124.16,0.160045
124.226,0.158294
124.293,0.157106
124.359,0.162573
124.426,0.165861
124.493,0.171061
124.559,0.172601
124.626,0.172225
124.692,0.176531
124.759,0.175834
124.826,0.175967
124.892,0.175489
124.959,0.177433
125.025,0.17614
125.092,0.175701
125.159,0.174368
125.225,0.173424
125.292,0.175203
125.358,0.17826
125.425,0.17951
125.492,0.183201
125.558,0.185501
125.625,0.187108
125.692,0.191266
125.758,0.199903
125.825,0.202999
125.891,0.208912
125.958,0.213466
126.025,0.215887
126.091,0.219814
126.158,0.225578
126.224,0.22851
126.291,0.230908
126.358,0.243272
126.424,0.246457
126.491,0.254973
126.557,0.264895
126.624,0.26678
126.691,0.275668
126.757,0.286856
126.824,0.289548
126.89,0.292616
126.957,0.297425
127.024,0.297381
127.09,0.296257
127.157,0.293921
127.224,0.293929
127.29,0.289505
127.357,0.289771
127.423,0.287816
127.49,0.283239
127.557,0.279379
127.623,0.277008
127.69,0.271671
127.756,0.267556
127.823,0.266933
127.89,0.259064
127.956,0.257853
128.023,0.255188
128.089,0.252183
128.156,0.246704
128.223,0.23795
128.289,0.231989
128.356,0.227573
128.422,0.223748
128.489,0.217929
128.556,0.212643
128.622,0.21066
128.689,0.20649
128.756,0.195467
128.822,0.193362
128.889,0.18739
128.955,0.176285
129.022,0.174643
129.089,0.169921
129.155,0.166115
129.222,0.162542
129.288,0.156554
129.355,0.15499
129.422,0.156354
129.488,0.150248
129.555,0.14653
129.621,0.145217
129.688,0.138825
129.755,0.131685
129.821,0.127598
129.888,0.118675
129.955,0.111813
130.021,0.107981
130.088,0.101252
130.154,0.0929251
130.221,0.0901624
130.288,0.082466
130.354,0.075859
130.421,0.0743111
130.487,0.0697418
130.554,0.0662071
130.621,0.0646004
130.687,0.0596432
130.754,0.0540003
130.82,0.0521467
130.887,0.0485101
130.954,0.0436704
131.02,0.0421108
131.087,0.0369929
131.153,0.0347318
131.22,0.0322787
131.287,0.0286538
131.353,0.0235046
131.42,0.021796
131.487,0.0187943
131.553,0.0152792
131.62,0.0131043
131.686,0.0095774
131.753,0.00684212
131.82,0.00516098
131.886,0.00225328
131.953,0.000391874
132.019,0
132.086,0.00172033
132.153,0.00289203
132.219,0.0032408
132.286,0.00382077
132.352,0.00402063
132.419,0.00404414
132.486,0.00406373
132.552,0.00398928
132.619,0.00390698
132.685,0.00413427
132.752,0.00451831
132.819,0.00482397
132.885,0.00501599
132.952,0.00505126
133.019,0.00502383
133.085,0.00526679
133.152,0.00601919
133.218,0.00626607
133.285,0.00705765
133.352,0.00998495
133.418,0.0133629
133.485,0.0202756
133.551,0.0278897
133.618,0.0325843
133.685,0.0436391
133.751,0.0545881
133.818,0.0611402
133.884,0.0737468
133.951,0.0839002
134.018,0.0893238
134.084,0.0998221
134.151,0.108984
134.217,0.117182
134.284,0.127418
134.351,0.137661
134.417,0.145707
134.484,0.155997
134.551,0.165003
134.617,0.169736
134.684,0.177778
134.75,0.18873
134.817,0.19792
134.884,0.208066
134.95,0.215836
135.017,0.218642
135.083,0.223956
135.15,0.231676
135.217,0.234541
135.283,0.237969
135.35,0.246242
135.416,0.244925
135.483,0.241559
135.55,0.237926
135.616,0.233063
135.683,0.229681
135.75,0.219967
135.816,0.21588
135.883,0.208399
135.949,0.203171
136.016,0.198002
136.083,0.191905
136.149,0.181806
136.216,0.178506
136.282,0.165778
136.349,0.157185
136.416,0.154312
136.482,0.147784
136.549,0.140734
136.615,0.137289
136.682,0.130486
136.749,0.119561
136.815,0.11708
136.882,0.110074
136.948,0.103051
137.015,0.101021
137.082,0.0939009
137.148,0.0841706
137.215,0.0796562
137.282,0.0744443
137.348,0.0675434
137.415,0.0664031
137.481,0.0611128
137.548,0.0557911
137.615,0.0536358
137.681,0.0511592
137.748,0.0480555
137.814,0.0484866
137.881,0.0453594
137.948,0.0430709
138.014,0.0430395
138.081,0.0413153
138.147,0.0388778
138.214,0.0376199
138.281,0.0338305
138.347,0.0312089
138.414,0.0304682
138.48,0.0287675
138.547,0.0246058
138.614,0.0228149
138.68,0.0187237
138.747,0.0154242
138.814,0.0140017
138.88,0.0129554
138.947,0.0133394
139.013,0.0134139
139.08,0.0143779
139.147,0.0146757
139.213,0.0144092
139.28,0.0135079
139.346,0.0132297
139.413,0.0132963
139.48,0.0131983
139.546,0.0137822
139.613,0.0141114
139.679,0.0145189
139.746,0.0146678
139.813,0.0144523
139.879,0.0141858
139.946,0.0142564
140.012,0.0147619
140.079,0.0171092
140.146,0.0186924
140.212,0.0200522
140.279,0.0228423
140.346,0.0266905
140.412,0.0287557
140.479,0.033615
140.545,0.0401005
140.612,0.043016
140.679,0.0497249
140.745,0.0561595
140.812,0.0587772
140.878,0.0652901
140.945,0.0717678
141.012,0.0753417
141.078,0.0821407
141.145,0.0915927
141.211,0.0966283
141.278,0.107374
141.345,0.117268
141.411,0.12413
141.478,0.135165
141.545,0.144919
141.611,0.149845
141.678,0.163349
141.744,0.177217
141.811,0.181489
141.878,0.188268
141.944,0.194072
142.011,0.196979
142.077,0.202415
142.144,0.206255
142.211,0.207411
142.277,0.207791
142.344,0.213246
142.41,0.214281
142.477,0.216785
142.544,0.22001
142.61,0.219598
142.677,0.218728
142.743,0.218337
142.81,0.217231
142.877,0.215989
142.943,0.214457
143.01,0.213654
143.077,0.212991
143.143,0.211361
143.21,0.210362
143.276,0.207113
143.343,0.200702
143.41,0.201447
143.476,0.20754
143.543,0.217275
143.609,0.222714
143.676,0.226429
143.743,0.231884
143.809,0.231817
143.876,0.231982
143.942,0.231727
144.009,0.232299
144.076,0.23255
144.142,0.232307
144.209,0.230532
144.275,0.225955
144.342,0.222573
144.409,0.221213
144.475,0.216855
144.542,0.213082
144.609,0.210554
144.675,0.202548
144.742,0.198461
144.808,0.196329
144.875,0.188346
144.942,0.178663
145.008,0.174149
145.075,0.164611
145.141,0.154751
145.208,0.15035
145.275,0.139915
145.341,0.131576
145.408,0.128801
145.474,0.121665
145.541,0.114204
145.608,0.110959
145.674,0.103498
145.741,0.0959151
145.807,0.0929251
145.874,0.084684
145.941,0.076921
146.007,0.0729905
146.074,0.0653724
146.141,0.05893
146.207,0.0557637
146.274,0.0496779
146.34,0.04514
146.407,0.0431571
146.474,0.0384272
146.54,0.0350649
146.607,0.0335719
146.673,0.0297158
146.74,0.0254522
146.807,0.0243707
146.873,0.0234615
146.94,0.0227914
147.006,0.0225602
147.073,0.0217686
147.14,0.0214002
147.206,0.0207928
147.273,0.020205
147.34,0.0179047
147.406,0.0166938
147.473,0.015479
147.539,0.014323
147.606,0.0136176
147.673,0.0135667
147.739,0.013167
147.806,0.0128613
147.872,0.0128496
147.939,0.0128417
148.006,0.0131709
148.072,0.0134217
148.139,0.0138057
148.205,0.0145777
148.272,0.0143387
148.339,0.0145229
148.405,0.014707
148.472,0.0151655
148.538,0.0148403
148.605,0.0145464
148.672,0.01437
148.738,0.0145111
148.805,0.0146953
148.872,0.014758
148.938,0.0145699
149.005,0.0147345
149.071,0.0150088
149.138,0.0153575
149.205,0.0157925
149.271,0.0160081
149.338,0.0155261
149.404,0.0158552
149.471,0.0160825
149.538,0.0172581
149.604,0.0174502
149.671,0.0178264
149.737,0.0174815
149.804,0.0171327
149.871,0.0178969
149.937,0.0180693
150.004,0.0185435
150.07,0.0193311
150.137,0.0198719
150.204,0.0200679
150.27,0.0207732
150.337,0.0205616
150.404,0.0210045
150.47,0.0214551
150.537,0.0212278
150.603,0.0209613
150.67,0.0210711
150.737,0.0208869
150.803,0.0205068
150.87,0.020013
150.936,0.0200561
151.003,0.0205851
151.07,0.0220625
151.136,0.0258598
151.203,0.0279093
151.269,0.0325491
151.336,0.036264
151.403,0.0395832
151.469,0.0460726
151.536,0.0499639
151.602,0.0516255
151.669,0.0548232
151.736,0.0579503
151.802,0.0595453
151.869,0.0612734
151.936,0.064671
152.002,0.0658544
152.069,0.069636
152.135,0.0719794
152.202,0.0731982
152.269,0.0761215
152.335,0.078414
152.402,0.0792369
152.468,0.0810983
152.535,0.082078
152.602,0.0829558
152.668,0.0834339
152.735,0.0837435
152.801,0.0839629
152.868,0.0838611
152.935,0.0842059
153.001,0.083669
153.068,0.0840923
153.135,0.0880267
153.201,0.0904994
153.268,0.0924274
153.334,0.0929094
153.401,0.0920356
153.468,0.0920277
153.534,0.0916045
153.601,0.0914752
153.667,0.0909618
153.734,0.0896099
153.801,0.0893316
153.867,0.0914086
153.934,0.0932268
154,0.0936422
154.067,0.08941
154.134,0.0854011
154.2,0.0843783
154.267,0.0800129
154.333,0.075134
154.4,0.0728925
154.467,0.0689934
154.533,0.0677198
154.6,0.0668145
154.667,0.0647298
154.733,0.0605524
154.8,0.0596628
154.866,0.0561712
154.933,0.0550348
155,0.0532204
155.066,0.0523348
155.133,0.0516137
155.199,0.0506968
155.266,0.0501011
155.333,0.0476519
155.399,0.0464292
155.466,0.0453281
155.532,0.0430826
155.599,0.0408607
155.666,0.0386545
155.732,0.0372437
155.799,0.0359976
155.865,0.0349669
155.932,0.0331251
155.999,0.0320984
156.065,0.0304565
156.132,0.0296061
156.199,0.0289086
156.265,0.0277094
156.332,0.0269688
156.398,0.0264358
156.465,0.0270472
156.532,0.0275723
156.598,0.0285833
156.665,0.0276937
156.731,0.0271138
156.798,0.0270903
156.865,0.0259969
156.931,0.0249114
156.998,0.0241826
157.064,0.0229364
157.131,0.0220155
157.198,0.0217843
157.264,0.0210005
157.331,0.0207537
157.397,0.0205695
157.464,0.0206008
157.531,0.020158
157.597,0.0198759
157.664,0.0198288
157.731,0.019386
157.797,0.019143
157.864,0.0192018
157.93,0.0190608
157.997,0.0194526
158.064,0.0203696
158.13,0.0199346
158.197,0.0186375
158.263,0.0184925
158.33,0.017748
158.397,0.0175129
158.463,0.0172581
158.53,0.0168232
158.596,0.0164352
158.663,0.0159179
158.73,0.0226346
158.796,0.029034
158.863,0.0453477
158.93,0.0615399
158.996,0.0667244
159.063,0.0793898
159.129,0.0823484
159.196,0.0822465
159.263,0.0811571
159.329,0.0804831
159.396,0.0807574
159.462,0.0795034
159.529,0.0798208
159.596,0.0795308
159.662,0.0771561
159.729,0.0761451
159.795,0.0750165
159.862,0.0739662
159.929,0.0729866
159.995,0.0721009
160.062,0.0711173
160.128,0.0701141
160.195,0.0696674
160.262,0.0688875
160.328,0.0691344
160.395,0.0681743
160.462,0.0669478
160.528,0.0665755
160.595,0.0644163
160.661,0.0645221
160.728,0.0642674
160.795,0.0623433
160.861,0.0580052
160.928,0.0535143
160.994,0.0520722
161.061,0.0500149
161.128,0.0475578
161.194,0.0458062
161.261,0.0435803
161.327,0.0388269
161.394,0.0366637
161.461,0.0321768
161.527,0.0283403
161.594,0.0267454
161.66,0.0228463
161.727,0.0198523
161.794,0.0180732
161.86,0.0151263
161.927,0.0127516
161.994,0.0129593
162.06,0.0249937
162.127,0.0395519
162.193,0.045622
162.26,0.0530441
162.327,0.0554306
162.393,0.0561987
162.46,0.0577505
162.526,0.0591965
162.593,0.0597765
162.66,0.0603447
162.726,0.0600782
162.793,0.0601331
162.859,0.0602115
162.926,0.0597843
162.993,0.0597726
163.059,0.0600194
163.126,0.059267
163.192,0.059412
163.259,0.0587145
163.326,0.0576447
163.392,0.0577074
163.459,0.056665
163.526,0.0563084
163.592,0.0554933
163.659,0.0551563
163.725,0.055074
163.792,0.0557206
163.859,0.054349
163.925,0.0546077
163.992,0.0548428
164.058,0.0543804
164.125,0.0514531
164.192,0.049768
164.258,0.0464528
164.325,0.0416954
164.391,0.0390738
164.458,0.035829
164.525,0.0327058
164.591,0.0311501
164.658,0.0284775
164.725,0.0251113
164.791,0.024308
164.858,0.0234262
164.924,0.0259773
164.991,0.0277329
165.058,0.0291515
165.124,0.0286734
165.191,0.0285324
165.257,0.027055
165.324,0.0266945
165.391,0.0269688
165.457,0.0275527
165.524,0.0275644
165.59,0.0275331
165.657,0.0274038
165.724,0.0276781
165.79,0.0279014
165.857,0.0275879
165.923,0.0281522
165.99,0.0279406
166.057,0.0276663
166.123,0.0275605
166.19,0.0270942
166.257,0.0270746
166.323,0.027055
166.39,0.0269962
166.456,0.0272588
166.523,0.0273567
166.59,0.0273802
166.656,0.0273019
166.723,0.0271882
166.789,0.0272352
166.856,0.0269727
166.923,0.0268355
166.989,0.0275605
167.056,0.0353118
167.122,0.0465821
167.189,0.0521898
167.256,0.0623981
167.322,0.0715013
167.389,0.0748597
167.455,0.080534
167.522,0.0806712
167.589,0.0803734
167.655,0.0793898
167.722,0.077885
167.789,0.0775911
167.855,0.0778144
167.922,0.0775754
167.988,0.077015
168.055,0.0778184
168.122,0.0776655
168.188,0.0777204
168.255,0.0779673
168.321,0.0794838
168.388,0.0797738
168.455,0.0805967
168.521,0.0813923
168.588,0.0816235
168.654,0.0820153
168.721,0.0826267
168.788,0.0835358
168.854,0.0843627
168.921,0.0838258
168.987,0.0834613
169.054,0.0822661
169.121,0.0821642
169.187,0.0815647
169.254,0.0800089
169.321,0.078704
169.387,0.078367
169.454,0.0773951
169.52,0.0774226
169.587,0.0764154
169.654,0.0765761
169.72,0.0768191
169.787,0.0770268
169.853,0.0755729
169.92,0.0724105
169.987,0.0714347
170.053,0.0680137
170.12,0.0651843
170.186,0.0642987
170.253,0.0618808
170.32,0.0585029
170.386,0.0565239
170.453,0.0520566
170.52,0.0475108
170.586,0.0462842
170.653,0.0413427
170.719,0.0364756
170.786,0.0343517
170.853,0.0300803
170.919,0.0262752
170.986,0.0244725
171.052,0.0213924
171.119,0.0183711
171.186,0.0171053
171.252,0.0159885
171.319,0.01524
171.385,0.0151028
171.452,0.0144954
171.519,0.0143152
171.585,0.0143975
171.652,0.0143779
171.718,0.0143504
171.785,0.0143622
171.852,0.0143465
171.918,0.0143857
171.985,0.0143896
172.052,0.0143348
172.118,0.0143387
172.185,0.0142838
172.251,0.014323
172.318,0.0142446
172.385,0.0143348
172.451,0.0143387
172.518,0.0143779
172.584,0.0143935
172.651,0.0144053
172.718,0.0143387
172.784,0.0143543
172.851,0.0143857
172.917,0.0141623
172.984,0.0142446
173.051,0.0141545
173.117,0.0140056
173.184,0.014033
173.25,0.0140095
173.317,0.0139742
173.384,0.013986
173.45,0.0140173
173.517,0.0141427
173.584,0.0141388
173.65,0.0142054
173.717,0.014225
173.783,0.0141898
173.85,0.0141819
173.917,0.0142211
173.983,0.0142015
174.05,0.0141035
174.116,0.0141623
174.183,0.0140918
174.25,0.0141388
174.316,0.0141741
174.383,0.0140761
174.449,0.0140604
174.516,0.0140761
174.583,0.0140957
174.649,0.0141271
174.716,0.0141702
174.782,0.0143348
174.849,0.0175168
174.916,0.0230814
174.982,0.0267532
175.049,0.0325295
175.116,0.0396459
175.182,0.0423263
175.249,0.0459002
175.315,0.0489333
175.382,0.0506419
175.449,0.0537063
175.515,0.0566846
175.582,0.0574605
175.648,0.0637305
175.715,0.0757963
175.782,0.0812316
175.848,0.092063
175.915,0.101589
175.981,0.10715
176.048,0.119678
176.115,0.132011
176.181,0.138982
176.248,0.149715
176.315,0.156436
176.381,0.158623
176.448,0.164587
176.514,0.165704
176.581,0.165763
176.648,0.166135
176.714,0.166472
176.781,0.167256
176.847,0.16706
176.914,0.169297
176.981,0.170406
177.047,0.171735
177.114,0.170865
177.18,0.17045
177.247,0.171037
177.314,0.170042
177.38,0.168549
177.447,0.165653
177.513,0.162032
177.58,0.158403
177.647,0.155958
177.713,0.157275
177.78,0.156828
177.847,0.153666
177.913,0.152827
177.98,0.152161
178.046,0.154829
178.113,0.158247
178.18,0.160002
178.246,0.158552
178.313,0.157847
178.379,0.157318
178.446,0.15548
178.513,0.15405
178.579,0.149986
178.646,0.14651
178.712,0.142325
178.779,0.140001
178.846,0.136897
178.912,0.131246
178.979,0.129228
179.045,0.129346
179.112,0.126285
179.179,0.125764
179.245,0.124107
179.312,0.119604
179.379,0.117519
179.445,0.114435
179.512,0.110305
179.578,0.108424
179.645,0.103306
179.712,0.0986896
179.778,0.0968203
179.845,0.0943202
179.911,0.0894022
179.978,0.0868001
180.045,0.0820624
180.111,0.0778615
180.178,0.0759139
180.244,0.0723164
180.311,0.0687034
180.378,0.067324
180.444,0.0635267
180.511,0.0610853
180.577,0.0590084
180.644,0.0577897
180.711,0.0580326
180.777,0.0582168
180.844,0.0582717
180.911,0.0587537
180.977,0.0588948
181.044,0.0585382
181.11,0.0579778
181.177,0.0573037
181.244,0.0565866
181.31,0.0565866
181.377,0.056567
181.443,0.0562457
181.51,0.0563084
181.577,0.0561947
181.643,0.0577583
181.71,0.0626763
181.776,0.0656507
181.843,0.0716189
181.91,0.0778654
181.976,0.0807457
182.043,0.0855735
182.109,0.088395
182.176,0.0908168
182.243,0.0927919
182.309,0.0953155
182.376,0.0966362
182.443,0.0979097
182.509,0.0986073
182.576,0.0990148
182.642,0.0991873
182.709,0.098764
182.776,0.0991794
182.842,0.0988816
182.909,0.0993166
182.975,0.0993675
183.042,0.0995399
183.109,0.0996889
183.175,0.0994185
183.242,0.0990775
183.308,0.0985642
183.375,0.0983996
183.442,0.0988228
183.508,0.0993714
183.575,0.0990893
183.642,0.0993166
183.708,0.0990462
183.775,0.0992813
183.841,0.100445
183.908,0.0990227
183.975,0.0994772
184.041,0.100426
184.108,0.100555
184.174,0.100915
184.241,0.101864
184.308,0.102808
184.374,0.103059
184.441,0.104231
184.507,0.105336
184.574,0.105669
184.641,0.107119
184.707,0.108004
184.774,0.108114
184.84,0.108302
184.907,0.108224
184.974,0.108334
185.04,0.107758
185.107,0.107667
185.174,0.107366
185.24,0.108381
185.307,0.108784
185.373,0.109121
185.44,0.108725
185.507,0.10782
185.573,0.107283
185.64,0.106625
185.706,0.106331
185.773,0.10677
185.84,0.107546
185.906,0.107507
185.973,0.107589
186.039,0.10764
186.106,0.107342
186.173,0.106813
186.239,0.107326
186.306,0.10755
186.372,0.107585
186.439,0.108165
186.506,0.108001
186.572,0.108263
186.639,0.108804
186.706,0.10829
186.772,0.108624
186.839,0.108392
186.905,0.109019
186.972,0.108929
187.039,0.109376
187.105,0.109133
187.172,0.108725
187.238,0.107793
187.305,0.108177
187.372,0.108404
187.438,0.109635
187.505,0.109666
187.571,0.109619
187.638,0.10967
187.705,0.109223
187.771,0.109106
187.838,0.10947
187.904,0.109709
187.971,0.110081
188.038,0.110328
188.104,0.110156
188.171,0.110277
188.238,0.109768
188.304,0.109905
188.371,0.109995
188.437,0.110571
188.504,0.110697
188.571,0.111516
188.637,0.112033
188.704,0.112178
188.77,0.112319
188.837,0.11219
188.904,0.112252
188.97,0.112417
189.037,0.111853
189.103,0.1117
189.17,0.111445
189.237,0.110748
189.303,0.11043
189.37,0.110442
189.437,0.109733
189.503,0.109791
189.57,0.110156
189.636,0.109948
189.703,0.110544
189.77,0.110536
189.836,0.110798
189.903,0.110822
189.969,0.110473
190.036,0.110787
190.103,0.110724
190.169,0.110979
190.236,0.111304
190.302,0.111026
190.369,0.111198
190.436,0.111214
190.502,0.111288
190.569,0.109372
190.635,0.109874
190.702,0.11025
190.769,0.110383
190.835,0.11103
190.902,0.1119
190.969,0.112252
191.035,0.112386
191.102,0.112942
191.168,0.11324
191.235,0.113667
191.302,0.113918
191.368,0.114106
191.435,0.114004
191.501,0.113683
191.568,0.113455
191.635,0.113107
191.701,0.112617
191.768,0.112119
191.834,0.112221
191.901,0.113459
191.968,0.114216
192.034,0.114831
192.101,0.115187
192.167,0.115658
192.234,0.113941
192.301,0.114447
192.367,0.114572
192.434,0.114611
192.501,0.115411
192.567,0.115289
192.634,0.115575
192.7,0.114682
192.767,0.114752
192.834,0.112993
192.9,0.112315
192.967,0.112558
193.033,0.112699
193.1,0.112648
193.167,0.113161
193.233,0.11257
193.3,0.112178
193.366,0.111966
193.433,0.111237
193.5,0.11083
193.566,0.110657
193.633,0.110955
193.699,0.111665
193.766,0.111927
193.833,0.111226
193.899,0.110802
193.966,0.110716
194.033,0.11094
194.099,0.1111
194.166,0.111245
194.232,0.111183
194.299,0.110849
194.366,0.110834
194.432,0.11036
194.499,0.110364
194.565,0.110571
194.632,0.110822
194.699,0.11139
194.765,0.111418
194.832,0.111617
194.898,0.111218
194.965,0.111143
195.032,0.111155
195.098,0.111621
195.165,0.111833
195.232,0.113612
195.298,0.114564
195.365,0.114995
195.431,0.115666
195.498,0.11563
195.565,0.114972
195.631,0.114999
195.698,0.115325
195.764,0.115638
195.831,0.116265
195.898,0.116598
195.964,0.117037
196.031,0.118036
196.097,0.118236
196.164,0.118252
196.231,0.11853
196.297,0.11962
196.364,0.119917
196.43,0.121254
196.497,0.122453
196.564,0.122884
196.63,0.12433
196.697,0.124628
196.764,0.124534
196.83,0.126191
196.897,0.128053
196.963,0.128652
197.03,0.130749
197.097,0.133316
197.163,0.135784
197.23,0.13908
197.296,0.141631
197.363,0.142826
197.43,0.145487
197.496,0.148074
197.563,0.149657
197.629,0.152035
197.696,0.155225
197.763,0.157126
197.829,0.160288
197.896,0.16298
197.962,0.16463
198.029,0.168753
198.096,0.172597
198.162,0.174325
198.229,0.177899
198.296,0.180654
198.362,0.182092
198.429,0.185474
198.495,0.188868
198.562,0.19002
198.629,0.194981
198.695,0.199777
198.762,0.202242
198.828,0.206651
198.895,0.216448
198.962,0.217592
199.028,0.221844
199.095,0.227604
199.161,0.232746
199.228,0.240325
199.295,0.248182
199.361,0.252351
199.428,0.259029
199.494,0.26542
199.561,0.26796
199.628,0.273422
199.694,0.283964
199.761,0.289105
199.828,0.298957
199.894,0.307997
199.961,0.312026
200.027,0.319095
200.094,0.325271
200.161,0.328053
200.227,0.336733
200.294,0.346907
200.36,0.351323
200.427,0.360136
200.494,0.368236
200.56,0.371697
200.627,0.380855
200.693,0.39196
200.76,0.397004
200.827,0.420399
200.893,0.434412
200.96,0.440933
201.027,0.453994
201.093,0.466201
201.16,0.473255
201.226,0.48119
201.293,0.487989
201.36,0.488832
201.426,0.494337
201.493,0.497629
201.559,0.499283
201.626,0.497551
201.693,0.498515
201.759,0.500462
201.826,0.500443
201.892,0.500361
201.959,0.499929
202.026,0.498828
202.092,0.499926
202.159,0.499009
202.225,0.499914
202.292,0.503605
202.359,0.503374
202.425,0.504322
202.492,0.475277
202.559,0.473999
202.625,0.473925
202.692,0.471726
202.758,0.472197
202.825,0.472945
202.892,0.473329
202.958,0.473396
203.025,0.472929
203.091,0.47427
203.158,0.472918
203.225,0.470923
203.291,0.470653
203.358,0.469281
203.424,0.468674
203.491,0.467572
203.558,0.469195
203.624,0.474125
203.691,0.479971
203.757,0.482914
203.824,0.49237
203.891,0.494863
203.957,0.498307
204.024,0.503899
204.091,0.509268
204.157,0.511313
204.224,0.514139
204.29,0.518054
204.357,0.519719
204.424,0.522494
204.49,0.525268
204.557,0.526024
204.623,0.528043
204.69,0.528501
204.757,0.529849
204.823,0.530151
204.89,0.531824
204.956,0.533564
205.023,0.533274
205.09,0.535324
205.156,0.537847
205.223,0.54367
205.289,0.549917
205.356,0.552907
205.423,0.560302
205.489,0.56656
205.556,0.56645
205.623,0.572105
205.689,0.580025
205.756,0.5843
205.822,0.589567
205.889,0.594806
205.956,0.595558
206.022,0.599132
206.089,0.599552
206.155,0.600006
206.222,0.597902
206.289,0.595515
206.355,0.593615
206.422,0.587725
206.488,0.585291
206.555,0.584323
206.622,0.577979
206.688,0.574601
206.755,0.57379
206.822,0.5708
206.888,0.568707
206.955,0.567155
207.021,0.564628
207.088,0.563926
207.155,0.563405
207.221,0.561575
207.288,0.559682
207.354,0.559471
207.421,0.558585
207.488,0.557621
207.554,0.556199
207.621,0.55534
207.687,0.554808
207.754,0.554651
207.821,0.554251
207.887,0.555086
207.954,0.554749
208.02,0.554565
208.087,0.555376
208.154,0.555356
208.22,0.557993
208.287,0.560302
208.354,0.560854
208.42,0.562841
208.487,0.565839
208.553,0.567285
208.62,0.569479
208.687,0.571952
208.753,0.57301
208.82,0.575236
208.886,0.578148
208.953,0.578343
209.02,0.579742
209.086,0.581721
209.153,0.582482
209.219,0.584175
209.286,0.586494
209.353,0.586224
209.419,0.588156
209.486,0.589292
209.552,0.590045
209.619,0.590836
209.686,0.591048
209.752,0.591428
209.819,0.592267
209.886,0.592968
209.952,0.592827
210.019,0.593145
210.085,0.593674
210.152,0.593764
210.219,0.593889
210.285,0.59414
210.352,0.59354
210.418,0.59405
210.485,0.593689
210.552,0.596718
210.618,0.596526
210.685,0.596907
210.751,0.597099
210.818,0.596718
210.885,0.596742
210.951,0.596378
211.018,0.595927
211.084,0.5955
211.151,0.595335
211.218,0.594869
211.284,0.595006
211.351,0.594896
211.418,0.59463
211.484,0.594685
211.551,0.594116
211.617,0.593501
211.684,0.595045
211.751,0.594853
211.817,0.595547
211.884,0.598306
211.95,0.599685
212.017,0.602303
212.084,0.605199
212.15,0.606562
212.217,0.610352
212.283,0.612174
212.35,0.612715
212.417,0.614294
212.483,0.614698
212.55,0.615129
212.617,0.616191
212.683,0.616853
212.75,0.616884
212.816,0.617147
212.883,0.616826
212.95,0.61721
213.016,0.616293
213.083,0.615838
213.149,0.615622
213.216,0.615403
213.283,0.615493
213.349,0.615595
213.416,0.615626
213.482,0.615709
213.549,0.615434
213.616,0.615834
213.682,0.615215
213.749,0.614901
213.815,0.61509
213.882,0.617746
213.949,0.617547
214.015,0.616786
214.082,0.616947
214.149,0.616735
214.215,0.616018
214.282,0.615928
214.348,0.616093
214.415,0.616171
214.482,0.616097
214.548,0.615767
214.615,0.615603
214.681,0.61563
214.748,0.615313
214.815,0.615113
214.881,0.614796
214.948,0.614431
215.014,0.614694
215.081,0.614443
215.148,0.614439
215.214,0.614106
215.281,0.613738
215.347,0.613542
215.414,0.613401
215.481,0.612821
215.547,0.613965
215.614,0.613154
215.681,0.613338
215.747,0.612879
215.814,0.612985
215.88,0.612507
215.947,0.612668
216.014,0.61248
216.08,0.61217
216.147,0.61228
216.213,0.612499
216.28,0.612127
216.347,0.611896
216.413,0.611668
216.48,0.611939
216.546,0.611692
216.613,0.611817
216.68,0.611896
216.746,0.612072
216.813,0.611712
216.879,0.611539
216.946,0.611473
217.013,0.611331
217.079,0.611841
217.146,0.612272
217.213,0.61331
217.279,0.612519
217.346,0.612433
217.412,0.613228
217.479,0.613005
217.546,0.61264
217.612,0.612217
217.679,0.612154
217.745,0.612401
217.812,0.61277
217.879,0.613067
217.945,0.612973
218.012,0.613263
218.078,0.613471
218.145,0.613506
218.212,0.613883
218.278,0.61438
218.345,0.614662
218.412,0.614529
218.478,0.614278
218.545,0.614635
218.611,0.614494
218.678,0.614169
218.745,0.613969
218.811,0.613741
218.878,0.616974
218.944,0.616751
219.011,0.616759
219.078,0.61632
219.144,0.615834
219.211,0.615599
219.277,0.615744
219.344,0.615595
219.411,0.615826
219.477,0.615528
219.544,0.615042
219.61,0.614525
219.677,0.614596
219.744,0.614478
219.81,0.614494
219.877,0.613945
219.944,0.613647
220.01,0.613906
220.077,0.613875
220.143,0.613538
220.21,0.613663
220.277,0.613687
220.343,0.613361
220.41,0.613546
220.476,0.613785
220.543,0.615352
220.61,0.614396
220.676,0.613412
220.743,0.613738
220.809,0.61364
220.876,0.613593
220.943,0.613694
221.009,0.613953
221.076,0.613886
221.142,0.613232
221.209,0.612938
221.276,0.612433
221.342,0.612393
221.409,0.612272
221.476,0.612738
221.542,0.61315
221.609,0.613436
221.675,0.613585
221.742,0.613577
221.809,0.613381
221.875,0.612774
221.942,0.613303
222.008,0.613479
222.075,0.613428
222.142,0.613212
222.208,0.611402
222.275,0.6115
222.341,0.611422
222.408,0.611425
222.475,0.611179
222.541,0.611339
222.608,0.61123
222.674,0.611273
222.741,0.610579
222.808,0.609956
222.874,0.608992
222.941,0.608929
223.008,0.608138
223.074,0.607424
223.141,0.607624
223.207,0.607754
223.274,0.608243
223.341,0.608631
223.407,0.609784
223.474,0.61023
223.54,0.610728
223.607,0.61092
223.674,0.61181
223.74,0.611915
223.807,0.612017
223.873,0.614259
223.94,0.613914
224.007,0.61422
224.073,0.613859
224.14,0.613534
224.207,0.613056
224.273,0.612911
224.34,0.612499
224.406,0.61139
224.473,0.610211
224.54,0.610019
224.606,0.609223
224.673,0.609055
224.739,0.608894
224.806,0.608733
224.873,0.608435
224.939,0.608216
225.006,0.607856
225.072,0.608063
225.139,0.607793
225.206,0.607812
225.272,0.607644
225.339,0.607765
225.405,0.607722
225.472,0.607812
225.539,0.606221
225.605,0.606167
225.672,0.606065
225.739,0.606319
225.805,0.606817
225.872,0.606613
225.938,0.606872
226.005,0.606629
226.072,0.606335
226.138,0.606116
226.205,0.605775
226.271,0.605638
226.338,0.605849
226.405,0.60601
226.471,0.606504
226.538,0.606923
226.604,0.607444
226.671,0.608251
226.738,0.608714
226.804,0.609317
226.871,0.609795
226.937,0.609956
227.004,0.610042
227.071,0.610461
227.137,0.610399
227.204,0.613032
227.271,0.613228
227.337,0.613303
227.404,0.613079
227.47,0.613424
227.537,0.613408
227.604,0.613354
227.67,0.613694
227.737,0.613836
227.803,0.613671
227.87,0.613451
227.937,0.613498
228.003,0.613205
228.07,0.613212
228.136,0.612973
228.203,0.612691
228.27,0.612926
228.336,0.612805
228.403,0.612758
228.469,0.613009
228.536,0.612973
228.603,0.612879
228.669,0.613326
228.736,0.61335
228.803,0.613585
228.869,0.623875
228.936,0.623632
229.002,0.623527
229.069,0.623538
229.136,0.62337
229.202,0.623585
229.269,0.62357
229.335,0.622931
229.402,0.622817
229.469,0.622849
229.535,0.622727
229.602,0.62299
229.668,0.623052
229.735,0.623233
229.802,0.623288
229.868,0.62344
229.935,0.623397
230.001,0.623722
230.068,0.623754
230.135,0.623813
230.201,0.623691
230.268,0.623585
230.335,0.623628
230.401,0.62346
230.468,0.623409
230.534,0.626681
230.601,0.626857
230.668,0.626771
230.734,0.626948
230.801,0.627155
230.867,0.626975
230.934,0.626901
231.001,0.626897
231.067,0.626113
231.134,0.62547
231.2,0.624408
231.267,0.624236
231.334,0.623922
231.4,0.623041
231.467,0.622163
231.534,0.622014
231.6,0.622233
231.667,0.622468
231.733,0.622394
231.8,0.622617
231.867,0.622661
231.933,0.622077
232,0.622171
232.066,0.622398
232.133,0.622312
232.2,0.623119
232.266,0.622578
232.333,0.622316
232.399,0.622257
232.466,0.622296
232.533,0.622762
232.599,0.622394
232.666,0.62239
232.732,0.622371
232.799,0.622257
232.866,0.622559
232.932,0.622602
232.999,0.6227
233.066,0.622406
233.132,0.622504
233.199,0.622892
233.265,0.62279
233.332,0.622527
233.399,0.622304
233.465,0.621889
233.532,0.622002
233.598,0.621963
233.665,0.621791
233.732,0.621834
233.798,0.621861
233.865,0.620105
233.931,0.619921
233.998,0.619894
234.065,0.619819
234.131,0.619729
234.198,0.619659
234.264,0.619655
234.331,0.619749
234.398,0.619463
234.464,0.619549
234.531,0.619765
234.598,0.619392
234.664,0.619353
234.731,0.619627
234.797,0.619671
234.864,0.619725
234.931,0.619949
234.997,0.619984
235.064,0.620051
235.13,0.620109
235.197,0.620431
235.264,0.620658
235.33,0.620395
235.397,0.620415
235.463,0.620309
235.53,0.621344
235.597,0.621485
235.663,0.621473
235.73,0.620928
235.796,0.62054
235.863,0.619835
235.93,0.620047
235.996,0.62016
236.063,0.620568
236.13,0.62078
236.196,0.62143
236.263,0.622566
236.329,0.622755
236.396,0.623237
236.463,0.624036
236.529,0.624236
236.596,0.624553
236.662,0.624608
236.729,0.62451
236.796,0.624683
236.862,0.625137
236.929,0.625196
236.995,0.625184
237.062,0.625263
237.129,0.625274
237.195,0.625776
237.262,0.625866
237.329,0.626058
237.395,0.625545
237.462,0.625462
237.528,0.625482
237.595,0.625012
237.662,0.62511
237.728,0.625149
237.795,0.622488
237.861,0.622327
237.928,0.622492
237.995,0.622175
238.061,0.622229
238.128,0.622406
238.194,0.622468
238.261,0.622535
238.328,0.62279
238.394,0.623166
238.461,0.623201
238.527,0.623962
238.594,0.624083
238.661,0.623707
238.727,0.623922
238.794,0.624224
238.861,0.624287
238.927,0.624659
238.994,0.624918
239.06,0.624855
239.127,0.624741
239.194,0.624902
239.26,0.624882
239.327,0.624808
239.393,0.62482
239.46,0.624596
239.527,0.624346
239.593,0.624201
239.66,0.624103
239.726,0.623382
239.793,0.622833
239.86,0.623041
239.926,0.622762
239.993,0.622453
240.059,0.622809
240.126,0.622896
240.193,0.623158
240.259,0.623229
240.326,0.62382
240.393,0.624001
240.459,0.624075
240.526,0.624447
240.592,0.62502
240.659,0.625227
240.726,0.626121
240.792,0.626756
240.859,0.627097
240.925,0.628135
240.992,0.628911
241.059,0.629718
241.125,0.632822
241.192,0.634636
241.258,0.63482
241.325,0.635373
241.392,0.635393
241.458,0.635389
241.525,0.634883
241.591,0.634362
241.658,0.634683
241.725,0.634389
241.791,0.634542
241.858,0.634405
241.925,0.634468
241.991,0.635287
242.058,0.63531
242.124,0.6356
242.191,0.635749
242.258,0.635659
242.324,0.635847
242.391,0.635737
242.457,0.635808
242.524,0.636078
242.591,0.636
242.657,0.635663
242.724,0.63591
242.79,0.633496
242.857,0.633182
242.924,0.633276
242.99,0.632681
243.057,0.632638
243.124,0.632426
243.19,0.632681
243.257,0.632759
243.323,0.632798
243.39,0.632634
243.457,0.632156
243.523,0.631078
243.59,0.630933
243.656,0.630839
243.723,0.630463
243.79,0.631074
243.856,0.630929
243.923,0.630717
243.989,0.630357
244.056,0.630529
244.123,0.630184
244.189,0.629534
244.256,0.629217
244.322,0.628934
244.389,0.628621
244.456,0.629914
244.522,0.629859
244.589,0.629714
244.656,0.629385
244.722,0.628629
244.789,0.62839
244.855,0.629154
244.922,0.629201
244.989,0.628731
245.055,0.62884
245.122,0.628296
245.188,0.628664
245.255,0.628821
245.322,0.62875
245.388,0.628413
245.455,0.628061
245.521,0.627865
245.588,0.628151
245.655,0.627888
245.721,0.627774
245.788,0.627402
245.854,0.627351
245.921,0.627767
245.988,0.627767
246.054,0.62768
246.121,0.625921
246.188,0.625905
246.254,0.626101
246.321,0.625607
246.387,0.62531
246.454,0.625133
246.521,0.625243
246.587,0.62556
246.654,0.625588
246.72,0.625737
246.787,0.625537
246.854,0.625353
246.92,0.625345
246.987,0.625082
247.053,0.624894
247.12,0.624741
247.187,0.624432
247.253,0.624099
247.32,0.623409
247.386,0.623354
247.453,0.623264
247.52,0.623613
247.586,0.623785
247.653,0.623864
247.72,0.623268
247.786,0.621442
247.853,0.62174
247.919,0.621508
247.986,0.621889
248.053,0.622155
248.119,0.621826
248.186,0.621853
248.252,0.6217
248.319,0.621646
248.386,0.621716
248.452,0.621383
248.519,0.621265
248.585,0.621771
248.652,0.621936
248.719,0.622308
248.785,0.622222
248.852,0.622077
248.919,0.6221
248.985,0.622147
249.052,0.621865
249.118,0.622194
249.185,0.622155
249.252,0.622026
249.318,0.621755
249.385,0.621438
249.451,0.621657
249.518,0.621085
249.585,0.62107
249.651,0.620764
249.718,0.620748
249.784,0.620874
249.851,0.620258
249.918,0.620427
249.984,0.620188
250.051,0.620286
250.117,0.619647
250.184,0.620058
250.251,0.619721
250.317,0.619455
250.384,0.618562
250.451,0.61862
250.517,0.618432
250.584,0.61788
250.65,0.61737
250.717,0.616876
250.784,0.616285
250.85,0.616065
250.917,0.614513
250.983,0.615234
251.05,0.615062
251.117,0.616398
251.183,0.617405
251.25,0.617476
251.316,0.618879
251.383,0.619224
251.45,0.619341
251.516,0.61931
251.583,0.619698
251.649,0.619659
251.716,0.620164
251.783,0.620019
251.849,0.620047
251.916,0.620113
251.983,0.620141
252.049,0.620309
252.116,0.620732
252.182,0.621148
252.249,0.621328
252.316,0.62163
252.382,0.62203
252.449,0.622065
252.515,0.62203
252.582,0.622241
252.649,0.622496
252.715,0.622347
252.782,0.622653
252.848,0.621771
252.915,0.621222
252.982,0.619823
253.048,0.619051
253.115,0.617539
253.181,0.616367
253.248,0.615717
253.315,0.614408
253.381,0.613256
253.448,0.612597
253.515,0.612429
253.581,0.612711
253.648,0.61215
253.714,0.612346
253.781,0.613777
253.848,0.614447
253.914,0.615368
253.981,0.616046
254.047,0.616735
254.114,0.617014
254.181,0.618275
254.247,0.620102
254.314,0.622684
254.38,0.624295
254.447,0.648516
254.514,0.648442
254.58,0.648222
254.647,0.648477
254.714,0.649112
254.78,0.649551
254.847,0.650021
254.913,0.650056
254.98,0.650342
255.047,0.652039
255.113,0.652282
255.18,0.65383
255.246,0.654457
255.313,0.654724
255.38,0.654873
255.446,0.655261
255.513,0.655276
255.579,0.655856
255.646,0.655645
255.713,0.65579
255.779,0.655743
255.846,0.655664
255.912,0.65577
255.979,0.655907
256.046,0.655868
256.112,0.662726
256.179,0.663082
256.246,0.663404
256.312,0.663231
256.379,0.663337
256.445,0.663756
256.512,0.663772
256.579,0.663972
256.645,0.663819
256.712,0.663521
256.778,0.663321
256.845,0.662945
256.912,0.662996
256.978,0.662122
257.045,0.661965
257.111,0.662208
257.178,0.6634
257.245,0.662961
257.311,0.663074
257.378,0.663176
257.444,0.662933
257.511,0.662557
257.578,0.662675
257.644,0.662557
257.711,0.6624
257.778,0.659791
257.844,0.659085
257.911,0.659987
257.977,0.659414
258.044,0.659301
258.111,0.659073
258.177,0.659477
258.244,0.659693
258.31,0.6603
258.377,0.660465
258.444,0.660911
258.51,0.661068
258.577,0.660927
258.643,0.660194
258.71,0.660112
258.777,0.660057
258.843,0.660116
258.91,0.659653
258.976,0.659567
259.043,0.659367
259.11,0.65936
259.176,0.65878
259.243,0.658858
259.31,0.658885
259.376,0.658921
259.443,0.66282
259.509,0.662808
259.576,0.662385
259.643,0.662263
259.709,0.662185
259.776,0.661644
259.842,0.660904
259.909,0.661048
259.976,0.662044
260.042,0.662173
260.109,0.661511
260.175,0.66086
260.242,0.659179
260.309,0.659128
260.375,0.659481
260.442,0.658376
260.509,0.658823
260.575,0.657886
260.642,0.657859
260.708,0.657745
260.775,0.658004
260.842,0.657541
260.908,0.657745
260.975,0.657659
261.041,0.657819
261.108,0.654661
261.175,0.655151
261.241,0.655374
261.308,0.655648
261.374,0.65557
261.441,0.655409
261.508,0.655045
261.574,0.656656
261.641,0.656538
261.707,0.656761
261.774,0.656746
261.841,0.658411
261.907,0.657984
261.974,0.659164
262.041,0.659093
262.107,0.658787
262.174,0.659093
262.24,0.658544
262.307,0.658721
262.374,0.657859
262.44,0.658004
262.507,0.658129
262.573,0.658635
262.64,0.65836
262.707,0.658153
262.773,0.663074
262.84,0.663161
262.906,0.663196
262.973,0.662275
263.04,0.660359
263.106,0.660347
263.173,0.659873
263.239,0.660206
263.306,0.660864
263.373,0.660798
263.439,0.660555
263.506,0.662585
263.573,0.662918
263.639,0.663509
263.706,0.664136
263.772,0.665931
263.839,0.666272
263.906,0.665304
263.972,0.664199
264.039,0.664575
264.105,0.663882
264.172,0.66398
264.239,0.66559
264.305,0.665124
264.372,0.664454
264.438,0.67074
264.505,0.670971
264.572,0.67112
264.638,0.674737
264.705,0.672115
264.771,0.671751
264.838,0.671088
264.905,0.669689
264.971,0.669403
265.038,0.670277
265.105,0.669709
265.171,0.671292
265.238,0.669619
265.304,0.667942
265.371,0.664665
265.438,0.665716
265.504,0.66668
265.571,0.668282
265.637,0.667028
265.704,0.667315
265.771,0.667091
265.837,0.667287
265.904,0.666488
265.97,0.664023
266.037,0.664097
266.104,0.662201
266.17,0.662451
266.237,0.662843
266.304,0.664262
266.37,0.665316
266.437,0.665359
266.503,0.665543
266.57,0.664791
266.637,0.665155
266.703,0.663995
266.77,0.663897
266.836,0.663694
266.903,0.663239
266.97,0.664713
267.036,0.664019
267.103,0.6653
267.169,0.665144
267.236,0.665316
267.303,0.665892
267.369,0.6655
267.436,0.665532
267.502,0.664995
267.569,0.66494
267.636,0.665014
267.702,0.664901
267.769,0.66398
267.836,0.664074
267.902,0.664293
267.969,0.666155
268.035,0.666241
268.102,0.666739
268.169,0.666464
268.235,0.666688
268.302,0.666566
268.368,0.666209
268.435,0.666002
268.502,0.665124
268.568,0.661483
268.635,0.662048
268.701,0.660284
268.768,0.6601
268.835,0.658905
268.901,0.659457
268.968,0.659587
269.034,0.658599
269.101,0.660684
269.168,0.661342
269.234,0.661025
269.301,0.659806
269.368,0.658979
269.434,0.651048
269.501,0.651209
269.567,0.651906
269.634,0.652905
269.701,0.650734
269.767,0.65218
269.834,0.652035
269.9,0.65231
269.967,0.652474
270.034,0.655778
270.1,0.65615
270.167,0.659097
270.233,0.660598
270.3,0.661562
270.367,0.660496
270.433,0.660312
270.5,0.660492
270.566,0.661127
270.633,0.661848
270.7,0.664152
270.766,0.664548
270.833,0.667965
270.9,0.667828
270.966,0.667969
271.033,0.66918
271.099,0.684941
271.166,0.684553
271.233,0.684847
271.299,0.684757
271.366,0.683052
271.432,0.682958
271.499,0.684087
271.566,0.68442
271.632,0.68208
271.699,0.681097
271.765,0.681783
271.832,0.679506
271.899,0.679231
271.965,0.678875
272.032,0.679502
272.099,0.678224
272.165,0.676555
272.232,0.675998
272.298,0.674039
272.365,0.673651
272.432,0.67351
272.498,0.673498
272.565,0.674223
272.631,0.674027
272.698,0.672515
272.765,0.674259
272.831,0.672358
272.898,0.671704
272.964,0.672119
273.031,0.673447
273.098,0.675085
273.164,0.674556
273.231,0.675759
273.297,0.673937
273.364,0.67226
273.431,0.67253
273.497,0.671535
273.564,0.671151
273.631,0.672076
273.697,0.67275
273.764,0.672848
273.83,0.672589
273.897,0.672903
273.964,0.672711
274.03,0.672577
274.097,0.672397
274.163,0.671994
274.23,0.672429
274.297,0.673224
274.363,0.67295
274.43,0.678863
274.496,0.678738
274.563,0.678577
274.63,0.678495
274.696,0.678765
274.763,0.677919
274.829,0.678436
274.896,0.678205
274.963,0.678189
275.029,0.678083
275.096,0.678557
275.163,0.680192
275.229,0.679976
275.296,0.679909
275.362,0.679451
275.429,0.679604
275.496,0.67938
275.562,0.679482
275.629,0.678369
275.695,0.678546
275.762,0.678467
275.829,0.678342
275.895,0.678115
275.962,0.678683
276.028,0.679231
276.095,0.688633
276.162,0.688452
276.228,0.687872
276.295,0.688926
276.361,0.689765
276.428,0.68913
276.495,0.688656
276.561,0.688648
276.628,0.689256
276.695,0.688793
276.761,0.689738
276.828,0.690106
276.894,0.689189
276.961,0.690098
277.028,0.690749
277.094,0.690988
277.161,0.691595
277.227,0.690619
277.294,0.692101
277.361,0.692739
277.427,0.693535
277.494,0.694754
277.56,0.695674
277.627,0.698692
277.694,0.699221
277.76,0.699436
277.827,0.701392
277.894,0.703982
277.96,0.705718
278.027,0.708932
278.093,0.712153
278.16,0.713952
278.227,0.716256
278.293,0.719199
278.36,0.72079
278.426,0.722808
278.493,0.726021
278.56,0.727318
278.626,0.729854
278.693,0.731245
278.759,0.733851
278.826,0.735242
278.893,0.738397
278.959,0.739568
279.026,0.741144
279.092,0.743969
279.159,0.746301
279.226,0.748335
279.292,0.750674
279.359,0.750874
279.426,0.757806
279.492,0.758151
279.559,0.761748
279.625,0.762309
279.692,0.763723
279.759,0.763759
279.825,0.76562
279.892,0.766075
279.958,0.766631
280.025,0.769366
280.092,0.770495
280.158,0.770981
280.225,0.77381
280.291,0.77383
280.358,0.776487
280.425,0.779489
280.491,0.783156
280.558,0.783403
280.624,0.782663
280.691,0.78436
280.758,0.78673
280.824,0.788165
280.891,0.794274
280.958,0.795042
281.024,0.795724
281.091,0.792808
281.157,0.794607
281.224,0.794877
281.291,0.79494
281.357,0.795814
281.424,0.798769
281.49,0.800019
281.557,0.800818
281.624,0.802895
281.69,0.802339
281.757,0.805278
281.823,0.807163
281.89,0.809823
281.957,0.810353
282.023,0.813378
282.09,0.817426
282.156,0.819444
282.223,0.8208
282.29,0.822501
282.356,0.821129
282.423,0.800074
282.49,0.79166
282.556,0.788643
282.623,0.762842
282.689,0.745348
282.756,0.730375
282.823,0.730418
282.889,0.729728
282.956,0.728588
283.022,0.671163
283.089,0.666684
283.156,0.665214
283.222,0.661938
283.289,0.659697
283.355,0.658121
283.422,0.609368
283.489,0.612009
283.555,0.61235
283.622,0.615705
283.688,0.617664
283.755,0.617829
283.822,0.583559
283.888,0.582388
283.955,0.580452
284.022,0.578379
284.088,0.578469
284.155,0.576741
284.221,0.57486
284.288,0.57457
284.355,0.575475
284.421,0.568609
284.488,0.572779
284.554,0.577454
284.621,0.580436
284.688,0.586028
284.754,0.587944
284.821,0.591311
284.887,0.595927
284.954,0.596338
285.021,0.600069
285.087,0.606817
285.154,0.610285
285.221,0.609153
285.287,0.607413
285.354,0.606605
285.42,0.60938
285.487,0.613158
285.554,0.613197
285.62,0.611484
285.687,0.612887
285.753,0.61264
285.82,0.609552
285.887,0.610281
285.953,0.580577
286.02,0.578716
286.086,0.577219
286.153,0.579496
286.22,0.57984
286.286,0.582658
286.353,0.582627
286.419,0.581004
286.486,0.583199
286.553,0.583936
286.619,0.591503
286.686,0.591601
286.753,0.594418
286.819,0.598423
286.886,0.601272
286.952,0.600684
287.019,0.600825
287.086,0.601009
287.152,0.601268
287.219,0.602957
287.285,0.602612
287.352,0.602883
287.419,0.597859
287.485,0.594544
287.552,0.591965
287.618,0.574154
287.685,0.571881
287.752,0.570804
287.818,0.571521
287.885,0.571149
287.951,0.560909
288.018,0.557026
288.085,0.550701
288.151,0.549372
288.218,0.545983
288.285,0.532823
288.351,0.53166
288.418,0.528877
288.484,0.524657
288.551,0.524559
288.618,0.520468
288.684,0.515169
288.751,0.512642
288.817,0.508943
288.884,0.503115
288.951,0.501246
289.017,0.500819
289.084,0.499616
289.15,0.499937
289.217,0.501493
289.284,0.499749
289.35,0.502845
289.417,0.494529
289.483,0.49681
289.55,0.498127
289.617,0.498895
289.683,0.501901
289.75,0.502896
289.817,0.503441
289.883,0.499745
289.95,0.497982
290.016,0.496975
290.083,0.494721
290.15,0.493307
290.216,0.490764
290.283,0.486715
290.349,0.483655
290.416,0.478757
290.483,0.473055
290.549,0.469986
290.616,0.465061
290.682,0.461126
290.749,0.457513
290.816,0.45301
290.882,0.448496
290.949,0.446674
291.016,0.448304
291.082,0.44745
291.149,0.445698
291.215,0.445
291.282,0.442124
291.349,0.439969
291.415,0.439785
291.482,0.437551
291.548,0.436493
291.615,0.438652
291.682,0.43585
291.748,0.436579
291.815,0.439185
291.881,0.440227
291.948,0.436642
292.015,0.435019
292.081,0.433409
292.148,0.432468
292.214,0.43092
292.281,0.423765
292.348,0.422601
292.414,0.415814
292.481,0.409156
292.548,0.410014
292.614,0.407537
292.681,0.402651
292.747,0.400879
292.814,0.394982
292.881,0.388273
292.947,0.385236
293.014,0.380831
293.08,0.375486
293.147,0.374083
293.214,0.369635
293.28,0.368577
293.347,0.368358
293.413,0.368052
293.48,0.365638
293.547,0.36509
293.613,0.364862
293.68,0.362248
293.746,0.36244
293.813,0.362233
293.88,0.356163
293.946,0.355105
294.013,0.358228
294.08,0.358953
294.146,0.36121
294.213,0.365591
294.279,0.367884
294.346,0.368679
294.413,0.365928
294.479,0.369471
294.546,0.36864
294.612,0.370956
294.679,0.375756
294.746,0.376873
294.812,0.37636
294.879,0.372543
294.945,0.371156
295.012,0.371363
295.079,0.373448
295.145,0.374099
295.212,0.374839
295.278,0.377473
295.345,0.379322
295.412,0.382379
295.478,0.384918
295.545,0.385992
295.612,0.388155
295.678,0.389868
295.745,0.389636
295.811,0.394312
295.878,0.401483
295.945,0.401001
296.011,0.402839
296.078,0.410374
296.144,0.41561
296.211,0.424082
296.278,0.432366
296.344,0.439126
296.411,0.446819
296.477,0.451894
296.544,0.451321
296.611,0.453669
296.677,0.460291
296.744,0.463654
296.811,0.466369
296.877,0.465927
296.944,0.467878
297.01,0.466444
297.077,0.463865
297.144,0.460479
297.21,0.457313
297.277,0.451078
297.343,0.44926
297.41,0.450318
297.477,0.452885
297.543,0.453238
297.61,0.457995
297.676,0.462196
297.743,0.455221
297.81,0.464347
297.876,0.470578
297.943,0.473286
298.009,0.476762
298.076,0.478804
298.143,0.46691
298.209,0.46374
298.276,0.460636
298.343,0.444565
298.409,0.442743
298.476,0.439761
298.542,0.43893
298.609,0.420747
298.676,0.414246
298.742,0.411679
298.809,0.407428
298.875,0.390581
298.942,0.386831
299.009,0.382359
299.075,0.382579
299.142,0.381454
299.208,0.381313
299.275,0.380843
299.342,0.379397
299.408,0.381607
299.475,0.395236
299.541,0.40383
299.608,0.4161
299.675,0.423792
299.741,0.42826
299.808,0.435756
299.875,0.441372
299.941,0.445294
300.008,0.458959
300.074,0.46298
300.141,0.463305
300.208,0.468356
300.274,0.470296
300.341,0.47416
300.407,0.490074
300.474,0.489447
300.541,0.487382
300.607,0.496779
300.674,0.499009
300.74,0.501399
300.807,0.515522
300.874,0.515789
300.94,0.516804
301.007,0.513974
301.073,0.526706
301.14,0.527611
301.207,0.529281
301.273,0.531185
301.34,0.529829
301.407,0.555732
301.473,0.563343
301.54,0.56732
301.606,0.575487
301.673,0.606919
301.74,0.611469
301.806,0.620611
301.873,0.620294
301.939,0.623374
302.006,0.625408
302.073,0.625263
302.139,0.622711
302.206,0.616026
302.272,0.607417
302.339,0.601664
302.406,0.594677
302.472,0.581682
302.539,0.581459
302.606,0.57022
302.672,0.562096
302.739,0.554243
302.805,0.544674
302.872,0.535735
302.939,0.529155
303.005,0.525597
303.072,0.519547
303.138,0.515894
303.205,0.510541
303.272,0.514037
303.338,0.512066
303.405,0.515275
303.471,0.518567
303.538,0.521044
303.605,0.487292
303.671,0.48574
303.738,0.485113
303.804,0.480077
303.871,0.481041
303.938,0.480943
304.004,0.479528
304.071,0.46586
304.138,0.46327
304.204,0.460801
304.271,0.463121
304.337,0.46352
304.404,0.462106
304.471,0.452368
304.537,0.452916
304.604,0.452916
304.67,0.453559
304.737,0.453238
304.804,0.455287
304.87,0.451737
304.937,0.447889
305.003,0.445271
305.07,0.440549
305.137,0.438037
305.203,0.433754
305.27,0.432394
305.336,0.430826
305.403,0.427844
305.47,0.425826
305.536,0.42659
305.603,0.428028
305.67,0.430909
305.736,0.431786
305.803,0.434173
305.869,0.447128
305.936,0.450749
306.003,0.452168
306.069,0.449174
306.136,0.451125
306.202,0.451729
306.269,0.451259
306.336,0.449484
306.402,0.448696
306.469,0.450205
306.535,0.450498
306.602,0.44908
306.669,0.44861
306.735,0.449436
306.802,0.445851
306.868,0.440024
306.935,0.437104
307.002,0.432026
307.068,0.430309
307.135,0.427974
307.202,0.420301
307.268,0.410304
307.335,0.407008
307.401,0.401745
307.468,0.392184
307.535,0.388049
307.601,0.382273
307.668,0.37779
307.734,0.370968
307.801,0.364878
307.868,0.361637
307.934,0.358196
308.001,0.340586
308.067,0.331482
308.134,0.328684
308.201,0.322943
308.267,0.318264
308.334,0.314118
308.401,0.312026
308.467,0.312308
308.534,0.312226
308.6,0.313017
308.667,0.315706
308.734,0.315502
308.8,0.318241
308.867,0.318421
308.933,0.318782
309,0.329637
309.067,0.337984
309.133,0.341844
309.2,0.347804
309.266,0.354121
309.333,0.359082
309.4,0.367272
309.466,0.378605
309.533,0.381411
309.599,0.388951
309.666,0.391557
309.733,0.394605
309.799,0.399535
309.866,0.396577
309.933,0.397819
309.999,0.399841
310.066,0.39747
310.132,0.397987
310.199,0.400358
310.266,0.396541
310.332,0.396291
310.399,0.381501
310.465,0.376481
310.532,0.372802
310.599,0.367057
310.665,0.360328
310.732,0.357432
310.798,0.350712
310.865,0.344414
310.932,0.345582
310.998,0.339026
311.065,0.335287
311.131,0.334414
311.198,0.327184
311.265,0.321219
311.331,0.316501
311.398,0.309087
311.465,0.295007
311.531,0.290547
311.598,0.283588
311.664,0.276918
311.731,0.266035
311.798,0.258057
311.864,0.254346
311.931,0.252477
311.997,0.246548
312.064,0.23427
312.131,0.23179
312.197,0.22744
312.264,0.224689
312.33,0.222921
312.397,0.219112
312.464,0.214524
312.53,0.212431
312.597,0.20649
312.663,0.201909
312.73,0.199601
312.797,0.199903
312.863,0.19975
312.93,0.201169
312.997,0.204425
313.063,0.207948
313.13,0.208626
313.196,0.213172
313.263,0.214151
313.33,0.212615
313.396,0.212125
313.463,0.211581
313.529,0.211667
313.596,0.212
313.663,0.212752
313.729,0.212341
313.796,0.219908
313.862,0.225962
313.929,0.22755
313.996,0.237013
314.062,0.249005
314.129,0.255263
314.196,0.26553
314.262,0.276071
314.329,0.278305
314.395,0.283262
314.462,0.283764
314.529,0.283885
314.595,0.284602
314.662,0.287937
314.728,0.291249
314.795,0.294278
314.862,0.299341
314.928,0.30143
314.995,0.302111
315.061,0.295716
315.128,0.294517
315.195,0.292424
315.261,0.291064
315.328,0.290191
315.394,0.2853
315.461,0.279833
315.528,0.278873
315.594,0.276463
315.661,0.27229
315.728,0.27236
315.794,0.270342
315.861,0.268841
315.927,0.270291
315.994,0.269167
316.061,0.266517
316.127,0.260933
316.194,0.253202
316.26,0.246246
316.327,0.243973
316.394,0.234807
316.46,0.229097
316.527,0.226495
316.593,0.220014
316.66,0.213469
316.727,0.211996
316.793,0.203363
316.86,0.19792
316.926,0.196329
316.993,0.189091
317.06,0.183056
317.126,0.178522
317.193,0.171692
317.26,0.164705
317.326,0.160919
317.393,0.154829
317.459,0.147556
317.526,0.144241
317.593,0.1385
317.659,0.131231
317.726,0.127222
317.792,0.122363
317.859,0.117817
317.926,0.116367
317.992,0.111002
318.059,0.106848
318.125,0.104101
318.192,0.0978431
318.259,0.0905778
318.325,0.087337
318.392,0.080487
318.458,0.0745305
318.525,0.0720382
318.592,0.0671437
318.658,0.0626724
318.725,0.0605916
318.792,0.0568257
318.858,0.0534438
318.925,0.0514844
318.991,0.0455319
319.058,0.0416523
319.125,0.0387995
319.191,0.0340617
319.258,0.0285951
319.324,0.0263535
319.391,0.023054
319.458,0.0213336
319.524,0.0201384
319.591,0.0188491
319.657,0.0168819
319.724,0.0157181
319.791,0.0131552
319.857,0.0108863
319.924,0.00986739
319.991,0.00929133
320.057,0.00939322
320.124,0.00952646
320.19,0.00973415
320.257,0.0100437
320.324,0.0101652
320.39,0.0104748
320.457,0.0105845
320.523,0.0105767
320.59,0.0104199
320.657,0.0105728
320.723,0.0107491
320.79,0.0109881
320.856,0.0108823
320.923,0.0108118
320.99,0.0106511
321.056,0.0108784
321.123,0.010851
321.189,0.0107569
321.256,0.0111998
321.323,0.0112899
321.389,0.0116857
321.456,0.0119639
321.523,0.0119012
321.589,0.0119169
321.656,0.0115133
321.722,0.0114976
321.789,0.0115603
321.856,0.0115799
321.922,0.0115172
321.989,0.0136999
322.055,0.0137234
322.122,0.013743
322.189,0.0140448
322.255,0.0141035
322.322,0.0142329
322.388,0.0142289
322.455,0.0140448
322.522,0.0140173
322.588,0.0142054
322.655,0.0143034
322.721,0.0148599
322.788,0.0146561
322.855,0.0145424
322.921,0.0142877
322.988,0.0143308
323.055,0.01408
323.121,0.0141467
323.188,0.0144993
323.254,0.0144366
323.321,0.0143269
323.388,0.0146287
323.454,0.0145542
323.521,0.0142485
323.587,0.0142211
323.654,0.0140996
323.721,0.0140644
323.787,0.0139781
323.854,0.0139899
323.92,0.013888
323.987,0.0137548
324.054,0.0137078
324.12,0.0137313
324.187,0.0138606
324.253,0.0137587
324.32,0.0138175
324.387,0.0138136
324.453,0.0137156
324.52,0.0137469
324.587,0.0135432
324.653,0.01379
324.72,0.0138057
324.786,0.0136646
324.853,0.0136803
324.92,0.0135863
324.986,0.0136451
325.053,0.0136059
325.119,0.0135001
325.186,0.0140056
325.253,0.0140918
325.319,0.0138919
325.386,0.014084
325.452,0.0139272
325.519,0.013939
325.586,0.0140565
325.652,0.0139938
325.719,0.0140252
325.786,0.0140408
325.852,0.0140252
325.919,0.0137313
325.985,0.013696
326.052,0.0136137
326.119,0.0137234
326.185,0.0137665
326.252,0.0136137
326.318,0.013406
326.385,0.0130181
326.452,0.0129828
326.518,0.0129906
326.585,0.0130298
326.651,0.0130259
326.718,0.013167
326.785,0.0134099
326.851,0.0135745
326.918,0.013214
326.984,0.0127908
327.051,0.0125517
327.118,0.0117131
327.184,0.0108863
327.251,0.0106511
327.318,0.0102044
327.384,0.00990266
327.451,0.0126615
327.517,0.0254483
327.584,0.0383488
327.651,0.042581
327.717,0.0493291
327.784,0.0513081
327.85,0.0520605
327.917,0.0531146
327.984,0.0543098
328.05,0.0553287
328.117,0.0629624
328.183,0.0771247
328.25,0.0842216
328.317,0.0950177
328.383,0.106022
328.45,0.110469
328.516,0.11255
328.583,0.112789
328.65,0.112582
328.716,0.111762
328.783,0.11177
328.85,0.110857
328.916,0.109756
328.983,0.11003
329.049,0.109897
329.116,0.109254
329.183,0.107432
329.249,0.107515
329.316,0.107315
329.382,0.106268
329.449,0.105132
329.516,0.104572
329.582,0.103847
329.649,0.102941
329.715,0.100081
329.782,0.0945279
329.849,0.0929878
329.915,0.0892924
329.982,0.0850524
330.048,0.0835476
330.115,0.0791938
330.182,0.0765918
330.248,0.0756278
330.315,0.0719951
330.382,0.0692128
330.448,0.0677903
330.515,0.0664854
330.581,0.065055
330.648,0.0645769
330.715,0.0634405
330.781,0.0677707
330.848,0.0717992
330.914,0.0797229
330.981,0.0852875
331.048,0.0880228
331.114,0.0924862
331.181,0.0981684
331.247,0.103047
331.314,0.110215
331.381,0.115391
331.447,0.118087
331.514,0.120623
331.581,0.118201
331.647,0.117119
331.714,0.112358
331.78,0.107797
331.847,0.106523
331.914,0.102745
331.98,0.0972436
332.047,0.0971809
332.113,0.0964167
332.18,0.0951235
332.247,0.0947552
332.313,0.0927488
332.38,0.0920042
332.446,0.0912518
332.513,0.0897352
332.58,0.0886537
332.646,0.0879405
332.713,0.0865767
332.779,0.0868236
332.846,0.0859419
332.913,0.0866199
332.979,0.0859458
333.046,0.0844332
333.113,0.0840492
333.179,0.081741
333.246,0.0801383
333.312,0.0777988
333.379,0.0749381
333.446,0.0732883
333.512,0.0717717
333.579,0.0693656
333.645,0.0683742
333.712,0.0673867
333.779,0.0643026
333.845,0.0627821
333.912,0.0586518
333.978,0.0549839
334.045,0.0523857
334.112,0.0480594
334.178,0.0435842
334.245,0.0407667
334.311,0.0354646
334.378,0.0359388
334.445,0.036072
334.511,0.0342067
334.578,0.0317261
334.645,0.0310129
334.711,0.0295865
334.778,0.0281797
334.844,0.0279876
334.911,0.0268865
334.978,0.0248879
335.044,0.0240689
335.111,0.0222153
335.177,0.0207693
335.244,0.0202285
335.311,0.0202089
335.377,0.0202952
335.444,0.0203657
335.51,0.0202677
335.577,0.0203892
335.644,0.020205
335.71,0.0203148
335.777,0.0202716
335.843,0.0203226
335.91,0.0202285
335.977,0.0204127
336.043,0.0202716
336.11,0.0203265
336.177,0.0199621
336.243,0.0196486
336.31,0.0196799
336.376,0.0198484
336.443,0.0199581
336.51,0.022133
336.576,0.0238926
336.643,0.024641
336.709,0.0267493
336.776,0.0297393
336.843,0.0318515
336.909,0.0353235
336.976,0.0417189
337.042,0.0446776
337.109,0.0498268
337.176,0.0568727
337.242,0.0618887
337.309,0.0675042
337.375,0.0739427
337.442,0.0782494
337.509,0.08555
337.575,0.0950647
337.642,0.100069
337.709,0.110356
337.775,0.118648
337.842,0.123119
337.908,0.129659
337.975,0.136866
338.042,0.139029
338.108,0.14448
338.175,0.147513
338.241,0.149143
338.308,0.154112
338.375,0.154861
338.441,0.153662
338.508,0.153011
338.574,0.149649
338.641,0.145585
338.708,0.142164
338.774,0.136842
338.841,0.136004
338.908,0.131803
338.974,0.123985
339.041,0.121426
339.107,0.118859
339.174,0.11324
339.241,0.110677
339.307,0.108812
339.374,0.106268
339.44,0.104764
339.507,0.100622
339.574,0.0982938
339.64,0.0970398
339.707,0.0930936
339.773,0.088591
339.84,0.0860124
339.907,0.0828148
339.973,0.0775127
340.04,0.0762234
340.106,0.0714935
340.173,0.0667244
340.24,0.0639734
340.306,0.0601292
340.373,0.0543764
340.44,0.0507007
340.506,0.0469504
340.573,0.0466487
340.639,0.0470366
340.706,0.0464919
340.773,0.0464488
340.839,0.0448108
340.906,0.0419854
340.972,0.0412252
341.039,0.0403434
341.106,0.0357468
341.172,0.0324824
341.239,0.0307935
341.305,0.027102
341.372,0.0233792
341.439,0.0212827
341.505,0.0176383
341.572,0.0138723
341.638,0.0121167
341.705,0.00804126
341.772,0.00705373
341.838,0.00706549
341.905,0.00706549
341.972,0.00758276
342.038,0.00751615
342.105,0.00756709
342.171,0.00760236
342.238,0.00759844
342.305,0.00759844
342.371,0.00763763
342.438,0.00761019
342.504,0.00758668
342.571,0.00761411
342.638,0.00765722
342.704,0.00767289
342.771,0.00767681
342.837,0.00768465
342.904,0.00772776
342.971,0.00770816
343.037,0.00770033
343.104,0.00770033
343.17,0.00770424
343.237,0.00770424
343.304,0.00772384
343.37,0.007716
343.437,0.00772776
343.504,0.00772776
343.57,0.00772384
343.637,0.00771992
343.703,0.00769641
343.77,0.00770033
343.837,0.00768857
343.903,0.00768857
343.97,0.00769249
344.036,0.00769641
344.103,0.00770033
344.17,0.00770816
344.236,0.00768073
344.303,0.00767681
344.369,0.00765722
344.436,0.00762587
344.503,0.00763371
344.569,0.00763763
344.636,0.00764154
344.703,0.00763763
344.769,0.0076533
344.836,0.00764546
344.902,0.00764154
344.969,0.00764154
345.036,0.00769641
345.102,0.00782573
345.169,0.00784924
345.235,0.00784532
345.302,0.00786491
345.369,0.00784532
345.435,0.00783356
345.502,0.00781005
345.568,0.00779046
345.635,0.00779829
345.702,0.00780613
345.768,0.00781789
345.835,0.00782964
345.901,0.00782573
345.968,0.00774343
346.035,0.00791194
346.101,0.00790802
346.168,0.00791194
346.235,0.00790018
346.301,0.00788059
346.368,0.00788451
346.434,0.00786883
346.501,0.00786491
346.568,0.00788059
346.634,0.00788059
346.701,0.00788451
346.767,0.00786491
346.834,0.00786491
346.901,0.00786883
346.967,0.00788059
347.034,0.00786491
347.1,0.00785708
347.167,0.00784532
347.234,0.00784924
347.3,0.00784532
347.367,0.00784532
347.433,0.00784924
347.5,0.00784924
347.567,0.00785316
347.633,0.00782964
347.7,0.00772776
347.767,0.00770033
347.833,0.00770424
347.9,0.00771208
347.966,0.00769641
348.033,0.00767681
348.1,0.00767681
348.166,0.00767681
348.233,0.00763371
348.299,0.00761803
348.366,0.00759844
348.433,0.00760236
348.499,0.0075906
348.566,0.00758668
348.632,0.00759452
348.699,0.00759452
348.766,0.00760236
348.832,0.00759844
348.899,0.00761019
348.965,0.00762587
349.032,0.00761803
349.099,0.00761019
349.165,0.00761411
349.232,0.00760236
349.299,0.00760628
349.365,0.00759452
349.432,0.00758276
349.498,0.00758668
349.565,0.00758668
349.632,0.00755533
349.698,0.00755141
349.765,0.00755141
349.831,0.00756317
349.898,0.00756317
349.965,0.00755925
350.031,0.00755925
350.098,0.00755925
350.164,0.013841
350.231,0.0240611
350.298,0.0292299
350.364,0.0400339
350.431,0.0482554
350.498,0.05295
350.564,0.0598823
350.631,0.0636795
350.697,0.0642869
350.764,0.0660034
350.831,0.0673279
350.897,0.0676727
350.964,0.0695498
351.03,0.0696791
351.097,0.0698868
351.164,0.0700436
351.23,0.069832
351.297,0.0692833
351.363,0.0693891
351.43,0.0696948
351.497,0.0697732
351.563,0.0695929
351.63,0.0694048
351.696,0.069009
351.763,0.0686328
351.83,0.0679431
351.896,0.0676179
351.963,0.0673475
352.03,0.0671398
352.096,0.0668733
352.163,0.0659563
352.229,0.0695067
352.296,0.074413
352.363,0.0842686
352.429,0.0946376
352.496,0.10021
352.562,0.109204
352.629,0.111786
352.696,0.115023
352.762,0.118761
352.829,0.122002
352.895,0.122802
352.962,0.123687
353.029,0.124498
353.095,0.125286
353.162,0.125737
353.228,0.127939
353.295,0.128597
353.362,0.12973
353.428,0.13
353.495,0.130337
353.562,0.130557
353.628,0.131231
353.695,0.1302
353.761,0.130502
353.828,0.130153
353.895,0.130447
353.961,0.129577
354.028,0.1298
354.094,0.12904
354.161,0.128915
354.228,0.128229
354.294,0.127649
354.361,0.128668
354.427,0.127567
354.494,0.127308
354.561,0.125956
354.627,0.124224
354.694,0.123558
354.76,0.122472
354.827,0.124122
354.894,0.125529
354.96,0.131728
355.027,0.139648
355.094,0.142834
355.16,0.145526
355.227,0.150315
355.293,0.152118
355.36,0.157384
355.427,0.157138
355.493,0.156926
355.56,0.15673
355.626,0.156824
355.693,0.157047
355.76,0.157091
355.826,0.158062
355.893,0.157663
355.959,0.158094
356.026,0.159363
356.093,0.159892
356.159,0.158979
356.226,0.158905
356.293,0.158925
356.359,0.161299
356.426,0.166194
356.492,0.170497
356.559,0.181434
356.626,0.192007
356.692,0.1962
356.759,0.205511
356.825,0.21334
356.892,0.216091
356.959,0.219058
357.025,0.221107
357.092,0.221805
357.158,0.223082
357.225,0.220574
357.292,0.220355
357.358,0.218999
357.425,0.219038
357.491,0.218928
357.558,0.215323
357.625,0.214947
357.691,0.215825
357.758,0.215233
357.825,0.215264
357.891,0.215445
357.958,0.215104
358.024,0.214908
358.091,0.214594
358.158,0.21461
358.224,0.213916
358.291,0.212839
358.357,0.212341
358.424,0.211828
358.491,0.211882
358.557,0.211636
358.624,0.210421
358.69,0.212239
358.757,0.217012
358.824,0.224348
358.89,0.227679
358.957,0.234008
359.023,0.239643
359.09,0.240039
359.157,0.244906
359.223,0.249687
359.29,0.251618
359.357,0.25667
359.423,0.25935
359.49,0.259648
359.556,0.259675
359.623,0.25966
359.69,0.259076
359.756,0.258319
359.823,0.257673
359.889,0.257336
359.956,0.256877
360.023,0.257132
360.089,0.256697
360.156,0.257234
360.222,0.257947
360.289,0.258417
360.356,0.259425
360.422,0.260228
360.489,0.260682
360.555,0.261631
360.622,0.262908
360.689,0.263504
360.755,0.265424
360.822,0.270417
360.889,0.272807
360.955,0.277611
361.022,0.284599
361.088,0.28635
361.155,0.288317
361.222,0.291511
361.288,0.292268
361.355,0.293451
361.421,0.294744
361.488,0.295254
361.555,0.296167
361.621,0.296864
361.688,0.296488
361.754,0.296002
361.821,0.295912
361.888,0.295297
361.954,0.296096
362.021,0.296876
362.088,0.297248
362.154,0.297864
362.221,0.299819
362.287,0.300705
362.354,0.302958
362.421,0.304902
362.487,0.30603
362.554,0.307586
362.62,0.308926
362.687,0.306649
362.754,0.308769
362.82,0.31161
362.887,0.312802
362.953,0.314405
363.02,0.316039
363.087,0.31596
363.153,0.316027
363.22,0.315878
363.286,0.315388
363.353,0.315039
363.42,0.315227
363.486,0.315655
363.553,0.316129
363.62,0.315909
363.686,0.316333
363.753,0.315894
363.819,0.315075
363.886,0.314647
363.953,0.312857
364.019,0.311893
364.086,0.310788
364.152,0.310106
364.219,0.308001
364.286,0.30835
364.352,0.307539
364.419,0.306849
364.485,0.306097
364.552,0.305603
364.619,0.30467
364.685,0.305101
364.752,0.304894
364.818,0.303342
364.885,0.303154
364.952,0.303361
365.018,0.303757
365.085,0.304627
365.152,0.306316
365.218,0.308726
365.285,0.309079
365.351,0.310646
365.418,0.313252
365.485,0.314502
365.551,0.31781
365.618,0.321494
365.684,0.323551
365.751,0.326576
365.818,0.329684
365.884,0.332611
365.951,0.336432
366.017,0.343411
366.084,0.344273
366.151,0.346836
366.217,0.348717
366.284,0.351754
366.35,0.354266
366.417,0.356907
366.484,0.360442
366.55,0.363961
366.617,0.367186
366.684,0.368064
366.75,0.370635
366.817,0.375878
366.883,0.377892
366.95,0.380184
367.017,0.382179
367.083,0.383982
367.15,0.386658
367.216,0.388332
367.283,0.388606
367.35,0.389135
367.416,0.389574
367.483,0.389836
367.549,0.39064
367.616,0.395824
367.683,0.400875
367.749,0.406558
367.816,0.412416
367.883,0.414928
367.949,0.42186
368.016,0.428197
368.082,0.431105
368.149,0.436849
368.216,0.456353
368.282,0.46131
368.349,0.471918
368.415,0.480814
368.482,0.485638
368.549,0.494067
368.615,0.502006
368.682,0.506344
368.748,0.513923
368.815,0.517834
368.882,0.520295
368.948,0.524018
369.015,0.527482
369.081,0.53104
369.148,0.532247
369.215,0.532204
369.281,0.533921
369.348,0.536589
369.415,0.537906
369.481,0.539908
369.548,0.539058
369.614,0.540195
369.681,0.541507
369.748,0.542542
369.814,0.546249
369.881,0.547558
369.947,0.547519
370.014,0.551147
370.081,0.553244
370.147,0.556896
370.214,0.561857
370.28,0.56279
370.347,0.566329
370.414,0.569887
370.48,0.57299
370.547,0.577007
370.613,0.58084
370.68,0.582239
370.747,0.586424
370.813,0.590441
370.88,0.591522
370.947,0.595586
371.013,0.595613
371.08,0.598215
371.146,0.600398
371.213,0.604039
371.28,0.604744
371.346,0.609925
371.413,0.613338
371.479,0.616108
371.546,0.619416
371.613,0.623636
371.679,0.625733
371.746,0.628648
371.812,0.629977
371.879,0.631619
371.946,0.632383
372.012,0.635153
372.079,0.635087
372.145,0.641784
372.212,0.64417
372.279,0.646353
372.345,0.648301
372.412,0.650201
372.479,0.651377
372.545,0.652306
372.612,0.653717
372.678,0.653767
372.745,0.655096
372.812,0.655025
372.878,0.655578
372.945,0.656656
373.011,0.657949
373.078,0.657486
373.145,0.657537
373.211,0.657921
373.278,0.657494
373.344,0.65943
373.411,0.663317
373.478,0.665289
373.544,0.666652
373.611,0.666942
373.678,0.666864
373.744,0.667166
373.811,0.667221
373.877,0.666719
373.944,0.666562
374.011,0.66626
374.077,0.664901
374.144,0.664117
374.21,0.663094
374.277,0.662745
374.344,0.663792
374.41,0.663078
374.477,0.662828
374.543,0.661962
374.61,0.661546
374.677,0.661809
374.743,0.66173
374.81,0.661072
374.876,0.660049
374.943,0.659642
375.01,0.65838
375.076,0.657882
375.143,0.655852
375.21,0.655221
375.276,0.655339
375.343,0.654904
375.409,0.65546
375.476,0.656554
375.543,0.656757
375.609,0.656789
375.676,0.657541
375.742,0.658282
375.809,0.658008
375.876,0.65932
375.942,0.661566
376.009,0.679902
376.075,0.680105
376.142,0.681371
376.209,0.681469
376.275,0.681638
376.342,0.682555
376.408,0.681837
376.475,0.68076
376.542,0.680975
376.608,0.679843
376.675,0.68034
376.742,0.68038
376.808,0.680297
376.875,0.681018
376.941,0.682147
377.008,0.682355
377.075,0.681747
377.141,0.682684
377.208,0.681728
377.274,0.681904
377.341,0.681547
377.408,0.680677
377.474,0.681598
377.541,0.681661
377.607,0.681869
377.674,0.69107
377.741,0.690384
377.807,0.691352
377.874,0.691164
377.94,0.693225
378.007,0.692242
378.074,0.69174
378.14,0.69214
378.207,0.692485
378.274,0.691756
378.34,0.693833
378.407,0.694997
378.473,0.694765
378.54,0.695267
378.607,0.696156
378.673,0.695428
378.74,0.695878
378.806,0.69553
378.873,0.695843
378.94,0.696544
379.006,0.695153
379.073,0.695302
379.139,0.695153
379.206,0.694401
379.273,0.693484
379.339,0.69647
379.406,0.696043
379.473,0.696227
379.539,0.696258
379.606,0.697301
379.672,0.697697
379.739,0.706271
379.806,0.710852
379.872,0.71443
379.939,0.720562
380.005,0.726531
380.072,0.729007
380.139,0.7315
380.205,0.733385
380.272,0.733855
380.338,0.739149
380.405,0.757598
380.472,0.762136
380.538,0.767105
380.605,0.772043
380.671,0.773226
380.738,0.77566
380.805,0.78008
380.871,0.781319
380.938,0.782839
381.005,0.798588
381.071,0.798342
381.138,0.798628
381.204,0.79815
381.271,0.798338
381.338,0.798624
381.404,0.799004
381.471,0.799286
381.537,0.799255
381.604,0.799411
381.671,0.799462
381.737,0.800176
381.804,0.800301
381.87,0.800434
381.937,0.801187
382.004,0.801089
382.07,0.800736
382.137,0.801473
