0,0
0.0666092,0.0651571
0.133218,0.065748
0.199828,0.0685096
0.266437,0.0752822
0.333046,0.083115
0.399655,0.0865557
0.466264,0.0892169
0.532873,0.093432
0.599483,0.0941659
0.666092,0.0955161
0.732701,0.0970142
0.79931,0.0973091
0.865919,0.0987995
0.932529,0.100483
0.999138,0.100926
1.06575,0.101404
1.13236,0.101898
1.19897,0.102001
1.26557,0.101689
1.33218,0.100231
1.39879,0.100652
1.4654,0.101146
1.53201,0.101827
1.59862,0.102402
1.66523,0.105315
1.73184,0.107789
1.79845,0.108939
1.86506,0.110942
1.93167,0.112031
1.99828,0.111706
2.06488,0.111498
2.13149,0.110817
2.1981,0.111218
2.26471,0.111314
2.33132,0.111856
2.39793,0.112203
2.46454,0.111445
2.53115,0.111632
2.59776,0.111956
2.66437,0.112
2.73098,0.113001
2.79759,0.113045
2.86419,0.113742
2.9308,0.114325
2.99741,0.114971
3.06402,0.114541
3.13063,0.115162
3.19724,0.115167
3.26385,0.115237
3.33046,0.115201
3.39707,0.115485
3.46368,0.11597
3.53029,0.115923
3.5969,0.116056
3.6635,0.116072
3.73011,0.11647
3.79672,0.11676
3.86333,0.117045
3.92994,0.116994
3.99655,0.11733
4.06316,0.118225
4.12977,0.119226
4.19638,0.119465
4.26299,0.119719
4.3296,0.120575
4.39621,0.121614
4.46282,0.122568
4.52942,0.123139
4.59603,0.123983
4.66264,0.122725
4.72925,0.12324
4.79586,0.124366
4.86247,0.124941
4.92908,0.124913
4.99569,0.124472
5.0623,0.123905
5.12891,0.122998
5.19552,0.122826
5.26213,0.122404
5.32873,0.123397
5.39534,0.123412
5.46195,0.123358
5.52856,0.126329
5.59517,0.12998
5.66178,0.137184
5.72839,0.144294
5.795,0.147704
5.86161,0.1548
5.92822,0.159261
5.99483,0.160579
6.06144,0.165298
6.12804,0.165333
6.19465,0.165363
6.26126,0.165491
6.32787,0.163343
6.39448,0.163859
6.46109,0.163871
6.5277,0.164308
6.59431,0.164331
6.66092,0.164844
6.72753,0.165295
6.79414,0.165942
6.86075,0.167186
6.92735,0.167125
6.99396,0.167515
7.06057,0.167212
7.12718,0.172504
7.19379,0.175195
7.2604,0.179696
7.32701,0.184894
7.39362,0.18831
7.46023,0.19333
7.52684,0.196794
7.59345,0.197335
7.66006,0.200441
7.72666,0.203445
7.79327,0.203682
7.85988,0.203181
7.92649,0.202945
7.9931,0.201362
8.05971,0.202048
8.12632,0.20181
8.19293,0.20231
8.25954,0.202606
8.32615,0.202528
8.39276,0.203326
8.45937,0.203759
8.52598,0.2041
8.59258,0.204265
8.65919,0.204606
8.7258,0.204703
8.79241,0.204893
8.85902,0.205235
8.92563,0.205108
8.99224,0.205324
9.05885,0.205636
9.12546,0.205679
9.19207,0.20597
9.25868,0.20626
9.32529,0.206107
9.39189,0.206441
9.4585,0.205679
9.52511,0.205769
9.59172,0.205536
9.65833,0.205183
9.72494,0.20553
9.79155,0.206125
9.85816,0.205064
9.92477,0.203538
9.99138,0.203157
10.058,0.202351
10.1246,0.20067
10.1912,0.200196
10.2578,0.198584
10.3244,0.197205
10.391,0.196536
10.4576,0.194379
10.5243,0.19346
10.5909,0.193097
10.6575,0.19235
10.7241,0.19194
10.7907,0.191389
10.8573,0.190263
10.9239,0.18868
10.9905,0.18809
11.0571,0.187875
11.1237,0.187421
11.1903,0.186761
11.257,0.185822
11.3236,0.185276
11.3902,0.18499
11.4568,0.184521
11.5234,0.183751
11.59,0.1837
11.6566,0.18322
11.7232,0.182446
11.7898,0.182207
11.8564,0.181766
11.923,0.181519
11.9897,0.18166
12.0563,0.182305
12.1229,0.181492
12.1895,0.181746
12.2561,0.182082
12.3227,0.182098
12.3893,0.181308
12.4559,0.180808
12.5225,0.180464
12.5891,0.180581
12.6557,0.18039
12.7224,0.180096
12.789,0.179928
12.8556,0.179377
12.9222,0.179678
12.9888,0.181832
13.0554,0.181789
13.122,0.182027
13.1886,0.182406
13.2552,0.182352
13.3218,0.182312
13.3884,0.182488
13.4551,0.182602
13.5217,0.182993
13.5883,0.183497
13.6549,0.183555
13.7215,0.183133
13.7881,0.183075
13.8547,0.182996
13.9213,0.182813
13.9879,0.183086
14.0545,0.183532
14.1211,0.183591
14.1878,0.183251
14.2544,0.182797
14.321,0.182715
14.3876,0.182504
14.4542,0.182215
14.5208,0.182109
14.5874,0.18216
14.654,0.182281
14.7206,0.182293
14.7872,0.182277
14.8538,0.181863
14.9205,0.181949
14.9871,0.18184
15.0537,0.181797
15.1203,0.182066
15.1869,0.181711
15.2535,0.181988
15.3201,0.182215
15.3867,0.182086
15.4533,0.182129
15.5199,0.182602
15.5865,0.182958
15.6532,0.183325
15.7198,0.182985
15.7864,0.182684
15.853,0.181945
15.9196,0.180655
15.9862,0.179952
16.0528,0.179819
16.1194,0.180206
16.186,0.180159
16.2526,0.180624
16.3192,0.179049
16.3859,0.179573
16.4525,0.179889
16.5191,0.180092
16.5857,0.17958
16.6523,0.179287
16.7189,0.179252
16.7855,0.179076
16.8521,0.178889
16.9187,0.178857
16.9853,0.178721
17.052,0.179014
17.1186,0.179135
17.1852,0.179127
17.2518,0.179158
17.3184,0.179045
17.385,0.179369
17.4516,0.179107
17.5182,0.179311
17.5848,0.179401
17.6514,0.17953
17.718,0.179487
17.7847,0.179295
17.8513,0.179205
17.9179,0.179236
17.9845,0.179444
18.0511,0.179514
18.1177,0.179526
18.1843,0.179283
18.2509,0.179448
18.3175,0.179655
18.3841,0.179541
18.4507,0.17899
18.5174,0.178412
18.584,0.177771
18.6506,0.177505
18.7172,0.177212
18.7838,0.177216
18.8504,0.176958
18.917,0.177235
18.9836,0.17713
19.0502,0.177368
19.1168,0.177513
19.1834,0.177345
19.2501,0.177372
19.3167,0.176919
19.3833,0.176915
19.4499,0.176868
19.5165,0.176833
19.5831,0.176852
19.6497,0.176606
19.7163,0.17686
19.7829,0.176946
19.8495,0.176946
19.9161,0.176836
19.9828,0.176778
20.0494,0.176946
20.116,0.177102
20.1826,0.176872
20.2492,0.176973
20.3158,0.177208
20.3824,0.177317
20.449,0.177532
20.5156,0.17838
20.5822,0.17815
20.6488,0.177927
20.7155,0.179225
20.7821,0.179369
20.8487,0.179592
20.9153,0.180425
20.9819,0.180761
21.0485,0.181331
21.1151,0.181171
21.1817,0.180886
21.2483,0.180511
21.3149,0.179534
21.3815,0.17992
21.4482,0.180421
21.5148,0.180655
21.5814,0.180851
21.648,0.181203
21.7146,0.181109
21.7812,0.181136
21.8478,0.180859
21.9144,0.181081
21.981,0.181003
22.0476,0.181312
22.1142,0.181113
22.1809,0.181046
22.2475,0.181054
22.3141,0.180753
22.3807,0.180702
22.4473,0.180632
22.5139,0.180734
22.5805,0.181042
22.6471,0.182036
22.7137,0.184613
22.7803,0.186006
22.8469,0.187809
22.9136,0.189267
22.9802,0.18818
23.0468,0.18962
23.1134,0.190505
23.18,0.191061
23.2466,0.190366
23.3132,0.190159
23.3798,0.189507
23.4464,0.18864
23.513,0.18843
23.5796,0.188395
23.6463,0.188403
23.7129,0.188547
23.7795,0.188544
23.8461,0.188587
23.9127,0.188387
23.9793,0.188722
24.0459,0.188907
24.1125,0.188996
24.1791,0.18938
24.2457,0.189497
24.3124,0.189704
24.379,0.189557
24.4456,0.189573
24.5122,0.189269
24.5788,0.189366
24.6454,0.189641
24.712,0.189764
24.7786,0.18977
24.8452,0.190123
24.9118,0.189647
24.9784,0.189705
25.0451,0.189616
25.1117,0.189407
25.1783,0.189223
25.2449,0.188625
25.3115,0.188152
25.3781,0.188261
25.4447,0.188285
25.5113,0.187464
25.5779,0.187382
25.6445,0.186964
25.7111,0.186803
25.7778,0.18685
25.8444,0.186397
25.911,0.185928
25.9776,0.186292
26.0442,0.186093
26.1108,0.186903
26.1774,0.187279
26.244,0.188003
26.3106,0.189712
26.3772,0.189986
26.4438,0.190539
26.5105,0.19139
26.5771,0.191746
26.6437,0.192241
26.7103,0.193093
26.7769,0.193454
26.8435,0.193901
26.9101,0.194736
26.9767,0.194905
27.0433,0.195564
27.1099,0.196524
27.1765,0.196962
27.2432,0.198282
27.3098,0.199704
27.3764,0.20137
27.443,0.203675
27.5096,0.206302
27.5762,0.207726
27.6428,0.21064
27.7094,0.21322
27.776,0.214581
27.8426,0.217331
27.9092,0.219005
27.9759,0.216774
28.0425,0.218951
28.1091,0.22056
28.1757,0.221856
28.2423,0.224361
28.3089,0.226955
28.3755,0.227798
28.4421,0.229883
28.5087,0.231525
28.5753,0.232668
28.6419,0.235272
28.7086,0.237789
28.7752,0.238639
28.8418,0.241366
28.9084,0.243379
28.975,0.244737
29.0416,0.247329
29.1082,0.249379
29.1748,0.249997
29.2414,0.252274
29.308,0.254414
29.3746,0.255333
29.4413,0.257899
29.5079,0.259601
29.5745,0.260218
29.6411,0.2599
29.7077,0.26232
29.7743,0.264033
29.8409,0.266267
29.9075,0.268855
29.9741,0.269421
30.0407,0.27119
30.1073,0.273012
30.174,0.273415
30.2406,0.274136
30.3072,0.275199
30.3738,0.275463
30.4404,0.276228
30.507,0.276692
30.5736,0.277001
30.6402,0.277642
30.7068,0.278503
30.7734,0.278683
30.8401,0.279813
30.9067,0.279959
30.9733,0.280335
31.0399,0.280357
31.1065,0.280529
31.1731,0.280517
31.2397,0.281076
31.3063,0.284998
31.3729,0.285056
31.4395,0.285152
31.5061,0.285002
31.5728,0.285069
31.6394,0.285304
31.706,0.285257
31.7726,0.284584
31.8392,0.284869
31.9058,0.284786
31.9724,0.284442
32.039,0.284931
32.1056,0.284407
32.1722,0.28407
32.2388,0.284574
32.3055,0.284524
32.3721,0.284492
32.4387,0.284679
32.5053,0.284389
32.5719,0.284057
32.6385,0.283485
32.7051,0.283685
32.7717,0.283277
32.8383,0.283695
32.9049,0.28319
32.9715,0.281685
33.0382,0.2817
33.1048,0.282099
33.1714,0.28188
33.238,0.285835
33.3046,0.29194
33.3712,0.294589
33.4378,0.301178
33.5044,0.307408
33.571,0.310751
33.6376,0.314682
33.7042,0.320273
33.7709,0.323149
33.8375,0.329808
33.9041,0.336271
33.9707,0.338908
34.0373,0.341274
34.1039,0.343313
34.1705,0.344286
34.2371,0.346283
34.3037,0.347146
34.3703,0.34789
34.4369,0.351185
34.5036,0.352983
34.5702,0.354062
34.6368,0.363164
34.7034,0.365785
34.77,0.367024
34.8366,0.367583
34.9032,0.368745
34.9698,0.370594
35.0364,0.371825
35.103,0.372103
35.1696,0.372488
35.2363,0.374657
35.3029,0.375296
35.3695,0.375793
35.4361,0.377081
35.5027,0.377214
35.5693,0.378325
35.6359,0.379081
35.7025,0.379503
35.7691,0.379556
35.8357,0.379947
35.9023,0.381135
35.969,0.381174
36.0356,0.380143
36.1022,0.381033
36.1688,0.38166
36.2354,0.380605
36.302,0.379493
36.3686,0.379574
36.4352,0.378469
36.5018,0.376703
36.5684,0.376494
36.635,0.374847
36.7017,0.372988
36.7683,0.372428
36.8349,0.371395
36.9015,0.370187
36.9681,0.368735
37.0347,0.36848
37.1013,0.367909
37.1679,0.367546
37.2345,0.366283
37.3011,0.365981
37.3678,0.365101
37.4344,0.364084
37.501,0.363889
37.5676,0.362203
37.6342,0.361163
37.7008,0.361038
37.7674,0.360787
37.834,0.361511
37.9006,0.364658
37.9672,0.36813
38.0338,0.371377
38.1005,0.373938
38.1671,0.375308
38.2337,0.378528
38.3003,0.382432
38.3669,0.384191
38.4335,0.387172
38.5001,0.390917
38.5667,0.393164
38.6333,0.397147
38.6999,0.401602
38.7665,0.403528
38.8332,0.406403
38.8998,0.409888
38.9664,0.411705
39.033,0.414837
39.0996,0.417847
39.1662,0.419604
39.2328,0.42288
39.2994,0.42554
39.366,0.426772
39.4326,0.429151
39.4992,0.433975
39.5659,0.43597
39.6325,0.44618
39.6991,0.451598
39.7657,0.45425
39.8323,0.456947
39.8989,0.462054
39.9655,0.465311
40.0321,0.469658
40.0987,0.473655
40.1653,0.476112
40.2319,0.479219
40.2986,0.483046
40.3652,0.485767
40.4318,0.495792
40.4984,0.50471
40.565,0.508714
40.6316,0.514509
40.6982,0.518947
40.7648,0.520704
40.8314,0.523217
40.898,0.525959
40.9646,0.527477
41.0313,0.529925
41.0979,0.532836
41.1645,0.534519
41.2311,0.537243
41.2977,0.548086
41.3643,0.548551
41.4309,0.550431
41.4975,0.551791
41.5641,0.552852
41.6307,0.553725
41.6973,0.554966
41.764,0.554961
41.8306,0.556103
41.8972,0.55852
41.9638,0.560214
42.0304,0.562401
42.097,0.564595
42.1636,0.565339
42.2302,0.566381
42.2968,0.566283
42.3634,0.5668
42.43,0.566621
42.4967,0.566404
42.5633,0.566377
42.6299,0.564993
42.6965,0.563822
42.7631,0.562649
42.8297,0.561516
42.8963,0.563055
42.9629,0.56469
43.0295,0.566374
43.0961,0.56712
43.1627,0.56805
43.2294,0.568498
43.296,0.570133
43.3626,0.570595
43.4292,0.570632
43.4958,0.570785
43.5624,0.571199
43.629,0.571006
43.6956,0.570356
43.7622,0.570038
43.8288,0.569869
43.8954,0.569791
43.9621,0.570086
44.0287,0.570168
44.0953,0.570989
44.1619,0.571667
44.2285,0.572452
44.2951,0.573514
44.3617,0.573275
44.4283,0.574497
44.4949,0.57497
44.5615,0.575075
44.6282,0.573022
44.6948,0.574056
44.7614,0.575341
44.828,0.576435
44.8946,0.577709
44.9612,0.577964
45.0278,0.578462
45.0944,0.579449
45.161,0.579664
45.2276,0.581025
45.2942,0.581636
45.3609,0.582905
45.4275,0.583782
45.4941,0.585271
45.5607,0.585851
45.6273,0.586165
45.6939,0.586844
45.7605,0.587386
45.8271,0.588383
45.8937,0.589865
45.9603,0.590316
46.0269,0.591245
46.0936,0.592115
46.1602,0.59221
46.2268,0.592918
46.2934,0.595799
46.36,0.595831
46.4266,0.595891
46.4932,0.596684
46.5598,0.596811
46.6264,0.596961
46.693,0.597957
46.7596,0.597864
46.8263,0.59828
46.8929,0.59899
46.9595,0.599098
47.0261,0.599013
47.0927,0.599274
47.1593,0.599352
47.2259,0.59987
47.2925,0.600114
47.3591,0.600651
47.4257,0.601081
47.4923,0.601701
47.559,0.601884
47.6256,0.601954
47.6922,0.602232
47.7588,0.601922
47.8254,0.602265
47.892,0.602265
47.9586,0.602285
48.0252,0.603
48.0918,0.603238
48.1584,0.602979
48.225,0.603068
48.2917,0.6031
48.3583,0.603193
48.4249,0.603056
48.4915,0.602872
48.5581,0.602888
48.6247,0.603079
48.6913,0.603043
48.7579,0.602957
48.8245,0.602695
48.8911,0.602386
48.9577,0.60219
49.0244,0.60182
49.091,0.60139
49.1576,0.602219
49.2242,0.602086
49.2908,0.602137
49.3574,0.601957
49.424,0.601288
49.4906,0.601104
49.5572,0.601413
49.6238,0.605842
49.6904,0.605894
49.7571,0.606183
49.8237,0.606171
49.8903,0.606034
49.9569,0.605733
50.0235,0.605985
50.0901,0.606036
50.1567,0.605981
50.2233,0.605875
50.2899,0.605641
50.3565,0.605504
50.4231,0.605042
50.4898,0.605433
50.5564,0.605117
50.623,0.605418
50.6896,0.605386
50.7562,0.605029
50.8228,0.604673
50.8894,0.604078
50.956,0.603808
51.0226,0.603073
51.0892,0.603621
51.1559,0.603704
51.2225,0.603505
51.2891,0.606856
51.3557,0.607025
51.4223,0.606776
51.4889,0.606682
51.5555,0.606362
51.6221,0.606909
51.6887,0.606753
51.7553,0.606741
51.8219,0.606795
51.8886,0.607425
51.9552,0.607303
52.0218,0.607288
52.0884,0.608226
52.155,0.608007
52.2216,0.607725
52.2882,0.608558
52.3548,0.609836
52.4214,0.612322
52.488,0.614243
52.5546,0.614798
52.6213,0.618991
52.6879,0.622483
52.7545,0.623891
52.8211,0.626833
52.8877,0.628209
52.9543,0.628674
53.0209,0.630469
53.0875,0.632747
53.1541,0.633506
53.2207,0.634953
53.2873,0.634475
53.354,0.633559
53.4206,0.632375
53.4872,0.633119
53.5538,0.633225
53.6204,0.633541
53.687,0.633526
53.7536,0.633444
53.8202,0.632943
53.8868,0.63263
53.9534,0.63247
54.02,0.632621
54.0867,0.632628
54.1533,0.633064
54.2199,0.633972
54.2865,0.634848
54.3531,0.636017
54.4197,0.636303
54.4863,0.637115
54.5529,0.637789
54.6195,0.642209
54.6861,0.641454
54.7527,0.640896
54.8194,0.641603
54.886,0.642657
54.9526,0.643262
55.0192,0.644401
55.0858,0.64531
55.1524,0.646264
55.219,0.646566
55.2856,0.647575
55.3522,0.648827
55.4188,0.649242
55.4854,0.648906
55.5521,0.649157
55.6187,0.648552
55.6853,0.648157
55.7519,0.648583
55.8185,0.648861
55.8851,0.649225
55.9517,0.649562
56.0183,0.650047
56.0849,0.650638
56.1515,0.650986
56.2181,0.651126
56.2848,0.65451
56.3514,0.654448
56.418,0.654749
56.4846,0.655156
56.5512,0.654733
56.6178,0.654483
56.6844,0.654811
56.751,0.654424
56.8176,0.654198
56.8842,0.654154
56.9508,0.654353
57.0175,0.653919
57.0841,0.653521
57.1507,0.653267
57.2173,0.652931
57.2839,0.652997
57.3505,0.652641
57.4171,0.652571
57.4837,0.652719
57.5503,0.652644
57.6169,0.652695
57.6836,0.652198
57.7502,0.65205
57.8168,0.652073
57.8834,0.651721
57.95,0.653454
58.0166,0.653127
58.0832,0.653173
58.1498,0.653334
58.2164,0.652743
58.283,0.652932
58.3496,0.652908
58.4163,0.652939
58.4829,0.652501
58.5495,0.652521
58.6161,0.650977
58.6827,0.650774
58.7493,0.650821
58.8159,0.650618
58.8825,0.650505
58.9491,0.650603
59.0157,0.650876
59.0823,0.651048
59.149,0.651115
59.2156,0.651345
59.2822,0.651349
59.3488,0.651635
59.4154,0.651599
59.482,0.651388
59.5486,0.651314
59.6152,0.651462
59.6818,0.652072
59.7484,0.65183
59.815,0.652197
59.8817,0.652111
59.9483,0.651955
60.0149,0.65222
60.0815,0.65197
60.1481,0.651943
60.2147,0.651915
60.2813,0.653369
60.3479,0.653229
60.4145,0.65362
60.4811,0.653608
60.5477,0.653327
60.6144,0.652978
60.681,0.653131
60.7476,0.652622
60.8142,0.652032
60.8808,0.651715
60.9474,0.651594
61.014,0.651243
61.0806,0.650094
61.1472,0.64939
61.2138,0.648678
61.2804,0.648307
61.3471,0.648412
61.4137,0.648573
61.4803,0.648894
61.5469,0.648765
61.6135,0.648792
61.6801,0.648972
61.7467,0.649031
61.8133,0.649187
61.8799,0.64991
61.9465,0.650109
62.0131,0.65111
62.0798,0.650883
62.1464,0.650907
62.213,0.650695
62.2796,0.652036
62.3462,0.65263
62.4128,0.653463
62.4794,0.654346
62.546,0.655132
62.6126,0.655772
62.6792,0.654354
62.7458,0.654725
62.8125,0.655108
62.8791,0.655338
62.9457,0.655061
63.0123,0.654838
63.0789,0.655057
63.1455,0.655112
63.2121,0.655492
63.2787,0.655273
63.3453,0.655298
63.4119,0.655607
63.4785,0.65572
63.5452,0.655739
63.6118,0.657387
63.6784,0.657128
63.745,0.656976
63.8116,0.656183
63.8782,0.656186
63.9448,0.65655
64.0114,0.656241
64.078,0.656182
64.1446,0.656131
64.2112,0.656116
64.2779,0.656209
64.3445,0.656362
64.4111,0.656154
64.4777,0.655899
64.5443,0.656057
64.6109,0.656605
64.6775,0.657164
64.7441,0.657359
64.8107,0.657562
64.8773,0.658005
64.944,0.657539
65.0106,0.657215
65.0772,0.657226
65.1438,0.656906
65.2104,0.656867
65.277,0.654315
65.3436,0.653862
65.4102,0.653542
65.4768,0.653479
65.5434,0.653409
65.61,0.653447
65.6767,0.653639
65.7433,0.652826
65.8099,0.652849
65.8765,0.652614
65.9431,0.651832
66.0097,0.651668
66.0763,0.651124
66.1429,0.650847
66.2095,0.650964
66.2761,0.651058
66.3427,0.651004
66.4094,0.650976
66.476,0.650968
66.5426,0.65134
66.6092,0.652173
66.6758,0.653026
66.7424,0.652916
66.809,0.653096
66.8756,0.653135
66.9422,0.653081
67.0088,0.652811
67.0754,0.652593
67.1421,0.652538
67.2087,0.652659
67.2753,0.652565
67.3419,0.65114
67.4085,0.65066
67.4751,0.650926
67.5417,0.650632
67.6083,0.651309
67.6749,0.651442
67.7415,0.651262
67.8081,0.651196
67.8748,0.651321
67.9414,0.650898
68.008,0.65073
68.0746,0.650246
68.1412,0.65023
68.2078,0.650019
68.2744,0.649816
68.341,0.649812
68.4076,0.649593
68.4742,0.649538
68.5408,0.6493
68.6075,0.649527
68.6741,0.649378
68.7407,0.648815
68.8073,0.648354
68.8739,0.648186
68.9405,0.647838
69.0071,0.647161
69.0737,0.646763
69.1403,0.646626
69.2069,0.646047
69.2735,0.646134
69.3402,0.645562
69.4068,0.645919
69.4734,0.646201
69.54,0.646592
69.6066,0.646591
69.6732,0.646455
69.7398,0.646795
69.8064,0.646963
69.873,0.646502
69.9396,0.646576
70.0062,0.646021
70.0729,0.645622
70.1395,0.645321
70.2061,0.645642
70.2727,0.645384
70.3393,0.645462
70.4059,0.644982
70.4725,0.645294
70.5391,0.645412
70.6057,0.645654
70.6723,0.644028
70.7389,0.644044
70.8056,0.643353
70.8722,0.642798
70.9388,0.642997
71.0054,0.642575
71.072,0.642591
71.1386,0.642017
71.2052,0.641704
71.2718,0.641892
71.3384,0.642068
71.405,0.642373
71.4717,0.641516
71.5383,0.641399
71.6049,0.641904
71.6715,0.641677
71.7381,0.641975
71.8047,0.641998
71.8713,0.642077
71.9379,0.64194
72.0045,0.642354
72.0711,0.642715
72.1377,0.642922
72.2044,0.642902
72.271,0.643188
72.3376,0.651318
72.4042,0.651494
72.4708,0.650974
72.5374,0.651319
72.604,0.651014
72.6706,0.651416
72.7372,-nan
72.8038,0.65085
72.8704,0.65049
72.9371,0.65017
73.0037,0.649885
73.0703,0.649514
73.1369,0.649866
73.2035,0.649905
73.2701,0.649632
73.3367,0.649113
73.4033,0.649046
73.4699,0.648992
73.5365,0.648768
73.6031,0.648147
73.6698,0.647072
73.7364,0.647726
73.803,0.647456
73.8696,0.647847
73.9362,0.647644
74.0028,0.648855
74.0694,0.647894
74.136,0.647334
74.2026,0.646833
74.2692,0.646766
74.3358,0.646515
74.4025,0.646206
74.4691,0.646167
74.5357,0.645446
74.6023,0.64636
74.6689,0.646653
74.7355,0.646758
74.8021,0.64609
74.8687,0.64614
74.9353,0.645337
75.0019,0.64629
75.0685,0.6462
75.1352,0.647226
75.2018,0.647549
75.2684,0.649144
75.335,0.650448
75.4016,0.649561
75.4682,0.649553
75.5348,0.649917
75.6014,0.64924
75.668,0.650874
75.7346,0.651128
75.8012,0.651003
75.8679,0.650827
75.9345,0.650672
76.0011,0.650335
76.0677,0.649874
76.1343,0.649549
76.2009,0.649357
76.2675,0.649025
76.3341,0.649736
76.4007,0.649432
76.4673,0.6494
76.5339,0.648641
76.6006,0.648939
76.6672,0.647988
76.7338,0.647629
76.8004,0.646625
76.867,0.646308
76.9336,0.645139
77.0002,0.644986
77.0668,0.64517
77.1334,0.645624
77.2,0.646398
77.2666,0.646953
77.3333,0.646447
77.3999,0.645841
77.4665,0.646169
77.5331,0.64601
77.5997,0.645384
77.6663,0.645157
77.7329,0.644504
77.7995,0.644911
77.8661,0.644015
77.9327,0.644813
77.9994,0.645028
78.066,0.644653
78.1326,0.644419
78.1992,0.644395
78.2658,0.644364
78.3324,0.643945
78.399,0.643921
78.4656,0.644078
78.5322,0.643484
78.5988,0.64368
78.6654,0.643903
78.7321,0.64393
78.7987,0.644263
78.8653,0.644802
78.9319,0.645122
78.9985,0.65212
79.0651,0.652215
79.1317,0.652109
79.1983,0.652269
79.2649,0.651706
79.3315,0.652136
79.3981,0.652301
79.4648,0.65288
79.5314,0.653157
79.598,0.653599
79.6646,0.653904
79.7312,0.654486
79.7978,0.655084
79.8644,0.655624
79.931,0.656031
79.9976,0.656149
80.0642,0.656361
80.1308,0.655966
80.1975,0.656001
80.2641,0.655661
80.3307,0.655482
80.3973,0.655525
80.4639,0.655818
80.5305,0.656029
80.5971,0.65621
80.6637,0.658526
80.7303,0.658308
80.7969,0.657968
80.8635,0.657518
80.9302,0.657812
80.9968,0.657237
81.0634,0.656534
81.13,0.65662
81.1966,0.656264
81.2632,0.656319
81.3298,0.6559
81.3964,0.656202
81.463,0.656276
81.5296,0.656175
81.5962,0.656481
81.6629,0.656285
81.7295,0.656861
81.7961,0.656583
81.8627,0.656982
81.9293,0.657401
81.9959,0.658008
82.0625,0.658509
82.1291,0.657994
82.1957,0.658382
82.2623,0.658374
82.3289,0.66024
82.3956,0.659595
82.4622,0.6603
82.5288,0.660272
82.5954,0.660598
82.662,0.661141
82.7286,0.661545
82.7952,0.662175
82.8618,0.662719
82.9284,0.663283
82.995,0.66355
83.0616,0.663555
83.1283,0.662871
83.1949,0.662547
83.2615,0.662203
83.3281,0.661597
83.3947,0.660862
83.4613,0.661
83.5279,0.661411
83.5945,0.661263
83.6611,0.660853
83.7277,0.660248
83.7943,0.660628
83.861,0.660522
83.9276,0.660339
83.9942,0.657873
84.0608,0.658339
84.1274,0.658273
84.194,0.658699
84.2606,0.658687
84.3272,0.658519
84.3938,0.657796
84.4604,0.657486
84.527,0.65763
84.5937,0.657633
84.6603,0.65725
84.7269,0.656832
84.7935,0.656241
84.8601,0.656927
84.9267,0.657172
84.9933,0.657489
85.0599,0.657728
85.1265,0.658212
85.1931,0.657143
85.2598,0.65692
85.3264,0.656364
85.393,0.655722
85.4596,0.656237
85.5262,0.656339
85.5928,0.656331
85.6594,0.657536
85.726,0.657676
85.7926,0.657861
85.8592,0.657766
85.9258,0.65777
85.9925,0.657652
86.0591,0.657396
86.1257,0.65648
86.1923,0.656225
86.2589,0.656155
86.3255,0.655369
86.3921,0.655255
86.4587,0.65476
86.5253,0.654262
86.5919,0.654699
86.6585,0.654781
86.7252,0.654045
86.7918,0.653431
86.8584,0.653368
86.925,0.652667
86.9916,0.652574
87.0582,0.652421
87.1248,0.652754
87.1914,0.652882
87.258,0.653035
87.3246,0.654116
87.3912,0.653905
87.4579,0.653263
87.5245,0.653303
87.5911,0.652005
87.6577,0.651599
87.7243,0.651521
87.7909,0.651474
87.8575,0.651354
87.9241,0.651452
87.9907,0.651045
88.0573,0.650834
88.1239,0.650845
88.1906,0.650352
88.2572,0.650513
88.3238,0.650435
88.3904,0.650571
88.457,0.650517
88.5236,0.650125
88.5902,0.650046
88.6568,0.649647
88.7234,0.650077
88.79,0.651011
88.8566,0.65053
88.9233,0.649958
88.9899,0.650001
89.0565,0.650165
89.1231,0.650009
89.1897,0.649594
89.2563,0.649484
89.3229,0.649601
89.3895,0.6493
89.4561,0.64925
89.5227,0.648775
89.5893,0.649037
89.656,0.648771
89.7226,0.649185
89.7892,0.649541
89.8558,0.649482
89.9224,0.649544
89.989,0.649583
90.0556,0.650068
90.1222,0.650216
90.1888,0.650384
90.2554,0.650684
90.322,0.650981
90.3887,0.651437
90.4553,0.651457
90.5219,0.651817
90.5885,0.65234
90.6551,0.653632
90.7217,0.654331
90.7883,0.654625
90.8549,0.654527
90.9215,0.654867
90.9881,0.655256
91.0547,0.655396
91.1214,0.655951
91.188,0.656863
91.2546,0.657384
91.3212,0.657939
91.3878,0.658198
91.4544,0.658598
91.521,0.658371
91.5876,0.658574
91.6542,0.658234
91.7208,0.658804
91.7875,0.658902
91.8541,0.658772
91.9207,0.658627
91.9873,0.658662
92.0539,0.658404
92.1205,0.658396
92.1871,0.658148
92.2537,0.657952
92.3203,0.659651
92.3869,0.659276
92.4535,0.659237
92.5202,0.659123
92.5868,0.659357
92.6534,0.658974
92.72,0.658508
92.7866,0.65864
92.8532,0.658226
92.9198,0.657682
92.9864,0.657989
93.053,0.656203
93.1196,0.655674
93.1862,0.655311
93.2529,0.655354
93.3195,0.655341
93.3861,0.655227
93.4527,0.655153
93.5193,0.655267
93.5859,0.654943
93.6525,0.65477
93.7191,0.654285
93.7857,0.654821
93.8523,0.655099
93.9189,0.654943
93.9856,0.652068
94.0522,0.65215
94.1188,0.652448
94.1854,0.652053
94.252,0.652166
94.3186,0.652131
94.3852,0.653323
94.4518,0.653339
94.5184,0.653347
94.585,0.654027
94.6516,0.654102
94.7183,0.654977
94.7849,0.655896
94.8515,0.656194
94.9181,0.657839
94.9847,0.658703
95.0513,0.659008
95.1179,0.661737
95.1845,0.663476
95.2511,0.664164
95.3177,0.666924
95.3843,0.668429
95.451,0.669899
95.5176,0.672123
95.5842,0.673506
95.6508,0.678648
95.7174,0.680036
95.784,0.68122
95.8506,0.681208
95.9172,0.683365
95.9838,0.684831
96.0504,0.685027
96.117,0.686778
96.1837,0.688322
96.2503,0.68833
96.3169,0.690057
96.3835,0.69261
96.4501,0.693466
96.5167,0.694517
96.5833,0.696096
96.6499,0.697128
96.7165,0.699728
96.7831,0.701282
96.8497,0.703249
96.9164,0.704816
96.983,0.708591
97.0496,0.708563
97.1162,0.710291
97.1828,0.713051
97.2494,0.71497
97.316,0.714154
97.3826,0.716057
97.4492,0.717523
97.5158,0.719088
97.5824,0.722079
97.6491,0.722853
97.7157,0.72444
97.7823,0.726974
97.8489,0.727517
97.9155,0.727923
97.9821,0.729843
98.0487,0.731392
98.1153,0.731083
98.1819,0.732842
98.2485,0.732323
98.3152,0.735594
98.3818,0.735571
98.4484,0.736318
98.515,0.735988
98.5816,0.7385
98.6482,0.73838
98.7148,0.739253
98.7814,0.74131
98.848,0.743958
98.9146,0.745831
98.9812,0.743641
99.0479,0.743151
99.1145,0.746446
99.1811,0.746008
99.2477,0.7458
99.3143,0.748527
99.3809,0.749149
99.4475,0.74825
99.5141,0.750744
99.5807,0.7494
99.6473,0.750052
99.7139,0.750522
99.7806,0.754385
99.8472,0.754783
99.9138,0.757165
99.9804,0.757783
100.047,0.756859
100.114,0.755859
100.18,0.751002
100.247,0.751781
100.313,0.750938
100.38,0.752959
100.447,0.751129
100.513,0.758253
100.58,0.756074
100.646,0.757122
100.713,0.756952
100.78,0.761662
100.846,0.763782
100.913,0.763653
100.98,0.741302
101.046,0.740072
101.113,0.734906
101.179,0.732548
101.246,0.727173
101.313,0.722646
101.379,0.684532
101.446,0.683241
101.512,0.674351
101.579,0.669489
101.646,0.667914
101.712,0.663292
101.779,0.664564
101.845,0.660882
101.912,0.662059
101.979,0.660176
102.045,0.657656
102.112,0.658676
102.178,0.656311
102.245,0.659213
102.312,0.649499
102.378,0.651016
102.445,0.650656
102.512,0.649907
102.578,0.65237
102.645,0.652271
102.711,0.653343
102.778,0.656586
102.845,0.658363
102.911,0.660496
102.978,0.661733
103.044,0.660877
103.111,0.663404
103.178,0.66098
103.244,0.620596
103.311,0.612838
103.377,0.608677
103.444,0.606544
103.511,0.6007
103.577,0.59946
103.644,0.598673
103.71,0.595668
103.777,0.593705
103.844,0.593721
103.91,0.5902
103.977,0.581826
104.044,0.582191
104.11,0.58044
104.177,0.574967
104.243,0.573856
104.31,0.573348
104.377,0.573718
104.443,0.572319
104.51,0.573325
104.576,0.572332
104.643,0.571217
104.71,0.572719
104.776,0.573323
104.843,0.575116
104.909,0.578437
104.976,0.577654
105.043,0.579025
105.109,0.582047
105.176,0.588961
105.243,0.591686
105.309,0.592809
105.376,0.595341
105.442,0.596427
105.509,0.596226
105.576,0.596805
105.642,0.596762
105.709,0.594152
105.775,0.593533
105.842,0.593646
105.909,0.595407
105.975,0.59462
106.042,0.594436
106.108,0.596669
106.175,0.594955
106.242,0.596259
106.308,0.595811
106.375,0.597387
106.441,0.596784
106.508,0.598194
106.575,0.598313
106.641,0.60074
106.708,0.601839
106.775,0.602883
106.841,0.601385
106.908,0.601412
106.974,0.603266
107.041,0.606492
107.108,0.606916
107.174,0.601479
107.241,0.60151
107.307,0.596126
107.374,0.594203
107.441,0.592074
107.507,0.585677
107.574,0.573517
107.64,0.570888
107.707,0.566334
107.774,0.560282
107.84,0.560623
107.907,0.555767
107.973,0.548311
108.04,0.548766
108.107,0.547503
108.173,0.548091
108.24,0.54843
108.307,0.54984
108.373,0.549794
108.44,0.550727
108.506,0.552681
108.573,0.555294
108.64,0.55961
108.706,0.565264
108.773,0.570815
108.839,0.570887
108.906,0.568781
108.973,0.562137
109.039,0.563929
109.106,0.566198
109.172,0.565705
109.239,0.562123
109.306,0.556439
109.372,0.556049
109.439,0.554131
109.505,0.551223
109.572,0.549183
109.639,0.547307
109.705,0.546781
109.772,0.541841
109.839,0.541085
109.905,0.539373
109.972,0.540962
110.038,0.540138
110.105,0.540878
110.172,0.544204
110.238,0.54717
110.305,0.548624
110.371,0.54975
110.438,0.550888
110.505,0.554381
110.571,0.555308
110.638,0.549176
110.704,0.5538
110.771,0.555011
110.838,0.554732
110.904,0.556109
110.971,0.554246
111.038,0.553299
111.104,0.552322
111.171,0.548283
111.237,0.548376
111.304,0.545642
111.371,0.541099
111.437,0.53868
111.504,0.532569
111.57,0.521145
111.637,0.520727
111.704,0.515601
111.77,0.511246
111.837,0.509469
111.903,0.509677
111.97,0.507257
112.037,0.50715
112.103,0.503877
112.17,0.500331
112.236,0.500307
112.303,0.492693
112.37,0.490723
112.436,0.488236
112.503,0.493494
112.57,0.492188
112.636,0.495263
112.703,0.503975
112.769,0.511683
112.836,0.515746
112.903,0.522463
112.969,0.52976
113.036,0.534857
113.102,0.541866
113.169,0.548288
113.236,0.552284
113.302,0.557897
113.369,0.561407
113.435,0.560783
113.502,0.566832
113.569,0.570194
113.635,0.568639
113.702,0.566611
113.768,0.562871
113.835,0.562908
113.902,0.556496
113.968,0.553801
114.035,0.555429
114.102,0.552628
114.168,0.55302
114.235,0.553732
114.301,0.544597
114.368,0.542377
114.435,0.541254
114.501,0.538012
114.568,0.534377
114.634,0.538031
114.701,0.529777
114.768,0.525103
114.834,0.523752
114.901,0.522883
114.967,0.528262
115.034,0.531549
115.101,0.530187
115.167,0.529231
115.234,0.531091
115.3,0.504072
115.367,0.485314
115.434,0.481564
115.5,0.464361
115.567,0.466087
115.634,0.445024
115.7,0.444003
115.767,0.423783
115.833,0.419525
115.9,0.412371
115.967,0.393369
116.033,0.388802
116.1,0.384564
116.166,0.36945
116.233,0.365912
116.3,0.360598
116.366,0.355831
116.433,0.343297
116.499,0.338318
116.566,0.336036
116.633,0.333672
116.699,0.333246
116.766,0.329945
116.833,0.327441
116.899,0.329708
116.966,0.32955
117.032,0.327828
117.099,0.32831
117.166,0.327572
117.232,0.327349
117.299,0.323762
117.365,0.321945
117.432,0.320194
117.499,0.316769
117.565,0.31575
117.632,0.316222
117.698,0.320828
117.765,0.322451
117.832,0.323079
117.898,0.32503
117.965,0.324555
118.031,0.330405
118.098,0.330562
118.165,0.328926
118.231,0.326415
118.298,0.326709
118.365,0.322342
118.431,0.320667
118.498,0.318987
118.564,0.314808
118.631,0.316095
118.698,0.314329
118.764,0.309384
118.831,0.308885
118.897,0.302231
118.964,0.299817
119.031,0.297864
119.097,0.290196
119.164,0.284656
119.23,0.281865
119.297,0.27544
119.364,0.270955
119.43,0.268083
119.497,0.264345
119.563,0.256125
119.63,0.253621
119.697,0.247578
119.763,0.24358
119.83,0.24375
119.897,0.241527
119.963,0.241436
120.03,0.240161
120.096,0.241192
120.163,0.241317
120.23,0.2391
120.296,0.240175
120.363,0.239966
120.429,0.24189
120.496,0.242474
120.563,0.240746
120.629,0.239298
120.696,0.238101
120.762,0.235959
120.829,0.235319
120.896,0.2333
120.962,0.227544
121.029,0.226196
121.095,0.228573
121.162,0.232842
121.229,0.23418
121.295,0.238892
121.362,0.243917
121.429,0.24662
121.495,0.249503
121.562,0.254448
121.628,0.254613
121.695,0.255157
121.762,0.256501
121.828,0.258025
121.895,0.257233
121.961,0.253326
122.028,0.251114
122.095,0.247962
122.161,0.242327
122.228,0.240329
122.294,0.234322
122.361,0.228732
122.428,0.226775
122.494,0.221892
122.561,0.218889
122.628,0.217334
122.694,0.213114
122.761,0.20947
122.827,0.206756
122.894,0.201756
122.961,0.196747
123.027,0.194331
123.094,0.190383
123.16,0.186284
123.227,0.184604
123.294,0.178645
123.36,0.172556
123.427,0.170199
123.493,0.165533
123.56,0.164012
123.627,0.163812
123.693,0.165157
123.76,0.167776
123.826,0.168005
123.893,0.169742
123.96,0.167076
124.026,0.167038
124.093,0.163858
124.16,0.160362
124.226,0.158693
124.293,0.157256
124.359,0.162585
124.426,0.165915
124.493,0.170806
124.559,0.172476
124.626,0.17195
124.692,0.176668
124.759,0.176156
124.826,0.176223
124.892,0.175511
124.959,0.177594
125.025,0.176351
125.092,0.176176
125.159,0.174898
125.225,0.173913
125.292,0.175556
125.358,0.17843
125.425,0.179603
125.492,0.183354
125.558,0.185836
125.625,0.187404
125.692,0.191256
125.758,0.199961
125.825,0.203093
125.891,0.209045
125.958,0.213459
126.025,0.215869
126.091,0.219768
126.158,0.225565
126.224,0.228584
126.291,0.230823
126.358,0.24327
126.424,0.24622
126.491,0.254621
126.557,0.264451
126.624,0.266496
126.691,0.275271
126.757,0.286632
126.824,0.289497
126.89,0.292918
126.957,0.297565
127.024,0.29743
127.09,0.296391
127.157,0.294265
127.224,0.2944
127.29,0.289822
127.357,0.289943
127.423,0.288061
127.49,0.2837
127.557,0.279712
127.623,0.277399
127.69,0.272189
127.756,0.268014
127.823,0.267254
127.89,0.259044
127.956,0.25792
128.023,0.255239
128.089,0.251972
128.156,0.246742
128.223,0.238037
128.289,0.232136
128.356,0.227352
128.422,0.223685
128.489,0.217795
128.556,0.212678
128.622,0.210821
128.689,0.206639
128.756,0.195663
128.822,0.193518
128.889,0.187408
128.955,0.176359
129.022,0.174651
129.089,0.169991
129.155,0.166098
129.222,0.162338
129.288,0.15662
129.355,0.155021
129.422,0.156377
129.488,0.15026
129.555,0.146504
129.621,0.145179
129.688,0.138655
129.755,0.13135
129.821,0.127273
129.888,0.118373
129.955,0.111529
130.021,0.107707
130.088,0.100995
130.154,0.0926891
130.221,0.0899335
130.288,0.0822569
130.354,0.0756669
130.421,0.074123
130.487,0.0695654
130.554,0.0660394
130.621,0.0644364
130.687,0.0594919
130.754,0.0538634
130.82,0.0520148
130.887,0.0483871
130.954,0.0435596
131.02,0.0420038
131.087,0.0368989
131.153,0.0346436
131.22,0.0321967
131.287,0.0285813
131.353,0.0234451
131.42,0.0217407
131.487,0.0187466
131.553,0.0152406
131.62,0.0130713
131.686,0.00955327
131.753,0.00682477
131.82,0.00514784
131.886,0.00224757
131.953,0.00039096
132.019,0
132.086,0.00171596
132.153,0.00288468
132.219,0.00322872
132.286,0.00381126
132.352,0.00401085
132.419,0.00403453
132.486,0.00405439
132.552,0.0039803
132.619,0.0038982
132.685,0.00412504
132.752,0.00450798
132.819,0.00481288
132.885,0.00500429
132.952,0.00503954
133.019,0.00501233
133.085,0.00525472
133.152,0.00600528
133.218,0.00625148
133.285,0.00701802
133.352,0.00991237
133.418,0.0132341
133.485,0.0201282
133.551,0.027831
133.618,0.0324331
133.685,0.0434985
133.751,0.0543944
133.818,0.0611414
133.884,0.0737916
133.951,0.0839455
134.018,0.0893714
134.084,0.0998396
134.151,0.108982
134.217,0.117119
134.284,0.127372
134.351,0.13755
134.417,0.14556
134.484,0.156222
134.551,0.1654
134.617,0.170127
134.684,0.178198
134.75,0.188822
134.817,0.197986
134.884,0.208258
134.95,0.216162
135.017,0.218958
135.083,0.224132
135.15,0.231981
135.217,0.234933
135.283,0.238366
135.35,0.246603
135.416,0.245262
135.483,0.24176
135.55,0.238387
135.616,0.233199
135.683,0.230161
135.75,0.220055
135.816,0.216241
135.883,0.208462
135.949,0.203299
136.016,0.198
136.083,0.19192
136.149,0.18186
136.216,0.178487
136.282,0.16573
136.349,0.157148
136.416,0.154268
136.482,0.14757
136.549,0.140504
136.615,0.137045
136.682,0.130351
136.749,0.119427
136.815,0.117302
136.882,0.110235
136.948,0.103209
137.015,0.101149
137.082,0.0939292
137.148,0.0839744
137.215,0.0794718
137.282,0.0742738
137.348,0.0674018
137.415,0.0662689
137.481,0.0610007
137.548,0.0556984
137.615,0.0535487
137.681,0.0510774
137.748,0.0479775
137.814,0.048404
137.881,0.0453196
137.948,0.0430558
138.014,0.0430244
138.081,0.0413119
138.147,0.0388829
138.214,0.0376273
138.281,0.0338458
138.347,0.0312299
138.414,0.030491
138.48,0.0287991
138.547,0.0246356
138.614,0.022842
138.68,0.018722
138.747,0.015429
138.814,0.0140059
138.88,0.0129615
138.947,0.0133384
139.013,0.0134286
139.08,0.0144143
139.147,0.0147064
139.213,0.01444
139.28,0.0135353
139.346,0.013253
139.413,0.0133153
139.48,0.0132179
139.546,0.0138044
139.613,0.014125
139.679,0.0145281
139.746,0.014672
139.813,0.0144565
139.879,0.0141982
139.946,0.0142148
140.012,0.0147018
140.079,0.0170225
140.146,0.0186034
140.212,0.0199564
140.279,0.0227273
140.346,0.0265342
140.412,0.0286032
140.479,0.0334696
140.545,0.039973
140.612,0.0428794
140.679,0.0496348
140.745,0.0561
140.812,0.0587192
140.878,0.0652472
140.945,0.0717468
141.012,0.0753635
141.078,0.0822178
141.145,0.0916027
141.211,0.0966461
141.278,0.107402
141.345,0.117318
141.411,0.124186
141.478,0.135295
141.545,0.145068
141.611,0.15004
141.678,0.163524
141.744,0.177502
141.811,0.181798
141.878,0.188658
141.944,0.194414
142.011,0.197316
142.077,0.202735
142.144,0.206591
142.211,0.207718
142.277,0.208105
142.344,0.213542
142.41,0.21458
142.477,0.217095
142.544,0.220312
142.61,0.21992
142.677,0.219039
142.743,0.218615
142.81,0.217473
142.877,0.216228
142.943,0.214704
143.01,0.213925
143.077,0.213268
143.143,0.211555
143.21,0.21049
143.276,0.207118
143.343,0.200708
143.41,0.20121
143.476,0.207245
143.543,0.216913
143.609,0.222486
143.676,0.226335
143.743,0.231826
143.809,0.23187
143.876,0.232025
143.942,0.231857
144.009,0.232623
144.076,0.232938
144.142,0.232569
144.209,0.230875
144.275,0.22622
144.342,0.222571
144.409,0.221289
144.475,0.217028
144.542,0.213109
144.609,0.210372
144.675,0.202234
144.742,0.198157
144.808,0.196054
144.875,0.188128
144.942,0.178481
145.008,0.173974
145.075,0.164406
145.141,0.154614
145.208,0.150221
145.275,0.139715
145.341,0.131456
145.408,0.128626
145.474,0.121434
145.541,0.114144
145.608,0.110904
145.674,0.103251
145.741,0.0956763
145.807,0.0926939
145.874,0.0844743
145.941,0.0767317
146.007,0.0728117
146.074,0.0652134
146.141,0.0587912
146.207,0.055633
146.274,0.0495664
146.34,0.0450401
146.407,0.0430666
146.474,0.0383452
146.54,0.0349958
146.607,0.0335146
146.673,0.0296804
146.74,0.0254316
146.807,0.0243527
146.873,0.0234576
146.94,0.0227889
147.006,0.0225583
147.073,0.0217648
147.14,0.0213972
147.206,0.0207914
147.273,0.0202091
147.34,0.0179145
147.406,0.0167104
147.473,0.0154982
147.539,0.0143529
147.606,0.0136532
147.673,0.0136025
147.739,0.0131957
147.806,0.0128909
147.872,0.0128752
147.939,0.0128673
148.006,0.0131879
148.072,0.0134576
148.139,0.0138328
148.205,0.0146029
148.272,0.0143722
148.339,0.0145601
148.405,0.0147438
148.472,0.015205
148.538,0.0148686
148.605,0.0145754
148.672,0.0143993
148.738,0.0145362
148.805,0.0147238
148.872,0.0147786
148.938,0.014587
149.005,0.014755
149.071,0.0150365
149.138,0.0153804
149.205,0.0158183
149.271,0.0160333
149.338,0.0155486
149.404,0.015881
149.471,0.0161038
149.538,0.0172763
149.604,0.0174678
149.671,0.0178549
149.737,0.0175107
149.804,0.0171237
149.871,0.017878
149.937,0.0180499
150.004,0.0185228
150.07,0.0193319
150.137,0.0198713
150.204,0.0200667
150.27,0.0207742
150.337,0.0205436
150.404,0.0209853
150.47,0.021427
150.537,0.0212198
150.603,0.0209619
150.67,0.0210753
150.737,0.0208837
150.803,0.0205085
150.87,0.0199808
150.936,0.0200122
151.003,0.0205299
151.07,0.0219625
151.136,0.0256753
151.203,0.0277402
151.269,0.0323759
151.336,0.0361052
151.403,0.0393614
151.469,0.0460239
151.536,0.0499587
151.602,0.0516223
151.669,0.0548384
151.736,0.0580799
151.802,0.0597036
151.869,0.0614521
151.936,0.0648576
152.002,0.0660345
152.069,0.0697987
152.135,0.0721622
152.202,0.0732753
152.269,0.0762243
152.335,0.0785083
152.402,0.0793044
152.468,0.0812249
152.535,0.0820992
152.602,0.0828746
152.668,0.0834736
152.735,0.0838488
152.801,0.0840951
152.868,0.0839974
152.935,0.0843843
153.001,0.0838488
153.068,0.0840513
153.135,0.0879679
153.201,0.0905488
153.268,0.0925482
153.334,0.0929304
153.401,0.0920518
153.468,0.0920339
153.534,0.0915584
153.601,0.0914931
153.667,0.0909536
153.734,0.0898144
153.801,0.0894866
153.867,0.0914141
153.934,0.0930756
154,0.0934152
154.067,0.0892543
154.134,0.085227
154.2,0.084208
154.267,0.0798544
154.333,0.0749895
154.4,0.0727544
154.467,0.068962
154.533,0.0677443
154.6,0.0668875
154.667,0.0647669
154.733,0.0605426
154.8,0.0596865
154.866,0.056105
154.933,0.0549754
155,0.0531579
155.066,0.0522785
155.133,0.0514889
155.199,0.0505743
155.266,0.0500114
155.333,0.0476075
155.399,0.0463724
155.466,0.045274
155.532,0.0430734
155.599,0.0408572
155.666,0.038641
155.732,0.0372065
155.799,0.0359753
155.865,0.0349707
155.932,0.0330476
155.999,0.0320236
156.065,0.0303858
156.132,0.0295377
156.199,0.0288419
156.265,0.0276458
156.332,0.0269071
156.398,0.0263755
156.465,0.0269449
156.532,0.0274126
156.598,0.0284631
156.665,0.0276595
156.731,0.0270826
156.798,0.0270609
156.865,0.0259715
156.931,0.0248947
156.998,0.0242669
157.064,0.0230009
157.131,0.0220596
157.198,0.0218471
157.264,0.0210609
157.331,0.0207079
157.397,0.0205242
157.464,0.0205555
157.531,0.0201138
157.597,0.0198324
157.664,0.0198285
157.731,0.0194024
157.797,0.0191835
157.864,0.0191796
157.93,0.0190936
157.997,0.0195001
158.064,0.020403
158.13,0.0199613
158.197,0.0186676
158.263,0.0184526
158.33,0.01771
158.397,0.0174754
158.463,0.0172214
158.53,0.0167875
158.596,0.0164005
158.663,0.0158846
158.73,0.0225142
158.796,0.0286018
158.863,0.0449697
158.93,0.0611616
158.996,0.0663724
159.063,0.0791195
159.129,0.0824128
159.196,0.0823122
159.263,0.0815691
159.329,0.0808478
159.396,0.0811017
159.462,0.0795759
159.529,0.0800793
159.596,0.079821
159.662,0.0773821
159.729,0.0762527
159.795,0.0748463
159.862,0.0740566
159.929,0.0731498
159.995,0.0722665
160.062,0.0711252
160.128,0.0700346
160.195,0.0697728
160.262,0.0690262
160.328,0.0693232
160.395,0.0683499
160.462,0.0671226
160.528,0.0667278
160.595,0.0645428
160.661,0.064363
160.728,0.0641089
160.795,0.0621898
160.861,0.0578629
160.928,0.0533836
160.994,0.0519452
161.061,0.0498931
161.128,0.0474424
161.194,0.0456953
161.261,0.0434754
161.327,0.0387342
161.394,0.0365766
161.461,0.0321012
161.527,0.0282746
161.594,0.0266838
161.66,0.0227947
161.727,0.0198085
161.794,0.0180339
161.86,0.0150947
161.927,0.012726
161.994,0.0126823
162.06,0.0246413
162.127,0.0392482
162.193,0.0455837
162.26,0.0529106
162.327,0.0554608
162.393,0.0562299
162.46,0.0577834
162.526,0.0594783
162.593,0.0600592
162.66,0.0605879
162.726,0.0602673
162.793,0.0601066
162.859,0.0603335
162.926,0.0598715
162.993,0.059627
163.059,0.0598732
163.126,0.0593338
163.192,0.0595097
163.259,0.0588296
163.326,0.0577585
163.392,0.0578328
163.459,0.0567736
163.526,0.0563514
163.592,0.0554915
163.659,0.0551475
163.725,0.0551319
163.792,0.0557885
163.859,0.0543775
163.925,0.0544752
163.992,0.0547097
164.058,0.0542524
164.125,0.0513287
164.192,0.0496479
164.258,0.0463412
164.325,0.041596
164.391,0.0389811
164.458,0.0357447
164.525,0.0326295
164.591,0.0310777
164.658,0.0284159
164.725,0.0250583
164.791,0.024257
164.858,0.0233893
164.924,0.025857
164.991,0.0276168
165.058,0.0291382
165.124,0.0286622
165.191,0.0285319
165.257,0.0270449
165.324,0.0266968
165.391,0.0270287
165.457,0.0276881
165.524,0.0276205
165.59,0.0276301
165.657,0.0274357
165.724,0.0276574
165.79,0.0278645
165.857,0.0275519
165.923,0.0281069
165.99,0.0278958
166.057,0.0276809
166.123,0.0275597
166.19,0.0271689
166.257,0.0271493
166.323,0.027122
166.39,0.0270751
166.456,0.0273019
166.523,0.0273527
166.59,0.0274113
166.656,0.0273214
166.723,0.027126
166.789,0.0271729
166.856,0.0269111
166.923,0.0267743
166.989,0.0272613
167.056,0.0348467
167.122,0.0461226
167.189,0.0517442
167.256,0.0619863
167.322,0.0711872
167.389,0.0745104
167.455,0.08056
167.522,0.0806996
167.589,0.0804027
167.655,0.0794209
167.722,0.0781448
167.789,0.0779685
167.855,0.078173
167.922,0.0777446
167.988,0.0771278
168.055,0.0781112
168.122,0.0779305
168.188,0.0779675
168.255,0.0781887
168.321,0.0796296
168.388,0.0796911
168.455,0.080401
168.521,0.0811905
168.588,0.0814211
168.654,0.0820738
168.721,0.0827539
168.788,0.0836099
168.854,0.0843291
168.921,0.0838245
168.987,0.0836994
169.054,0.0825307
169.121,0.0824056
169.187,0.0818311
169.254,0.0802011
169.321,0.0788018
169.387,0.0785009
169.454,0.077516
169.52,0.0773205
169.587,0.0763043
169.654,0.0764255
169.72,0.0766289
169.787,0.0768361
169.853,0.075386
169.92,0.0722317
169.987,0.0712586
170.053,0.0678464
170.12,0.0650244
170.186,0.0641411
170.253,0.0617295
170.32,0.0583602
170.386,0.0563864
170.453,0.0519304
170.52,0.0473963
170.586,0.0461731
170.653,0.0412443
170.719,0.0363897
170.786,0.0342712
170.853,0.0300107
170.919,0.0262154
170.986,0.0244174
171.052,0.0213451
171.119,0.0183315
171.186,0.017069
171.252,0.0159551
171.319,0.0152085
171.385,0.0150717
171.452,0.0144658
171.519,0.014286
171.585,0.0143681
171.652,0.0143486
171.718,0.0143212
171.785,0.014333
171.852,0.0143173
171.918,0.0143564
171.985,0.0143603
172.052,0.0143056
172.118,0.0143095
172.185,0.0142548
172.251,0.0142938
172.318,0.0142157
172.385,0.0143056
172.451,0.0143095
172.518,0.0143486
172.584,0.0143642
172.651,0.0143759
172.718,0.0143095
172.784,0.0143251
172.851,0.0143564
172.917,0.0141336
172.984,0.0142157
173.051,0.0141257
173.117,0.0139772
173.184,0.0140047
173.25,0.0139812
173.317,0.013946
173.384,0.0139577
173.45,0.013989
173.517,0.0141141
173.584,0.0141102
173.65,0.0141766
173.717,0.0141962
173.783,0.014161
173.85,0.0141532
173.917,0.0141922
173.983,0.0141726
174.05,0.0140749
174.116,0.0141335
174.183,0.0140632
174.25,0.0141101
174.316,0.0141453
174.383,0.0140476
174.449,0.0140319
174.516,0.0140475
174.583,0.0140671
174.649,0.0140984
174.716,0.0141414
174.782,0.0142745
174.849,0.0173625
174.916,0.0228948
174.982,0.0265522
175.049,0.0324932
175.116,0.0394737
175.182,0.0423341
175.249,0.045913
175.315,0.0489502
175.382,0.0506608
175.449,0.0539511
175.515,0.0569483
175.582,0.0577283
175.648,0.0638502
175.715,0.0756548
175.782,0.0810763
175.848,0.0916552
175.915,0.101355
175.981,0.106695
176.048,0.119526
176.115,0.131549
176.181,0.13855
176.248,0.149516
176.315,0.156307
176.381,0.158903
176.448,0.165181
176.514,0.16624
176.581,0.166263
176.648,0.166548
176.714,0.16693
176.781,0.1678
176.847,0.167614
176.914,0.169763
176.981,0.170683
177.047,0.171782
177.114,0.171001
177.18,0.17061
177.247,0.171209
177.314,0.170327
177.38,0.168822
177.447,0.165736
177.513,0.161893
177.58,0.158289
177.647,0.155749
177.713,0.157036
177.78,0.156901
177.847,0.153734
177.913,0.152866
177.98,0.152152
178.046,0.154519
178.113,0.157944
178.18,0.159778
178.246,0.158629
178.313,0.157892
178.379,0.157281
178.446,0.155471
178.513,0.15408
178.579,0.150054
178.646,0.146568
178.712,0.142319
178.779,0.139902
178.846,0.136772
178.912,0.131108
178.979,0.129176
179.045,0.129522
179.112,0.126366
179.179,0.125887
179.245,0.124223
179.312,0.119547
179.379,0.117674
179.445,0.114557
179.512,0.110382
179.578,0.108468
179.645,0.103242
179.712,0.0984431
179.778,0.0965787
179.845,0.0940849
179.911,0.0891795
179.978,0.0865841
180.045,0.0818586
180.111,0.0776685
180.178,0.0757259
180.244,0.0721377
180.311,0.0687019
180.378,0.0673886
180.444,0.0634252
180.511,0.0609705
180.577,0.0589147
180.644,0.0577733
180.711,0.0580274
180.777,0.0581564
180.844,0.0583244
180.911,0.0587739
180.977,0.058856
181.044,0.058469
181.11,0.0579726
181.177,0.057312
181.244,0.0566632
181.31,0.0566633
181.377,0.0566437
181.443,0.0563232
181.51,0.0564053
181.577,0.0562882
181.643,0.0576761
181.71,0.0626568
181.776,0.0655746
181.843,0.0715382
181.91,0.0777507
181.976,0.0806433
182.043,0.0856677
182.109,0.0884586
182.176,0.0908311
182.243,0.0930076
182.309,0.0955164
182.376,0.096857
182.443,0.0981049
182.509,0.0988179
182.576,0.0992299
182.642,0.0995865
182.709,0.0992529
182.776,0.0996556
182.842,0.0993457
182.909,0.0997292
182.975,0.0997277
183.042,0.0998875
183.109,0.100099
183.175,0.0998463
183.242,0.0994975
183.308,0.0988103
183.375,0.098679
183.442,0.0991099
183.508,0.0995978
183.575,0.0994538
183.642,0.0995513
183.708,0.0993973
183.775,0.099616
183.841,0.100716
183.908,0.0991577
183.975,0.0995568
184.041,0.100534
184.108,0.100708
184.174,0.101066
184.241,0.101939
184.308,0.102873
184.374,0.103119
184.441,0.104303
184.507,0.105574
184.574,0.105925
184.641,0.107383
184.707,0.108286
184.774,0.108404
184.84,0.108583
184.907,0.108505
184.974,0.108615
185.04,0.108044
185.107,0.107985
185.174,0.107696
185.24,0.108705
185.307,0.109162
185.373,0.109498
185.44,0.109084
185.507,0.108134
185.573,0.10763
185.64,0.106969
185.706,0.10668
185.773,0.107102
185.84,0.107841
185.906,0.10777
185.973,0.107837
186.039,0.107876
186.106,0.107587
186.173,0.107067
186.239,0.107638
186.306,0.107849
186.372,0.107884
186.439,0.108486
186.506,0.108345
186.572,0.108623
186.639,0.109197
186.706,0.108662
186.772,0.108994
186.839,0.108744
186.905,0.109373
186.972,0.109275
187.039,0.109721
187.105,0.109475
187.172,0.109068
187.238,0.10813
187.305,0.108478
187.372,0.108705
187.438,0.109932
187.505,0.109975
187.571,0.109916
187.638,0.109963
187.705,0.109518
187.771,0.109396
187.838,0.109768
187.904,0.110002
187.971,0.110377
188.038,0.11062
188.104,0.110448
188.171,0.110569
188.238,0.110065
188.304,0.110198
188.371,0.110288
188.437,0.110858
188.504,0.110987
188.571,0.111796
188.637,0.11232
188.704,0.112461
188.77,0.112601
188.837,0.112472
188.904,0.112547
188.97,0.112715
189.037,0.112148
189.103,0.111988
189.17,0.111722
189.237,0.11103
189.303,0.110714
189.37,0.110733
189.437,0.110026
189.503,0.110081
189.57,0.110444
189.636,0.110237
189.703,0.110831
189.77,0.110827
189.836,0.111089
189.903,0.111112
189.969,0.110776
190.036,0.111089
190.103,0.111034
190.169,0.111288
190.236,0.111613
190.302,0.111335
190.369,0.111515
190.436,0.111531
190.502,0.111605
190.569,0.109658
190.635,0.110163
190.702,0.110542
190.769,0.110675
190.835,0.111324
190.902,0.112183
190.969,0.112535
191.035,0.112672
191.102,0.113223
191.168,0.113512
191.235,0.113935
191.302,0.114185
191.368,0.114368
191.435,0.114267
191.501,0.113915
191.568,0.113692
191.635,0.113344
191.701,0.112852
191.768,0.112344
191.834,0.112405
191.901,0.113648
191.968,0.114463
192.034,0.115077
192.101,0.115433
192.167,0.115903
192.234,0.114261
192.301,0.114753
192.367,0.114882
192.434,0.114917
192.501,0.115711
192.567,0.115578
192.634,0.115871
192.7,0.114987
192.767,0.115069
192.834,0.113295
192.9,0.112618
192.967,0.112856
193.033,0.113012
193.1,0.112972
193.167,0.113488
193.233,0.112935
193.3,0.112559
193.366,0.112354
193.433,0.111605
193.5,0.111155
193.566,0.110979
193.633,0.11128
193.699,0.112
193.766,0.112262
193.833,0.111558
193.899,0.11112
193.966,0.11105
194.033,0.111281
194.099,0.111441
194.166,0.111574
194.232,0.111527
194.299,0.111195
194.366,0.111183
194.432,0.110718
194.499,0.11071
194.565,0.110921
194.632,0.111167
194.699,0.111734
194.765,0.111761
194.832,0.111969
194.898,0.111558
194.965,0.111476
195.032,0.111496
195.098,0.111965
195.165,0.11216
195.232,0.113938
195.298,0.11488
195.365,0.11531
195.431,0.115979
195.498,0.115944
195.565,0.115244
195.631,0.115279
195.698,0.115631
195.764,0.115944
195.831,0.116573
195.898,0.116893
195.964,0.117331
196.031,0.118332
196.097,0.118527
196.164,0.118543
196.231,0.118821
196.297,0.119913
196.364,0.120184
196.43,0.121524
196.497,0.122767
196.564,0.123202
196.63,0.124637
196.697,0.124905
196.764,0.124818
196.83,0.126463
196.897,0.128319
196.963,0.12892
197.03,0.131048
197.097,0.133626
197.163,0.136108
197.23,0.139406
197.296,0.141951
197.363,0.143163
197.43,0.145824
197.496,0.148413
197.563,0.150001
197.629,0.1524
197.696,0.155621
197.763,0.157528
197.829,0.160697
197.896,0.16338
197.962,0.165043
198.029,0.169143
198.096,0.172973
198.162,0.174714
198.229,0.178303
198.296,0.18105
198.362,0.182482
198.429,0.185866
198.495,0.189267
198.562,0.190414
198.629,0.195388
198.695,0.200193
198.762,0.202649
198.828,0.207076
198.895,0.21691
198.962,0.21804
199.028,0.222209
199.095,0.227911
199.161,0.233052
199.228,0.240636
199.295,0.248415
199.361,0.252589
199.428,0.259254
199.494,0.265695
199.561,0.268422
199.628,0.273751
199.694,0.284164
199.761,0.289262
199.828,0.299147
199.894,0.308234
199.961,0.312289
200.027,0.319535
200.094,0.325762
200.161,0.328591
200.227,0.337041
200.294,0.347446
200.36,0.352001
200.427,0.360835
200.494,0.368843
200.56,0.372149
200.627,0.381328
200.693,0.392395
200.76,0.397398
200.827,0.420652
200.893,0.434716
200.96,0.441285
201.027,0.454239
201.093,0.46648
201.16,0.473597
201.226,0.481687
201.293,0.488598
201.36,0.489436
201.426,0.495252
201.493,0.498641
201.559,0.500303
201.626,0.498823
201.693,0.499659
201.759,0.501763
201.826,0.501709
201.892,0.501611
201.959,0.501188
202.026,0.500061
202.092,0.501159
202.159,0.500237
202.225,0.501149
202.292,0.505035
202.359,0.504602
202.425,0.505553
202.492,0.476487
202.559,0.475208
202.625,0.475137
202.692,0.472965
202.758,0.473705
202.825,0.474425
202.892,0.474805
202.958,0.474846
203.025,0.474378
203.091,0.47558
203.158,0.47418
203.225,0.472192
203.291,0.472025
203.358,0.470543
203.424,0.469966
203.491,0.468787
203.558,0.470075
203.624,0.474744
203.691,0.480805
203.757,0.483749
203.824,0.493163
203.891,0.49557
203.957,0.498998
204.024,0.504749
204.091,0.509891
204.157,0.512097
204.224,0.514768
204.29,0.518711
204.357,0.520353
204.424,0.523206
204.49,0.526098
204.557,0.526885
204.623,0.528999
204.69,0.529515
204.757,0.530864
204.823,0.531198
204.89,0.533119
204.956,0.534905
205.023,0.534557
205.09,0.536538
205.156,0.538705
205.223,0.544665
205.289,0.550866
205.356,0.553841
205.423,0.561176
205.489,0.567384
205.556,0.567254
205.623,0.572625
205.689,0.580441
205.756,0.58479
205.822,0.590278
205.889,0.595733
205.956,0.596486
206.022,0.600106
206.089,0.600764
206.155,0.601176
206.222,0.59913
206.289,0.596881
206.355,0.59498
206.422,0.589094
206.488,0.586666
206.555,0.585687
206.622,0.579344
206.688,0.575887
206.755,0.575025
206.822,0.57209
206.888,0.570049
206.955,0.56832
207.021,0.565769
207.088,0.565047
207.155,0.56453
207.221,0.562676
207.288,0.56078
207.354,0.560581
207.421,0.559692
207.488,0.558732
207.554,0.557299
207.621,0.556441
207.687,0.555945
207.754,0.555784
207.821,0.555325
207.887,0.556217
207.954,0.555895
208.02,0.555718
208.087,0.556516
208.154,0.556329
208.22,0.558983
208.287,0.561292
208.354,0.561884
208.42,0.563877
208.487,0.566855
208.553,0.568286
208.62,0.57047
208.687,0.572955
208.753,0.574026
208.82,0.576211
208.886,0.579129
208.953,0.579264
209.02,0.580621
209.086,0.582501
209.153,0.583233
209.219,0.584975
209.286,0.587497
209.353,0.587212
209.419,0.589127
209.486,0.590058
209.552,0.590844
209.619,0.591629
209.686,0.591984
209.752,0.592263
209.819,0.593009
209.886,0.593731
209.952,0.593621
210.019,0.593915
210.085,0.594453
210.152,0.594548
210.219,0.594712
210.285,0.594972
210.352,0.594377
210.418,0.594894
210.485,0.594557
210.552,0.597594
210.618,0.597421
210.685,0.597805
210.751,0.598016
210.818,0.597633
210.885,0.597684
210.951,0.597328
211.018,0.596904
211.084,0.596493
211.151,0.596324
211.218,0.595882
211.284,0.596022
211.351,0.595909
211.418,0.595651
211.484,0.595729
211.551,0.595169
211.617,0.594547
211.684,0.596056
211.751,0.595868
211.817,0.596528
211.884,0.599026
211.95,0.600295
212.017,0.602931
212.084,0.60596
212.15,0.607308
212.217,0.610957
212.283,0.612779
212.35,0.613332
212.417,0.614909
212.483,0.615299
212.55,0.615721
212.617,0.616767
212.683,0.617443
212.75,0.617451
212.816,0.617687
212.883,0.617366
212.95,0.61774
213.016,0.616792
213.083,0.616347
213.149,0.616096
213.216,0.615873
213.283,0.615968
213.349,0.616089
213.416,0.616124
213.482,0.616194
213.549,0.615916
213.616,0.616312
213.682,0.615682
213.749,0.615373
213.815,0.615572
213.882,0.618235
213.949,0.618087
214.015,0.617357
214.082,0.617544
214.149,0.617343
214.215,0.616599
214.282,0.616481
214.348,0.616669
214.415,0.616809
214.482,0.616618
214.548,0.61629
214.615,0.616183
214.681,0.616187
214.748,0.615866
214.815,0.61576
214.881,0.615351
214.948,0.614936
215.014,0.615202
215.081,0.614971
215.148,0.61499
215.214,0.614626
215.281,0.614254
215.347,0.614051
215.414,0.613914
215.481,0.613331
215.547,0.614448
215.614,0.613631
215.681,0.613815
215.747,0.613357
215.814,0.613467
215.88,0.61299
215.947,0.613151
216.014,0.612967
216.08,0.612654
216.147,0.612763
216.213,0.612986
216.28,0.612619
216.347,0.612388
216.413,0.612158
216.48,0.612431
216.546,0.612169
216.613,0.612297
216.68,0.612372
216.746,0.612548
216.813,0.612188
216.879,0.612016
216.946,0.611949
217.013,0.611804
217.079,0.612312
217.146,0.612742
217.213,0.613792
217.279,0.613003
217.346,0.612924
217.412,0.61371
217.479,0.613487
217.546,0.613127
217.612,0.612716
217.679,0.612654
217.745,0.6129
217.812,0.613267
217.879,0.613564
217.945,0.61347
218.012,0.61376
218.078,0.613971
218.145,0.614018
218.212,0.614385
218.278,0.614878
218.345,0.615159
218.412,0.615027
218.478,0.614769
218.545,0.61514
218.611,0.614996
218.678,0.614671
218.745,0.61448
218.811,0.614249
218.878,0.617512
218.944,0.617293
219.011,0.617309
219.078,0.616863
219.144,0.616379
219.211,0.616136
219.277,0.616281
219.344,0.616132
219.411,0.616363
219.477,0.616066
219.544,0.615581
219.61,0.615065
219.677,0.615136
219.744,0.615018
219.81,0.615034
219.877,0.614491
219.944,0.61419
220.01,0.614452
220.077,0.614421
220.143,0.614076
220.21,0.614193
220.277,0.614221
220.343,0.613888
220.41,0.61408
220.476,0.614323
220.543,0.615866
220.61,0.614908
220.676,0.613927
220.743,0.614263
220.809,0.614165
220.876,0.614123
220.943,0.614217
221.009,0.614475
221.076,0.614408
221.142,0.613751
221.209,0.613462
221.276,0.612957
221.342,0.612926
221.409,0.612813
221.476,0.613286
221.542,0.613692
221.609,0.61397
221.675,0.614114
221.742,0.61411
221.809,0.613911
221.875,0.613297
221.942,0.613833
222.008,0.614009
222.075,0.613958
222.142,0.613743
222.208,0.611971
222.275,0.612065
222.341,0.611987
222.408,0.611987
222.475,0.611737
222.541,0.6119
222.608,0.611787
222.674,0.61183
222.741,0.611134
222.808,0.610505
222.874,0.609555
222.941,0.609493
223.008,0.608703
223.074,0.607992
223.141,0.608191
223.207,0.608317
223.274,0.608801
223.341,0.609188
223.407,0.610337
223.474,0.610783
223.54,0.611284
223.607,0.611475
223.674,0.612374
223.74,0.612484
223.807,0.612586
223.873,0.614764
223.94,0.61442
224.007,0.614737
224.073,0.61438
224.14,0.614048
224.207,0.613571
224.273,0.613438
224.34,0.613031
224.406,0.611917
224.473,0.610717
224.54,0.610537
224.606,0.609759
224.673,0.609587
224.739,0.609431
224.806,0.609278
224.873,0.60897
224.939,0.608751
225.006,0.608387
225.072,0.608599
225.139,0.608329
225.206,0.608348
225.272,0.608184
225.339,0.608317
225.405,0.608267
225.472,0.608356
225.539,0.606761
225.605,0.606723
225.672,0.606617
225.739,0.606859
225.805,0.607352
225.872,0.607148
225.938,0.60741
226.005,0.607172
226.072,0.606875
226.138,0.606652
226.205,0.606304
226.271,0.606183
226.338,0.60639
226.405,0.606534
226.471,0.607031
226.538,0.607449
226.604,0.60797
226.671,0.60879
226.738,0.609259
226.804,0.609861
226.871,0.61033
226.937,0.610494
227.004,0.610584
227.071,0.611003
227.137,0.61094
227.204,0.613597
227.271,0.613785
227.337,0.613872
227.404,0.613641
227.47,0.613989
227.537,0.613977
227.604,0.613938
227.67,0.614263
227.737,0.614412
227.803,0.614243
227.87,0.61402
227.937,0.614079
228.003,0.613778
228.07,0.613782
228.136,0.613539
228.203,0.613265
228.27,0.613519
228.336,0.61339
228.403,0.613343
228.469,0.613594
228.536,0.613558
228.603,0.613456
228.669,0.613904
228.736,0.613924
228.803,0.614159
228.869,0.624407
228.936,0.624181
229.002,0.624076
229.069,0.624092
229.136,0.623908
229.202,0.624127
229.269,0.624107
229.335,0.62347
229.402,0.623357
229.469,0.62338
229.535,0.623259
229.602,0.623525
229.668,0.623588
229.735,0.623768
229.802,0.623827
229.868,0.623987
229.935,0.623944
230.001,0.624261
230.068,0.624288
230.135,0.624351
230.201,0.624226
230.268,0.62412
230.335,0.62416
230.401,0.624003
230.468,0.623948
230.534,0.627164
230.601,0.627336
230.668,0.627255
230.734,0.627423
230.801,0.627642
230.867,0.627477
230.934,0.627403
231.001,0.627403
231.067,0.62663
231.134,0.625973
231.2,0.62491
231.267,0.62473
231.334,0.624406
231.4,0.623522
231.467,0.622627
231.534,0.622466
231.6,0.622689
231.667,0.622924
231.733,0.622845
231.8,0.62308
231.867,0.623134
231.933,0.622559
232,0.622657
232.066,0.622887
232.133,0.622797
232.2,0.623561
232.266,0.623002
232.333,0.622756
232.399,0.622697
232.466,0.622729
232.533,0.62319
232.599,0.622822
232.666,0.622818
232.732,0.622806
232.799,0.622701
232.866,0.623006
232.932,0.623049
232.999,0.623143
233.066,0.622846
233.132,0.622947
233.199,0.62333
233.265,0.623232
233.332,0.622966
233.399,0.622743
233.465,0.622325
233.532,0.622438
233.598,0.622399
233.665,0.622227
233.732,0.62227
233.798,0.622297
233.865,0.620573
233.931,0.620382
233.998,0.620355
234.065,0.620284
234.131,0.620191
234.198,0.62012
234.264,0.620117
234.331,0.620218
234.398,0.619936
234.464,0.620023
234.531,0.620249
234.598,0.619869
234.664,0.619814
234.731,0.620096
234.797,0.620151
234.864,0.620206
234.931,0.62042
234.997,0.620471
235.064,0.620537
235.13,0.620592
235.197,0.620905
235.264,0.621128
235.33,0.620865
235.397,0.620885
235.463,0.620776
235.53,0.621812
235.597,0.621973
235.663,0.62195
235.73,0.621406
235.796,0.621023
235.863,0.620323
235.93,0.620523
235.996,0.620644
236.063,0.621058
236.13,0.621273
236.196,0.621941
236.263,0.623063
236.329,0.623258
236.396,0.623742
236.463,0.624544
236.529,0.624747
236.596,0.625076
236.662,0.625138
236.729,0.62504
236.796,0.625216
236.862,0.62567
236.929,0.625732
236.995,0.625721
237.062,0.625798
237.129,0.625806
237.195,0.626294
237.262,0.626391
237.329,0.626587
237.395,0.626079
237.462,0.625989
237.528,0.626013
237.595,0.62554
237.662,0.625626
237.728,0.625665
237.795,0.623003
237.861,0.622858
237.928,0.623022
237.995,0.622705
238.061,0.622744
238.128,0.622916
238.194,0.622975
238.261,0.623057
238.328,0.623323
238.394,0.623722
238.461,0.623753
238.527,0.624511
238.594,0.624625
238.661,0.624257
238.727,0.624464
238.794,0.624769
238.861,0.624844
238.927,0.625207
238.994,0.625469
239.06,0.625414
239.127,0.625301
239.194,0.625457
239.26,0.625438
239.327,0.625352
239.393,0.625363
239.46,0.625129
239.527,0.624871
239.593,0.624727
239.66,0.624625
239.726,0.623898
239.793,0.623351
239.86,0.623561
239.926,0.623295
239.993,0.622971
240.059,0.623322
240.126,0.623408
240.193,0.623666
240.259,0.623736
240.326,0.624326
240.393,0.624506
240.459,0.624577
240.526,0.624948
240.592,0.625526
240.659,0.625737
240.726,0.626633
240.792,0.62727
240.859,0.627609
240.925,0.628641
240.992,0.629411
241.059,0.630216
241.125,0.633286
241.192,0.635104
241.258,0.635284
241.325,0.635862
241.392,0.635889
241.458,0.635888
241.525,0.635388
241.591,0.634868
241.658,0.635189
241.725,0.634876
241.791,0.635024
241.858,0.634899
241.925,0.634957
241.991,0.635775
242.058,0.635798
242.124,0.636087
242.191,0.636236
242.258,0.636142
242.324,0.636313
242.391,0.636227
242.457,0.636314
242.524,0.636583
242.591,0.636509
242.657,0.636154
242.724,0.6364
242.79,0.633941
242.857,0.633629
242.924,0.633719
242.99,0.633125
243.057,0.63309
243.124,0.632894
243.19,0.63314
243.257,0.633214
243.323,0.633258
243.39,0.633102
243.457,0.632621
243.523,0.631538
243.59,0.631409
243.656,0.631311
243.723,0.630939
243.79,0.631542
243.856,0.631393
243.923,0.631182
243.989,0.630826
244.056,0.630995
244.123,0.630651
244.189,0.629998
244.256,0.629678
244.322,0.629396
244.389,0.629083
244.456,0.630371
244.522,0.630312
244.589,0.63018
244.656,0.629844
244.722,0.629077
244.789,0.628839
244.855,0.629605
244.922,0.629653
244.989,0.629188
245.055,0.629297
245.122,0.628754
245.188,0.629126
245.255,0.629286
245.322,0.629207
245.388,0.628867
245.455,0.628511
245.521,0.628312
245.588,0.628609
245.655,0.628347
245.721,0.628249
245.788,0.627877
245.854,0.627834
245.921,0.628249
245.988,0.628257
246.054,0.628167
246.121,0.626381
246.188,0.626361
246.254,0.626557
246.321,0.626052
246.387,0.62575
246.454,0.625586
246.521,0.625696
246.587,0.626013
246.654,0.62604
246.72,0.626177
246.787,0.625978
246.854,0.625802
246.92,0.625794
246.987,0.625529
247.053,0.625341
247.12,0.625181
247.187,0.624725
247.253,0.624378
247.32,0.623635
247.386,0.623575
247.453,0.62358
247.52,0.623832
247.586,0.623964
247.653,0.624052
247.72,0.623576
247.786,0.621677
247.853,0.621944
247.919,0.621693
247.986,0.622056
248.053,0.622332
248.119,0.62201
248.186,0.62206
248.252,0.621912
248.319,0.62186
248.386,0.621922
248.452,0.62161
248.519,0.621499
248.585,0.622014
248.652,0.622179
248.719,0.622538
248.785,0.622454
248.852,0.622318
248.919,0.622335
248.985,0.622387
249.052,0.62211
249.118,0.622445
249.185,0.622411
249.252,0.622283
249.318,0.622007
249.385,0.621684
249.451,0.621928
249.518,0.621444
249.585,0.621445
249.651,0.621136
249.718,0.62102
249.784,0.62115
249.851,0.620535
249.918,0.620688
249.984,0.620454
250.051,0.620561
250.117,0.619927
250.184,0.620343
250.251,0.620007
250.317,0.619744
250.384,0.618853
250.451,0.618919
250.517,0.618731
250.584,0.618175
250.65,0.617666
250.717,0.61717
250.784,0.616583
250.85,0.616365
250.917,0.61482
250.983,0.615551
251.05,0.615379
251.117,0.61671
251.183,0.61771
251.25,0.617781
251.316,0.619168
251.383,0.619524
251.45,0.61964
251.516,0.619605
251.583,0.619985
251.649,0.619926
251.716,0.620435
251.783,0.620297
251.849,0.620329
251.916,0.620396
251.983,0.620424
252.049,0.620604
252.116,0.621022
252.182,0.621454
252.249,0.62163
252.316,0.621932
252.382,0.622324
252.449,0.62236
252.515,0.622347
252.582,0.622556
252.649,0.6228
252.715,0.622655
252.782,0.623017
252.848,0.622203
252.915,0.621795
252.982,0.620445
253.048,0.619634
253.115,0.618097
253.181,0.616948
253.248,0.616359
253.315,0.614998
253.381,0.613756
253.448,0.613081
253.515,0.612728
253.581,0.61299
253.648,0.612461
253.714,0.612609
253.781,0.614051
253.848,0.614709
253.914,0.615632
253.981,0.61631
254.047,0.616987
254.114,0.617255
254.181,0.618511
254.247,0.620338
254.314,0.622919
254.38,0.624508
254.447,0.648687
254.514,0.648632
254.58,0.648397
254.647,0.648666
254.714,0.649299
254.78,0.649737
254.847,0.650206
254.913,0.650245
254.98,0.650522
255.047,0.652223
255.113,0.652465
255.18,0.65401
255.246,0.65464
255.313,0.654906
255.38,0.655055
255.446,0.655442
255.513,0.655461
255.579,0.65604
255.646,0.655829
255.713,0.655973
255.779,0.655926
255.846,0.655848
255.912,0.655954
255.979,0.656095
256.046,0.656056
256.112,0.662888
256.179,0.663255
256.246,0.663568
256.312,0.663396
256.379,0.663498
256.445,0.663912
256.512,0.663928
256.579,0.664135
256.645,0.663994
256.712,0.663709
256.778,0.663509
256.845,0.66315
256.912,0.663193
256.978,0.662318
257.045,0.662161
257.111,0.662407
257.178,0.6636
257.245,0.663162
257.311,0.663272
257.378,0.663385
257.444,0.663131
257.511,0.66274
257.578,0.662861
257.644,0.662752
257.711,0.662606
257.778,0.659982
257.844,0.659274
257.911,0.660186
257.977,0.659623
258.044,0.659498
258.111,0.659268
258.177,0.659663
258.244,0.659877
258.31,0.660499
258.377,0.660656
258.444,0.661102
258.51,0.661274
258.577,0.661098
258.643,0.660364
258.71,0.660285
258.777,0.660234
258.843,0.660289
258.91,0.65982
258.976,0.659742
259.043,0.659543
259.11,0.659527
259.176,0.658945
259.243,0.659023
259.31,0.65905
259.376,0.659109
259.443,0.663013
259.509,0.66302
259.576,0.662601
259.643,0.662475
259.709,0.662393
259.776,0.661858
259.842,0.661111
259.909,0.66124
259.976,0.662221
260.042,0.662351
260.109,0.661701
260.175,0.661061
260.242,0.65938
260.309,0.659298
260.375,0.659649
260.442,0.658535
260.509,0.658989
260.575,0.658059
260.642,0.658031
260.708,0.657922
260.775,0.65818
260.842,0.657715
260.908,0.657918
260.975,0.657832
261.041,0.657993
261.108,0.654853
261.175,0.655338
261.241,0.655561
261.308,0.655827
261.374,0.655753
261.441,0.655588
261.508,0.655221
261.574,0.656828
261.641,0.656711
261.707,0.656938
261.774,0.656923
261.841,0.658588
261.907,0.658162
261.974,0.659334
262.041,0.659264
262.107,0.658968
262.174,0.659276
262.24,0.658728
262.307,0.658904
262.374,0.658044
262.44,0.658193
262.507,0.658318
262.573,0.658822
262.64,0.658548
262.707,0.658341
262.773,0.66323
262.84,0.663308
262.906,0.663354
262.973,0.662443
263.04,0.660524
263.106,0.660512
263.173,0.66004
263.239,0.660372
263.306,0.661025
263.373,0.660958
263.439,0.66072
263.506,0.662741
263.573,0.663074
263.639,0.66366
263.706,0.664286
263.772,0.666072
263.839,0.666412
263.906,0.665451
263.972,0.664348
264.039,0.664719
264.105,0.664027
264.172,0.664129
264.239,0.665731
264.305,0.665262
264.372,0.664593
264.438,0.6709
264.505,0.671135
264.572,0.671283
264.638,0.674892
264.705,0.672273
264.771,0.671913
264.838,0.671253
264.905,0.669865
264.971,0.669584
265.038,0.670456
265.105,0.66989
265.171,0.671469
265.238,0.669796
265.304,0.66812
265.371,0.664852
265.438,0.6659
265.504,0.666861
265.571,0.66846
265.637,0.667209
265.704,0.667491
265.771,0.667268
265.837,0.667464
265.904,0.666666
265.97,0.664211
266.037,0.664285
266.104,0.662371
266.17,0.66262
266.237,0.663007
266.304,0.664415
266.37,0.665466
266.437,0.665509
266.503,0.665694
266.57,0.664943
266.637,0.665307
266.703,0.66415
266.77,0.664052
266.836,0.663857
266.903,0.663411
266.97,0.664876
267.036,0.664184
267.103,0.665471
267.169,0.665315
267.236,0.665487
267.303,0.666062
267.369,0.66567
267.436,0.665702
267.502,0.665166
267.569,0.665111
267.636,0.665185
267.702,0.665052
267.769,0.664113
267.836,0.664207
267.902,0.664425
267.969,0.66629
268.035,0.666387
268.102,0.666899
268.169,0.666618
268.235,0.666833
268.302,0.666715
268.368,0.666387
268.435,0.666148
268.502,0.665273
268.568,0.661634
268.635,0.662201
268.701,0.660461
268.768,0.660277
268.835,0.659081
268.901,0.659644
268.968,0.659773
269.034,0.658784
269.101,0.660868
269.168,0.66152
269.234,0.661196
269.301,0.659985
269.368,0.65916
269.434,0.651231
269.501,0.651391
269.567,0.65209
269.634,0.653087
269.701,0.650922
269.767,0.65236
269.834,0.652232
269.9,0.652505
269.967,0.652673
270.034,0.655968
270.1,0.656339
270.167,0.659271
270.233,0.660769
270.3,0.661726
270.367,0.660667
270.433,0.660479
270.5,0.660659
270.566,0.661293
270.633,0.662024
270.7,0.66433
270.766,0.664725
270.833,0.668133
270.9,0.667997
270.966,0.668138
271.033,0.669349
271.099,0.685082
271.166,0.684698
271.233,0.684978
271.299,0.684892
271.366,0.683195
271.432,0.683101
271.499,0.684231
271.566,0.684568
271.632,0.682239
271.699,0.681258
271.765,0.681934
271.832,0.679663
271.899,0.679394
271.965,0.679042
272.032,0.679663
272.099,0.678405
272.165,0.67674
272.232,0.676185
272.298,0.674231
272.365,0.673836
272.432,0.6737
272.498,0.673688
272.565,0.674411
272.631,0.674204
272.698,0.672695
272.765,0.674407
272.831,0.672511
272.898,0.671881
272.964,0.672366
273.031,0.673711
273.098,0.675305
273.164,0.67477
273.231,0.675982
273.297,0.674164
273.364,0.672487
273.431,0.6728
273.497,0.671779
273.564,0.671393
273.631,0.672358
273.697,0.67303
273.764,0.673128
273.83,0.672855
273.897,0.673179
273.964,0.67298
274.03,0.672843
274.097,0.672659
274.163,0.672257
274.23,0.672683
274.297,0.673481
274.363,0.673207
274.43,0.679086
274.496,0.678961
274.563,0.678805
274.63,0.678723
274.696,0.678997
274.763,0.678153
274.829,0.678669
274.896,0.678419
274.963,0.678422
275.029,0.678313
275.096,0.678789
275.163,0.680423
275.229,0.680201
275.296,0.680135
275.362,0.679677
275.429,0.679834
275.496,0.679623
275.562,0.679724
275.629,0.678633
275.695,0.678802
275.762,0.678719
275.829,0.678583
275.895,0.678336
275.962,0.678907
276.028,0.679446
276.095,0.688839
276.162,0.688647
276.228,0.688084
276.295,0.689132
276.361,0.689992
276.428,0.689375
276.495,0.688878
276.561,0.688862
276.628,0.689471
276.695,0.688986
276.761,0.689921
276.828,0.690297
276.894,0.689363
276.961,0.690281
277.028,0.690946
277.094,0.691192
277.161,0.691802
277.227,0.690833
277.294,0.692307
277.361,0.692952
277.427,0.69373
277.494,0.694906
277.56,0.695848
277.627,0.698874
277.694,0.699425
277.76,0.699624
277.827,0.701567
277.894,0.70419
277.96,0.705926
278.027,0.709142
278.093,0.712375
278.16,0.714196
278.227,0.716471
278.293,0.719402
278.36,0.720981
278.426,0.722963
278.493,0.726207
278.56,0.72743
278.626,0.729979
278.693,0.731367
278.759,0.733951
278.826,0.735358
278.893,0.738455
278.959,0.739643
279.026,0.741253
279.092,0.744036
279.159,0.746417
279.226,0.748453
279.292,0.750798
279.359,0.75101
279.426,0.757886
279.492,0.75825
279.559,0.761842
279.625,0.762408
279.692,0.763835
279.759,0.763851
279.825,0.76571
279.892,0.766184
279.958,0.766743
280.025,0.769471
280.092,0.770575
280.158,0.771048
280.225,0.773872
280.291,0.773889
280.358,0.776549
280.425,0.779532
280.491,0.783127
280.558,0.783334
280.624,0.782657
280.691,0.784305
280.758,0.786675
280.824,0.78797
280.891,0.794017
280.958,0.794781
281.024,0.795468
281.091,0.792468
281.157,0.794276
281.224,0.794463
281.291,0.794582
281.357,0.795693
281.424,0.798883
281.49,0.800054
281.557,0.800764
281.624,0.802763
281.69,0.802139
281.757,0.805044
281.823,0.8069
281.89,0.809807
281.957,0.810436
282.023,0.813485
282.09,0.81751
282.156,0.819574
282.223,0.820696
282.29,0.822602
282.356,0.821232
282.423,0.800201
282.49,0.791584
282.556,0.788959
282.623,0.763256
282.689,0.745681
282.756,0.730639
282.823,0.730804
282.889,0.730251
282.956,0.729256
283.022,0.671819
283.089,0.667237
283.156,0.66558
283.222,0.662232
283.289,0.659814
283.355,0.658284
283.422,0.609175
283.489,0.611622
283.555,0.611912
283.622,0.615026
283.688,0.617
283.755,0.617221
283.822,0.583395
283.888,0.582161
283.955,0.580454
284.022,0.578282
284.088,0.578162
284.155,0.576333
284.221,0.574342
284.288,0.573946
284.355,0.574782
284.421,0.567887
284.488,0.572179
284.554,0.576744
284.621,0.5797
284.688,0.585484
284.754,0.587553
284.821,0.59123
284.887,0.595647
284.954,0.59603
285.021,0.600035
285.087,0.60707
285.154,0.610846
285.221,0.609371
285.287,0.607347
285.354,0.606568
285.42,0.609404
285.487,0.613086
285.554,0.6133
285.62,0.611668
285.687,0.613112
285.753,0.612775
285.82,0.609628
285.887,0.609938
285.953,0.580192
286.02,0.578593
286.086,0.577116
286.153,0.579392
286.22,0.579775
286.286,0.582677
286.353,0.582815
286.419,0.581224
286.486,0.58336
286.553,0.583974
286.619,0.591377
286.686,0.591452
286.753,0.594584
286.819,0.598766
286.886,0.601722
286.952,0.601248
287.019,0.601421
287.086,0.601625
287.152,0.601986
287.219,0.603655
287.285,0.603325
287.352,0.603482
287.419,0.598057
287.485,0.594902
287.552,0.592327
287.618,0.574671
287.685,0.572351
287.752,0.571017
287.818,0.571861
287.885,0.571719
287.951,0.561693
288.018,0.557777
288.085,0.551516
288.151,0.550151
288.218,0.54681
288.285,0.533501
288.351,0.532326
288.418,0.529431
288.484,0.525235
288.551,0.525073
288.618,0.520975
288.684,0.515619
288.751,0.512992
288.817,0.509084
288.884,0.50326
288.951,0.501388
289.017,0.500881
289.084,0.49964
289.15,0.499976
289.217,0.501456
289.284,0.49978
289.35,0.502839
289.417,0.494389
289.483,0.496662
289.55,0.497829
289.617,0.498685
289.683,0.501964
289.75,0.502944
289.817,0.503851
289.883,0.499915
289.95,0.498261
290.016,0.497074
290.083,0.495148
290.15,0.493767
290.216,0.491218
290.283,0.487237
290.349,0.484276
290.416,0.479459
290.483,0.473808
290.549,0.470561
290.616,0.465549
290.682,0.461663
290.749,0.457925
290.816,0.453336
290.882,0.448973
290.949,0.447117
291.016,0.448508
291.082,0.447812
291.149,0.446103
291.215,0.445306
291.282,0.44257
291.349,0.440427
291.415,0.440248
291.482,0.437986
291.548,0.436885
291.615,0.439215
291.682,0.436222
291.748,0.436955
291.815,0.439618
291.881,0.440394
291.948,0.436842
292.015,0.434863
292.081,0.433269
292.148,0.432324
292.214,0.4308
292.281,0.423547
292.348,0.422512
292.414,0.415783
292.481,0.409186
292.548,0.410099
292.614,0.407762
292.681,0.402926
292.747,0.401341
292.814,0.395301
292.881,0.388593
292.947,0.385524
293.014,0.381204
293.08,0.375801
293.147,0.374599
293.214,0.369961
293.28,0.36876
293.347,0.368635
293.413,0.368509
293.48,0.365683
293.547,0.365047
293.613,0.364902
293.68,0.362258
293.746,0.362477
293.813,0.362215
293.88,0.355994
293.946,0.354789
294.013,0.358098
294.08,0.358647
294.146,0.360934
294.213,0.365203
294.279,0.367492
294.346,0.368313
294.413,0.3658
294.479,0.369211
294.546,0.36844
294.612,0.370816
294.679,0.375576
294.746,0.37669
294.812,0.37636
294.879,0.372615
294.945,0.371343
295.012,0.371801
295.079,0.37378
295.145,0.374555
295.212,0.375075
295.278,0.377519
295.345,0.379479
295.412,0.382878
295.478,0.38538
295.545,0.386476
295.612,0.388643
295.678,0.390282
295.745,0.390059
295.811,0.394407
295.878,0.401475
295.945,0.40115
296.011,0.402529
296.078,0.409525
296.144,0.414556
296.211,0.423052
296.278,0.431501
296.344,0.43821
296.411,0.446274
296.477,0.451273
296.544,0.450821
296.611,0.453214
296.677,0.459732
296.744,0.463008
296.811,0.46556
296.877,0.465176
296.944,0.467221
297.01,0.466214
297.077,0.464056
297.144,0.460649
297.21,0.457481
297.277,0.451085
297.343,0.449237
297.41,0.450437
297.477,0.453171
297.543,0.453363
297.61,0.458317
297.676,0.462247
297.743,0.455176
297.81,0.464554
297.876,0.470577
297.943,0.473304
298.009,0.477204
298.076,0.479285
298.143,0.467202
298.209,0.464471
298.276,0.461398
298.343,0.444937
298.409,0.443335
298.476,0.440311
298.542,0.439202
298.609,0.421273
298.676,0.414667
298.742,0.41201
298.809,0.407467
298.875,0.390747
298.942,0.386713
299.009,0.382298
299.075,0.382652
299.142,0.38116
299.208,0.381699
299.275,0.381193
299.342,0.379706
299.408,0.381743
299.475,0.395038
299.541,0.403567
299.608,0.415803
299.675,0.423365
299.741,0.427778
299.808,0.435105
299.875,0.440774
299.941,0.444863
300.008,0.458785
300.074,0.463425
300.141,0.463738
300.208,0.468485
300.274,0.470409
300.341,0.474288
300.407,0.490315
300.474,0.48982
300.541,0.487724
300.607,0.497314
300.674,0.499624
300.74,0.502062
300.807,0.516347
300.874,0.516543
300.94,0.517316
301.007,0.514682
301.073,0.526803
301.14,0.527631
301.207,0.529335
301.273,0.531374
301.34,0.530008
301.407,0.555719
301.473,0.563402
301.54,0.567243
301.606,0.575433
301.673,0.606729
301.74,0.611344
301.806,0.620636
301.873,0.619754
301.939,0.623081
302.006,0.625291
302.073,0.62544
302.139,0.623051
302.206,0.616564
302.272,0.607997
302.339,0.602179
302.406,0.595161
302.472,0.582207
302.539,0.582169
302.606,0.57096
302.672,0.562798
302.739,0.554994
302.805,0.545058
302.872,0.536165
302.939,0.529349
303.005,0.525913
303.072,0.520031
303.138,0.516397
303.205,0.510836
303.272,0.514452
303.338,0.512379
303.405,0.515271
303.471,0.518643
303.538,0.521206
303.605,0.487352
303.671,0.485668
303.738,0.484935
303.804,0.479635
303.871,0.480287
303.938,0.480374
304.004,0.479222
304.071,0.46587
304.138,0.463419
304.204,0.460833
304.271,0.463169
304.337,0.463653
304.404,0.462146
304.471,0.452272
304.537,0.452946
304.604,0.452973
304.67,0.453584
304.737,0.453203
304.804,0.454974
304.87,0.451941
304.937,0.448118
305.003,0.445562
305.07,0.440963
305.137,0.438483
305.203,0.434105
305.27,0.432699
305.336,0.43101
305.403,0.428271
305.47,0.426346
305.536,0.427089
305.603,0.428281
305.67,0.431564
305.736,0.43228
305.803,0.43459
305.869,0.447432
305.936,0.451141
306.003,0.452836
306.069,0.449933
306.136,0.45189
306.202,0.45235
306.269,0.451516
306.336,0.449585
306.402,0.448777
306.469,0.450051
306.535,0.450307
306.602,0.449003
306.669,0.44832
306.735,0.449051
306.802,0.445554
306.868,0.439935
306.935,0.437023
307.002,0.431916
307.068,0.430379
307.135,0.428518
307.202,0.420691
307.268,0.410691
307.335,0.407287
307.401,0.401976
307.468,0.392362
307.535,0.388244
307.601,0.382605
307.668,0.37815
307.734,0.370923
307.801,0.364734
307.868,0.361582
307.934,0.358315
308.001,0.340803
308.067,0.331827
308.134,0.329138
308.201,0.323593
308.267,0.318615
308.334,0.314455
308.401,0.312342
308.467,0.312409
308.534,0.312533
308.6,0.312737
308.667,0.315825
308.734,0.315426
308.8,0.318106
308.867,0.318407
308.933,0.318753
309,0.329557
309.067,0.337927
309.133,0.341823
309.2,0.347317
309.266,0.353463
309.333,0.358342
309.4,0.366881
309.466,0.37806
309.533,0.380629
309.599,0.388397
309.666,0.390878
309.733,0.393981
309.799,0.399009
309.866,0.396469
309.933,0.397758
309.999,0.399971
310.066,0.397555
310.132,0.398304
310.199,0.400581
310.266,0.396812
310.332,0.39677
310.399,0.381863
310.465,0.376914
310.532,0.37347
310.599,0.367598
310.665,0.360998
310.732,0.358238
310.798,0.351586
310.865,0.34507
310.932,0.346082
310.998,0.339363
311.065,0.335464
311.131,0.334667
311.198,0.327552
311.265,0.321634
311.331,0.316922
311.398,0.309125
311.465,0.294907
311.531,0.290383
311.598,0.283176
311.664,0.276876
311.731,0.265989
311.798,0.257833
311.864,0.254502
311.931,0.252707
311.997,0.246707
312.064,0.234394
312.131,0.231733
312.197,0.227616
312.264,0.224845
312.33,0.22314
312.397,0.219567
312.464,0.214593
312.53,0.212614
312.597,0.20678
312.663,0.20221
312.73,0.199826
312.797,0.200277
312.863,0.199786
312.93,0.201226
312.997,0.204195
313.063,0.207548
313.13,0.208233
313.196,0.212704
313.263,0.214044
313.33,0.212456
313.396,0.211901
313.463,0.211642
313.529,0.211699
313.596,0.212001
313.663,0.21271
313.729,0.21235
313.796,0.219741
313.862,0.226143
313.929,0.227827
313.996,0.237
314.062,0.249097
314.129,0.255229
314.196,0.265872
314.262,0.276753
314.329,0.278943
314.395,0.283813
314.462,0.284235
314.529,0.284239
314.595,0.28509
314.662,0.288314
314.728,0.291617
314.795,0.294662
314.862,0.299751
314.928,0.301894
314.995,0.302482
315.061,0.296108
315.128,0.294987
315.195,0.292829
315.261,0.291187
315.328,0.290286
315.394,0.285368
315.461,0.279964
315.528,0.278912
315.594,0.276556
315.661,0.272428
315.728,0.272484
315.794,0.270668
315.861,0.268647
315.927,0.270031
315.994,0.268879
316.061,0.266405
316.127,0.260793
316.194,0.25322
316.26,0.246439
316.327,0.244155
316.394,0.235078
316.46,0.229187
316.527,0.226635
316.593,0.220068
316.66,0.213523
316.727,0.212
316.793,0.203262
316.86,0.1977
316.926,0.196172
316.993,0.18898
317.06,0.183023
317.126,0.178477
317.193,0.171641
317.26,0.164672
317.326,0.160853
317.393,0.154838
317.459,0.147552
317.526,0.144253
317.593,0.138476
317.659,0.13119
317.726,0.127082
317.792,0.122056
317.859,0.117522
317.926,0.116075
317.992,0.110724
318.059,0.106581
318.125,0.103841
318.192,0.0975991
318.259,0.0903524
318.325,0.0871199
318.392,0.0802875
318.458,0.0743463
318.525,0.0718603
318.592,0.0669784
318.658,0.0625186
318.725,0.060443
318.792,0.0566868
318.858,0.0533136
318.925,0.0513592
318.991,0.045422
319.058,0.0415524
319.125,0.0387069
319.191,0.0339813
319.258,0.0285286
319.324,0.0262929
319.391,0.0230018
319.458,0.0212859
319.524,0.0200937
319.591,0.0188077
319.657,0.0168455
319.724,0.0156847
319.791,0.0131284
319.857,0.0108652
319.924,0.009849
319.991,0.00927442
320.057,0.00937602
320.124,0.00950893
320.19,0.00971607
320.257,0.0100249
320.324,0.010146
320.39,0.0104548
320.457,0.0105643
320.523,0.0105565
320.59,0.0104041
320.657,0.0105605
320.723,0.0107363
320.79,0.0109787
320.856,0.0108732
320.923,0.0108068
320.99,0.0106465
321.056,0.0108734
321.123,0.0108461
321.189,0.0107562
321.256,0.0112057
321.323,0.0112995
321.389,0.0116982
321.456,0.0119796
321.523,0.011921
321.589,0.0119366
321.656,0.0115301
321.722,0.0115145
321.789,0.0115692
321.856,0.0115848
321.922,0.0115223
321.989,0.0136722
322.055,0.0136957
322.122,0.0137152
322.189,0.0140162
322.255,0.0140748
322.322,0.0142038
322.388,0.0141999
322.455,0.0140162
322.522,0.0139888
322.588,0.0141765
322.655,0.0142742
322.721,0.0148292
322.788,0.014626
322.855,0.0145127
322.921,0.0142585
322.988,0.0143015
323.055,0.0140514
323.121,0.0141178
323.188,0.0144696
323.254,0.014407
323.321,0.0142975
323.388,0.0145985
323.454,0.0145242
323.521,0.0142193
323.587,0.014192
323.654,0.0140708
323.721,0.0140357
323.787,0.0139496
323.854,0.0139614
323.92,0.0138598
323.987,0.0137269
324.054,0.01368
324.12,0.0137034
324.187,0.0138324
324.253,0.0137307
324.32,0.0137894
324.387,0.0137854
324.453,0.0136877
324.52,0.013719
324.587,0.0135157
324.653,0.013762
324.72,0.0137777
324.786,0.013637
324.853,0.0136526
324.92,0.0135588
324.986,0.0136174
325.053,0.0135783
325.119,0.0134728
325.186,0.013977
325.253,0.014063
325.319,0.0138637
325.386,0.0140552
325.452,0.0138989
325.519,0.0139106
325.586,0.0140278
325.652,0.0139653
325.719,0.0139966
325.786,0.0140122
325.852,0.0139965
325.919,0.0137034
325.985,0.0136682
326.052,0.0135861
326.119,0.0136955
326.185,0.0137385
326.252,0.0135861
326.318,0.013379
326.385,0.012992
326.452,0.0129569
326.518,0.0129647
326.585,0.0130038
326.651,0.0129998
326.718,0.0131406
326.785,0.0133829
326.851,0.0135471
326.918,0.0131875
326.984,0.0127654
327.051,0.012527
327.118,0.0116905
327.184,0.0108658
327.251,0.0106313
327.318,0.0101857
327.384,0.00988472
327.451,0.0123457
327.517,0.0251313
327.584,0.038067
327.651,0.042576
327.717,0.0493697
327.784,0.0513517
327.85,0.0521053
327.917,0.053371
327.984,0.0546089
328.05,0.0556211
328.117,0.0630336
328.183,0.0769323
328.25,0.0838562
328.317,0.0949829
328.383,0.105844
328.45,0.110173
328.516,0.112493
328.583,0.112924
328.65,0.112744
328.716,0.112283
328.783,0.112278
328.85,0.111359
328.916,0.109905
328.983,0.110425
329.049,0.110256
329.116,0.10956
329.183,0.107619
329.249,0.107637
329.316,0.107281
329.382,0.106225
329.449,0.104955
329.516,0.104584
329.582,0.103919
329.649,0.102942
329.715,0.100112
329.782,0.0944561
329.849,0.0930997
329.915,0.0893669
329.982,0.0851494
330.048,0.0836367
330.115,0.0792747
330.182,0.076691
330.248,0.0757099
330.315,0.0719967
330.382,0.0690418
330.448,0.0676229
330.515,0.0663214
330.581,0.0648947
330.648,0.0644179
330.715,0.0632844
330.781,0.0672479
330.848,0.0713409
330.914,0.0792575
330.981,0.0849094
331.048,0.0876122
331.114,0.092382
331.181,0.0977592
331.247,0.102635
331.314,0.110271
331.381,0.11545
331.447,0.118084
331.514,0.12073
331.581,0.118446
331.647,0.117376
331.714,0.112614
331.78,0.107985
331.847,0.106715
331.914,0.102896
331.98,0.0973626
332.047,0.0974077
332.113,0.0966679
332.18,0.0953918
332.247,0.0948915
332.313,0.0928845
332.38,0.0920531
332.446,0.0912714
332.513,0.0897548
332.58,0.0887152
332.646,0.088035
332.713,0.0867257
332.779,0.0870463
332.846,0.0860574
332.913,0.0865069
332.979,0.0859557
333.046,0.0844
333.113,0.0840325
333.179,0.0817733
333.246,0.08012
333.312,0.0778725
333.379,0.0749996
333.446,0.0733306
333.512,0.0716577
333.579,0.0691952
333.645,0.0682063
333.712,0.0672213
333.779,0.0641451
333.845,0.0626285
333.912,0.0585088
333.978,0.0548502
334.045,0.0522588
334.112,0.0479436
334.178,0.0434798
334.245,0.0406695
334.311,0.0353424
334.378,0.0357769
334.445,0.0359275
334.511,0.0341602
334.578,0.0316899
334.645,0.0309804
334.711,0.0295587
334.778,0.0281576
334.844,0.0279673
334.911,0.0269444
334.978,0.0249449
335.044,0.0241502
335.111,0.0222802
335.177,0.0208445
335.244,0.0201841
335.311,0.0201646
335.377,0.0202505
335.444,0.0203209
335.51,0.0202232
335.577,0.0203912
335.644,0.0201997
335.71,0.0204029
335.777,0.020317
335.843,0.0203912
335.91,0.020274
335.977,0.0204656
336.043,0.0202897
336.11,0.0203757
336.177,0.0199183
336.243,0.0196058
336.31,0.0196371
336.376,0.0197598
336.443,0.0198397
336.51,0.0220028
336.576,0.0237775
336.643,0.0245407
336.709,0.0266391
336.776,0.0296627
336.843,0.0317531
336.909,0.0352498
336.976,0.0416767
337.042,0.0446652
337.109,0.0498174
337.176,0.0568088
337.242,0.0618707
337.309,0.0674812
337.375,0.0739622
337.442,0.0782548
337.509,0.0856329
337.575,0.0951791
337.642,0.100168
337.709,0.11048
337.775,0.118865
337.842,0.123314
337.908,0.129831
337.975,0.137126
338.042,0.139246
338.108,0.144699
338.175,0.147714
338.241,0.149317
338.308,0.154147
338.375,0.154903
338.441,0.153747
338.508,0.153094
338.574,0.149839
338.641,0.145911
338.708,0.142452
338.774,0.137145
338.841,0.136233
338.908,0.131989
338.974,0.123932
339.041,0.121403
339.107,0.118882
339.174,0.113069
339.241,0.110471
339.307,0.108595
339.374,0.106062
339.44,0.104553
339.507,0.100433
339.574,0.0981664
339.64,0.0968883
339.707,0.0930774
339.773,0.0888247
339.84,0.0862059
339.907,0.0830047
339.973,0.0776928
340.04,0.0763796
340.106,0.0715015
340.173,0.066561
340.24,0.0638171
340.306,0.059983
340.373,0.0542451
340.44,0.0505787
340.506,0.0468381
340.573,0.0465371
340.639,0.0469241
340.706,0.0463808
340.773,0.0463378
340.839,0.0447039
340.906,0.0418858
340.972,0.0411275
341.039,0.040248
341.106,0.0356631
341.172,0.0324072
341.239,0.0307225
341.305,0.0270405
341.372,0.0233273
341.439,0.0212361
341.505,0.017601
341.572,0.0138448
341.638,0.0120937
341.705,0.00802865
341.772,0.00704366
341.838,0.00705539
341.905,0.00705539
341.972,0.00757139
342.038,0.00750487
342.105,0.0075557
342.171,0.00759085
342.238,0.00758694
342.305,0.00758694
342.371,0.00762603
342.438,0.00759868
342.504,0.00757523
342.571,0.00760259
342.638,0.0076456
342.704,0.00766128
342.771,0.00766517
342.837,0.00767298
342.904,0.00771597
342.971,0.00769638
343.037,0.00768855
343.104,0.00768855
343.17,0.00769249
343.237,0.00769249
343.304,0.00771205
343.37,0.00770423
343.437,0.00771597
343.504,0.00771599
343.57,0.00771206
343.637,0.00770806
343.703,0.00768463
343.77,0.00768853
343.837,0.00767679
343.903,0.00767681
343.97,0.00768072
344.036,0.00768463
344.103,0.00768855
344.17,0.00769638
344.236,0.00766904
344.303,0.00766511
344.369,0.00764554
344.436,0.00761418
344.503,0.00762206
344.569,0.00762598
344.636,0.00762989
344.703,0.007626
344.769,0.00764166
344.836,0.00763386
344.902,0.00762995
344.969,0.00762993
345.036,0.00768466
345.102,0.00781364
345.169,0.00783705
345.235,0.00783314
345.302,0.00785258
345.369,0.00783301
345.435,0.00782125
345.502,0.00779781
345.568,0.00777827
345.635,0.0077861
345.702,0.00779395
345.768,0.00780571
345.835,0.00781743
345.901,0.00781352
345.968,0.00773142
346.035,0.00789963
346.101,0.00789571
346.168,0.00789962
346.235,0.00788786
346.301,0.0078683
346.368,0.00787223
346.434,0.00785653
346.501,0.00785261
346.568,0.00786826
346.634,0.00786827
346.701,0.0078722
346.767,0.00785268
346.834,0.00785265
346.901,0.00785656
346.967,0.0078683
347.034,0.00785267
347.1,0.00784485
347.167,0.00783314
347.234,0.00783705
347.3,0.00783314
347.367,0.00783317
347.433,0.00783708
347.5,0.00783708
347.567,0.00784099
347.633,0.00781754
347.7,0.0077157
347.767,0.00768837
347.833,0.00769228
347.9,0.00770009
347.966,0.00768448
348.033,0.0076649
348.1,0.0076649
348.166,0.00766492
348.233,0.00762191
348.299,0.00760629
348.366,0.00758676
348.433,0.00759071
348.499,0.00757896
348.566,0.00757506
348.632,0.00758289
348.699,0.00758288
348.766,0.00759073
348.832,0.0075868
348.899,0.00759851
348.965,0.00761418
349.032,0.00760636
349.099,0.00759853
349.165,0.00760245
349.232,0.00759067
349.299,0.00759459
349.365,0.00758297
349.432,0.00757126
349.498,0.00757518
349.565,0.00757518
349.632,0.00754385
349.698,0.00753993
349.765,0.00753997
349.831,0.00755173
349.898,0.00755173
349.965,0.00754781
350.031,0.00754784
350.098,0.00754784
350.164,0.0134688
350.231,0.0237099
350.298,0.0288932
350.364,0.039715
350.431,0.0479196
350.498,0.0526987
350.564,0.0596948
350.631,0.0637402
350.697,0.0643485
350.764,0.066067
350.831,0.0676146
350.897,0.068044
350.964,0.0698972
351.03,0.070022
351.097,0.0702047
351.164,0.0702675
351.23,0.0700593
351.297,0.069437
351.363,0.0696524
351.43,0.0698691
351.497,0.0699041
351.563,0.069642
351.63,0.0695525
351.696,0.0691425
351.763,0.0686993
351.83,0.0678035
351.896,0.0674516
351.963,0.0671819
352.03,0.0671584
352.096,0.0669591
352.163,0.0660718
352.229,0.0693411
352.296,0.0741435
352.363,0.0840024
352.429,0.0943368
352.496,0.0999607
352.562,0.109078
352.629,0.111599
352.696,0.114929
352.762,0.118924
352.829,0.122144
352.895,0.12294
352.962,0.123823
353.029,0.124579
353.095,0.125628
353.162,0.126305
353.228,0.128477
353.295,0.12906
353.362,0.130253
353.428,0.130487
353.495,0.130816
353.562,0.131015
353.628,0.131651
353.695,0.130472
353.761,0.130845
353.828,0.13032
353.895,0.130638
353.961,0.12986
354.028,0.130011
354.094,0.129208
354.161,0.128872
354.228,0.12818
354.294,0.127605
354.361,0.128637
354.427,0.127754
354.494,0.127504
354.561,0.126167
354.627,0.124482
354.694,0.123814
354.76,0.122747
354.827,0.124068
354.894,0.125762
354.96,0.131688
355.027,0.139586
355.094,0.142784
355.16,0.14553
355.227,0.150427
355.293,0.152043
355.36,0.157555
355.427,0.157455
355.493,0.157245
355.56,0.157051
355.626,0.157146
355.693,0.157369
355.76,0.157575
355.826,0.1586
355.893,0.158193
355.959,0.158528
356.026,0.159557
356.093,0.16009
356.159,0.159311
356.226,0.159321
356.293,0.159308
356.359,0.161474
356.426,0.16635
356.492,0.170556
356.559,0.181324
356.626,0.191937
356.692,0.196074
356.759,0.205203
356.825,0.213138
356.892,0.216025
356.959,0.219278
357.025,0.22122
357.092,0.222013
357.158,0.223466
357.225,0.221137
357.292,0.220935
357.358,0.219757
357.425,0.219928
357.491,0.219902
357.558,0.216198
357.625,0.215605
357.691,0.216426
357.758,0.215932
357.825,0.215889
357.891,0.216041
357.958,0.215681
358.024,0.215444
358.091,0.215103
358.158,0.215177
358.224,0.214484
358.291,0.213378
358.357,0.212769
358.424,0.212255
358.491,0.212287
358.557,0.211948
358.624,0.210572
358.69,0.212217
358.757,0.21715
358.824,0.224433
358.89,0.227695
358.957,0.233957
359.023,0.239888
359.09,0.240118
359.157,0.244924
359.223,0.249988
359.29,0.251851
359.357,0.256948
359.423,0.259952
359.49,0.260262
359.556,0.260324
359.623,0.260335
359.69,0.259751
359.756,0.258991
359.823,0.258378
359.889,0.258041
359.956,0.257878
360.023,0.258201
360.089,0.257823
360.156,0.258281
360.222,0.25894
360.289,0.259394
360.356,0.260113
360.422,0.26087
360.489,0.261314
360.555,0.262399
360.622,0.263771
360.689,0.26436
360.755,0.266121
360.822,0.270956
360.889,0.273372
360.955,0.278192
361.022,0.285259
361.088,0.28705
361.155,0.288854
361.222,0.292299
361.288,0.293057
361.355,0.294258
361.421,0.295478
361.488,0.295938
361.555,0.296814
361.621,0.297543
361.688,0.297163
361.754,0.296606
361.821,0.296388
361.888,0.295751
361.954,0.296515
362.021,0.297335
362.088,0.297715
362.154,0.298242
362.221,0.300202
362.287,0.301078
362.354,0.303261
362.421,0.30521
362.487,0.306357
362.554,0.307957
362.62,0.309231
362.687,0.30696
362.754,0.309168
362.82,0.311994
362.887,0.313203
362.953,0.314797
363.02,0.316416
363.087,0.316287
363.153,0.316211
363.22,0.316092
363.286,0.315634
363.353,0.315306
363.42,0.315518
363.486,0.315945
363.553,0.316403
363.62,0.316188
363.686,0.316611
363.753,0.316253
363.819,0.315435
363.886,0.315014
363.953,0.3132
364.019,0.312236
364.086,0.311138
364.152,0.310513
364.219,0.308425
364.286,0.308779
364.352,0.308029
364.419,0.307315
364.485,0.306567
364.552,0.306047
364.619,0.305113
364.685,0.305542
364.752,0.305309
364.818,0.303743
364.885,0.303542
364.952,0.303729
365.018,0.304128
365.085,0.304992
365.152,0.306637
365.218,0.309023
365.285,0.309416
365.351,0.310935
365.418,0.313559
365.485,0.314819
365.551,0.318096
365.618,0.321772
365.684,0.323811
365.751,0.326831
365.818,0.329926
365.884,0.332849
365.951,0.336672
366.017,0.343647
366.084,0.344516
366.151,0.347074
366.217,0.348947
366.284,0.351977
366.35,0.354482
366.417,0.357111
366.484,0.360649
366.55,0.364135
366.617,0.367383
366.684,0.368259
366.75,0.370783
366.817,0.375985
366.883,0.378026
366.95,0.380329
367.017,0.382316
367.083,0.384105
367.15,0.386766
367.216,0.388447
367.283,0.388718
367.35,0.389239
367.416,0.389681
367.483,0.389945
367.549,0.39043
367.616,0.395612
367.683,0.40078
367.749,0.406278
367.816,0.412046
367.883,0.414552
367.949,0.421475
368.016,0.427808
368.082,0.430749
368.149,0.436463
368.216,0.456041
368.282,0.46094
368.349,0.471563
368.415,0.480608
368.482,0.485299
368.549,0.493743
368.615,0.501625
368.682,0.506023
368.748,0.513805
368.815,0.517822
368.882,0.520341
368.948,0.524029
369.015,0.527482
369.081,0.531036
369.148,0.532385
369.215,0.532671
369.281,0.534404
369.348,0.537183
369.415,0.538495
369.481,0.540473
369.548,0.539597
369.614,0.540747
369.681,0.54184
369.748,0.542731
369.814,0.546596
369.881,0.547816
369.947,0.547636
370.014,0.551038
370.081,0.553186
370.147,0.556876
370.214,0.561914
370.28,0.562854
370.347,0.566407
370.414,0.56998
370.48,0.572878
370.547,0.576984
370.613,0.580883
370.68,0.582458
370.747,0.586686
370.813,0.590829
370.88,0.591817
370.947,0.595831
371.013,0.595822
371.08,0.598652
371.146,0.600778
371.213,0.604304
371.28,0.605047
371.346,0.610102
371.413,0.613582
371.479,0.616374
371.546,0.619698
371.613,0.623978
371.679,0.626089
371.746,0.629193
371.812,0.630579
371.879,0.632298
371.946,0.632968
372.012,0.635941
372.079,0.63599
372.145,0.642738
372.212,0.645162
372.279,0.647382
372.345,0.649331
372.412,0.651223
372.479,0.652387
372.545,0.653334
372.612,0.654759
372.678,0.654792
372.745,0.656121
372.812,0.656033
372.878,0.656589
372.945,0.657641
373.011,0.658931
373.078,0.658415
373.145,0.658456
373.211,0.658826
373.278,0.658449
373.344,0.660029
373.411,0.663857
373.478,0.665857
373.544,0.667204
373.611,0.667461
373.678,0.667467
373.744,0.667765
373.811,0.667826
373.877,0.667332
373.944,0.667084
374.011,0.667043
374.077,0.665674
374.144,0.664778
374.21,0.663625
374.277,0.663202
374.344,0.664309
374.41,0.663444
374.477,0.66319
374.543,0.66238
374.61,0.662163
374.677,0.662406
374.743,0.662311
374.81,0.661681
374.876,0.660682
374.943,0.660375
375.01,0.659132
375.076,0.658619
375.143,0.656608
375.21,0.656006
375.276,0.65615
375.343,0.655781
375.409,0.656279
375.476,0.657336
375.543,0.657503
375.609,0.657511
375.676,0.658251
375.742,0.658994
375.809,0.658856
375.876,0.660196
375.942,0.662357
376.009,0.680684
376.075,0.680833
376.142,0.682002
376.209,0.682109
376.275,0.682257
376.342,0.683274
376.408,0.682463
376.475,0.681374
376.542,0.681574
376.608,0.680457
376.675,0.680997
376.742,0.681023
376.808,0.680933
376.875,0.681658
376.941,0.682787
377.008,0.683011
377.075,0.682394
377.141,0.683317
377.208,0.682362
377.274,0.682537
377.341,0.682178
377.408,0.681306
377.474,0.682228
377.541,0.682279
377.607,0.682482
377.674,0.691646
377.741,0.690953
377.807,0.691931
377.874,0.691755
377.94,0.6938
378.007,0.69281
378.074,0.69229
378.14,0.692697
378.207,0.693033
378.274,0.692298
378.34,0.694386
378.407,0.695531
378.473,0.695297
378.54,0.695805
378.607,0.696683
378.673,0.695951
378.74,0.696404
378.806,0.69606
378.873,0.696385
378.94,0.697074
379.006,0.695686
379.073,0.69585
379.139,0.695703
379.206,0.694963
379.273,0.694052
379.339,0.697036
379.406,0.696579
379.473,0.69677
379.539,0.696814
379.606,0.697869
379.672,0.698252
379.739,0.706806
379.806,0.711378
379.872,0.714946
379.939,0.721029
380.005,0.72698
380.072,0.729452
380.139,0.731947
380.205,0.733824
380.272,0.734274
380.338,0.739556
380.405,0.757836
380.472,0.76233
380.538,0.767212
380.605,0.772128
380.671,0.773303
380.738,0.775714
380.805,0.780128
380.871,0.781361
380.938,0.782856
381.005,0.798448
381.071,0.798194
381.138,0.798484
381.204,0.797988
381.271,0.798168
381.338,0.798441
381.404,0.798824
381.471,0.799129
381.537,0.79911
381.604,0.799266
381.671,0.799306
381.737,0.800017
381.804,0.800143
381.87,0.800276
381.937,0.801027
382.004,0.800921
382.07,0.800593
382.137,0.801327
