0,0
0.0666092,0.0652039
0.133218,0.0652039
0.199828,0.0652039
0.266437,0.0652039
0.333046,0.0652039
0.399655,0.0652039
0.466264,0.0652039
0.532873,0.0652039
0.599483,0.0652039
0.666092,0.0652039
0.732701,0.0652039
0.79931,0.0972514
0.865919,0.0972514
0.932529,0.0972514
0.999138,0.0972514
1.06575,0.0972514
1.13236,0.0972514
1.19897,0.0972514
1.26557,0.0972514
1.33218,0.0972514
1.39879,0.0972514
1.4654,0.0972514
1.53201,0.10168
1.59862,0.10168
1.66523,0.10168
1.73184,0.10168
1.79845,0.10168
1.86506,0.10168
1.93167,0.10168
1.99828,0.10168
2.06488,0.10168
2.13149,0.10168
2.1981,0.10168
2.26471,0.111096
2.33132,0.111096
2.39793,0.111096
2.46454,0.111096
2.53115,0.111096
2.59776,0.111096
2.66437,0.111096
2.73098,0.111096
2.79759,0.111096
2.86419,0.111096
2.9308,0.111096
2.99741,0.114811
3.06402,0.114811
3.13063,0.114811
3.19724,0.114811
3.26385,0.114811
3.33046,0.114811
3.39707,0.114811
3.46368,0.114811
3.53029,0.114811
3.5969,0.114811
3.6635,0.114811
3.73011,0.116414
3.79672,0.116414
3.86333,0.116414
3.92994,0.116414
3.99655,0.116414
4.06316,0.116414
4.12977,0.116414
4.19638,0.116414
4.26299,0.116414
4.3296,0.116414
4.39621,0.116414
4.46282,0.122465
4.52942,0.122465
4.59603,0.122465
4.66264,0.122465
4.72925,0.122465
4.79586,0.122465
4.86247,0.122465
4.92908,0.122465
4.99569,0.122465
5.0623,0.122465
5.12891,0.122465
5.19552,0.122708
5.26213,0.122708
5.32873,0.122708
5.39534,0.122708
5.46195,0.122708
5.52856,0.122708
5.59517,0.122708
5.66178,0.122708
5.72839,0.122708
5.795,0.122708
5.86161,0.122708
5.92822,0.159273
5.99483,0.159273
6.06144,0.159273
6.12804,0.159273
6.19465,0.159273
6.26126,0.159273
6.32787,0.159273
6.39448,0.159273
6.46109,0.159273
6.5277,0.159273
6.59431,0.159273
6.66092,0.164568
6.72753,0.164568
6.79414,0.164568
6.86075,0.164568
6.92735,0.164568
6.99396,0.164568
7.06057,0.164568
7.12718,0.164568
7.19379,0.164568
7.2604,0.164568
7.32701,0.164568
7.39362,0.188311
7.46023,0.188311
7.52684,0.188311
7.59345,0.188311
7.66006,0.188311
7.72666,0.188311
7.79327,0.188311
7.85988,0.188311
7.92649,0.188311
7.9931,0.188311
8.05971,0.188311
8.12632,0.201654
8.19293,0.201654
8.25954,0.201654
8.32615,0.201654
8.39276,0.201654
8.45937,0.201654
8.52598,0.201654
8.59258,0.201654
8.65919,0.201654
8.7258,0.201654
8.79241,0.201654
8.85902,0.204848
8.92563,0.204848
8.99224,0.204848
9.05885,0.204848
9.12546,0.204848
9.19207,0.204848
9.25868,0.204848
9.32529,0.204848
9.39189,0.204848
9.4585,0.204848
9.52511,0.204848
9.59172,0.205275
9.65833,0.205275
9.72494,0.205275
9.79155,0.205275
9.85816,0.205275
9.92477,0.205275
9.99138,0.205275
10.058,0.205275
10.1246,0.205275
10.1912,0.205275
10.2578,0.205275
10.3244,0.197258
10.391,0.197258
10.4576,0.197258
10.5243,0.197258
10.5909,0.197258
10.6575,0.197258
10.7241,0.197258
10.7907,0.197258
10.8573,0.197258
10.9239,0.197258
10.9905,0.197258
11.0571,0.187845
11.1237,0.187845
11.1903,0.187845
11.257,0.187845
11.3236,0.187845
11.3902,0.187845
11.4568,0.187845
11.5234,0.187845
11.59,0.187845
11.6566,0.187845
11.7232,0.187845
11.7898,0.182076
11.8564,0.182076
11.923,0.182076
11.9897,0.182076
12.0563,0.182076
12.1229,0.182076
12.1895,0.182076
12.2561,0.182076
12.3227,0.182076
12.3893,0.182076
12.4559,0.182076
12.5225,0.180317
12.5891,0.180317
12.6557,0.180317
12.7224,0.180317
12.789,0.180317
12.8556,0.180317
12.9222,0.180317
12.9888,0.180317
13.0554,0.180317
13.122,0.180317
13.1886,0.180317
13.2552,0.182151
13.3218,0.182151
13.3884,0.182151
13.4551,0.182151
13.5217,0.182151
13.5883,0.182151
13.6549,0.182151
13.7215,0.182151
13.7881,0.182151
13.8547,0.182151
13.9213,0.182151
13.9879,0.182876
14.0545,0.182876
14.1211,0.182876
14.1878,0.182876
14.2544,0.182876
14.321,0.182876
14.3876,0.182876
14.4542,0.182876
14.5208,0.182876
14.5874,0.182876
14.654,0.182876
14.7206,0.1821
14.7872,0.1821
14.8538,0.1821
14.9205,0.1821
14.9871,0.1821
15.0537,0.1821
15.1203,0.1821
15.1869,0.1821
15.2535,0.1821
15.3201,0.1821
15.3867,0.1821
15.4533,0.1819
15.5199,0.1819
15.5865,0.1819
15.6532,0.1819
15.7198,0.1819
15.7864,0.1819
15.853,0.1819
15.9196,0.1819
15.9862,0.1819
16.0528,0.1819
16.1194,0.1819
16.186,0.18
16.2526,0.18
16.3192,0.18
16.3859,0.18
16.4525,0.18
16.5191,0.18
16.5857,0.18
16.6523,0.18
16.7189,0.18
16.7855,0.18
16.8521,0.18
16.9187,0.178714
16.9853,0.178714
17.052,0.178714
17.1186,0.178714
17.1852,0.178714
17.2518,0.178714
17.3184,0.178714
17.385,0.178714
17.4516,0.178714
17.5182,0.178714
17.5848,0.178714
17.6514,0.17938
17.718,0.17938
17.7847,0.17938
17.8513,0.17938
17.9179,0.17938
17.9845,0.17938
18.0511,0.17938
18.1177,0.17938
18.1843,0.17938
18.2509,0.17938
18.3175,0.17938
18.3841,0.1794
18.4507,0.1794
18.5174,0.1794
18.584,0.1794
18.6506,0.1794
18.7172,0.1794
18.7838,0.1794
18.8504,0.1794
18.917,0.1794
18.9836,0.1794
19.0502,0.1794
19.1168,0.17737
19.1834,0.17737
19.2501,0.17737
19.3167,0.17737
19.3833,0.17737
19.4499,0.17737
19.5165,0.17737
19.5831,0.17737
19.6497,0.17737
19.7163,0.17737
19.7829,0.17737
19.8495,0.176774
19.9161,0.176774
19.9828,0.176774
20.0494,0.176774
20.116,0.176774
20.1826,0.176774
20.2492,0.176774
20.3158,0.176774
20.3824,0.176774
20.449,0.176774
20.5156,0.176774
20.5822,0.177981
20.6488,0.177981
20.7155,0.177981
20.7821,0.177981
20.8487,0.177981
20.9153,0.177981
20.9819,0.177981
21.0485,0.177981
21.1151,0.177981
21.1817,0.177981
21.2483,0.177981
21.3149,0.179392
21.3815,0.179392
21.4482,0.179392
21.5148,0.179392
21.5814,0.179392
21.648,0.179392
21.7146,0.179392
21.7812,0.179392
21.8478,0.179392
21.9144,0.179392
21.981,0.179392
22.0476,0.181128
22.1142,0.181128
22.1809,0.181128
22.2475,0.181128
22.3141,0.181128
22.3807,0.181128
22.4473,0.181128
22.5139,0.181128
22.5805,0.181128
22.6471,0.181128
22.7137,0.181128
22.7803,0.186011
22.8469,0.186011
22.9136,0.186011
22.9802,0.186011
23.0468,0.186011
23.1134,0.186011
23.18,0.186011
23.2466,0.186011
23.3132,0.186011
23.3798,0.186011
23.4464,0.186011
23.513,0.188296
23.5796,0.188296
23.6463,0.188296
23.7129,0.188296
23.7795,0.188296
23.8461,0.188296
23.9127,0.188296
23.9793,0.188296
24.0459,0.188296
24.1125,0.188296
24.1791,0.188296
24.2457,0.189248
24.3124,0.189248
24.379,0.189248
24.4456,0.189248
24.5122,0.189248
24.5788,0.189248
24.6454,0.189248
24.712,0.189248
24.7786,0.189248
24.8452,0.189248
24.9118,0.189248
24.9784,0.189436
25.0451,0.189436
25.1117,0.189436
25.1783,0.189436
25.2449,0.189436
25.3115,0.189436
25.3781,0.189436
25.4447,0.189436
25.5113,0.189436
25.5779,0.189436
25.6445,0.189436
25.7111,0.18665
25.7778,0.18665
25.8444,0.18665
25.911,0.18665
25.9776,0.18665
26.0442,0.18665
26.1108,0.18665
26.1774,0.18665
26.244,0.18665
26.3106,0.18665
26.3772,0.18665
26.4438,0.190416
26.5105,0.190416
26.5771,0.190416
26.6437,0.190416
26.7103,0.190416
26.7769,0.190416
26.8435,0.190416
26.9101,0.190416
26.9767,0.190416
27.0433,0.190416
27.1099,0.190416
27.1765,0.196795
27.2432,0.196795
27.3098,0.196795
27.3764,0.196795
27.443,0.196795
27.5096,0.196795
27.5762,0.196795
27.6428,0.196795
27.7094,0.196795
27.776,0.196795
27.8426,0.196795
27.9092,0.218948
27.9759,0.218948
28.0425,0.218948
28.1091,0.218948
28.1757,0.218948
28.2423,0.218948
28.3089,0.218948
28.3755,0.218948
28.4421,0.218948
28.5087,0.218948
28.5753,0.218948
28.6419,0.235105
28.7086,0.235105
28.7752,0.235105
28.8418,0.235105
28.9084,0.235105
28.975,0.235105
29.0416,0.235105
29.1082,0.235105
29.1748,0.235105
29.2414,0.235105
29.308,0.235105
29.3746,0.255118
29.4413,0.255118
29.5079,0.255118
29.5745,0.255118
29.6411,0.255118
29.7077,0.255118
29.7743,0.255118
29.8409,0.255118
29.9075,0.255118
29.9741,0.255118
30.0407,0.255118
30.1073,0.272686
30.174,0.272686
30.2406,0.272686
30.3072,0.272686
30.3738,0.272686
30.4404,0.272686
30.507,0.272686
30.5736,0.272686
30.6402,0.272686
30.7068,0.272686
30.7734,0.272686
30.8401,0.279477
30.9067,0.279477
30.9733,0.279477
31.0399,0.279477
31.1065,0.279477
31.1731,0.279477
31.2397,0.279477
31.3063,0.279477
31.3729,0.279477
31.4395,0.279477
31.5061,0.279477
31.5728,0.284712
31.6394,0.284712
31.706,0.284712
31.7726,0.284712
31.8392,0.284712
31.9058,0.284712
31.9724,0.284712
32.039,0.284712
32.1056,0.284712
32.1722,0.284712
32.2388,0.284712
32.3055,0.284183
32.3721,0.284183
32.4387,0.284183
32.5053,0.284183
32.5719,0.284183
32.6385,0.284183
32.7051,0.284183
32.7717,0.284183
32.8383,0.284183
32.9049,0.284183
32.9715,0.284183
33.0382,0.281346
33.1048,0.281346
33.1714,0.281346
33.238,0.281346
33.3046,0.281346
33.3712,0.281346
33.4378,0.281346
33.5044,0.281346
33.571,0.281346
33.6376,0.281346
33.7042,0.281346
33.7709,0.323069
33.8375,0.323069
33.9041,0.323069
33.9707,0.323069
34.0373,0.323069
34.1039,0.323069
34.1705,0.323069
34.2371,0.323069
34.3037,0.323069
34.3703,0.323069
34.4369,0.323069
34.5036,0.352369
34.5702,0.352369
34.6368,0.352369
34.7034,0.352369
34.77,0.352369
34.8366,0.352369
34.9032,0.352369
34.9698,0.352369
35.0364,0.352369
35.103,0.352369
35.1696,0.352369
35.2363,0.373969
35.3029,0.373969
35.3695,0.373969
35.4361,0.373969
35.5027,0.373969
35.5693,0.373969
35.6359,0.373969
35.7025,0.373969
35.7691,0.373969
35.8357,0.373969
35.9023,0.373969
35.969,0.380576
36.0356,0.380576
36.1022,0.380576
36.1688,0.380576
36.2354,0.380576
36.302,0.380576
36.3686,0.380576
36.4352,0.380576
36.5018,0.380576
36.5684,0.380576
36.635,0.380576
36.7017,0.372692
36.7683,0.372692
36.8349,0.372692
36.9015,0.372692
36.9681,0.372692
37.0347,0.372692
37.1013,0.372692
37.1679,0.372692
37.2345,0.372692
37.3011,0.372692
37.3678,0.372692
37.4344,0.363832
37.501,0.363832
37.5676,0.363832
37.6342,0.363832
37.7008,0.363832
37.7674,0.363832
37.834,0.363832
37.9006,0.363832
37.9672,0.363832
38.0338,0.363832
38.1005,0.363832
38.1671,0.375372
38.2337,0.375372
38.3003,0.375372
38.3669,0.375372
38.4335,0.375372
38.5001,0.375372
38.5667,0.375372
38.6333,0.375372
38.6999,0.375372
38.7665,0.375372
38.8332,0.375372
38.8998,0.409951
38.9664,0.409951
39.033,0.409951
39.0996,0.409951
39.1662,0.409951
39.2328,0.409951
39.2994,0.409951
39.366,0.409951
39.4326,0.409951
39.4992,0.409951
39.5659,0.409951
39.6325,0.446051
39.6991,0.446051
39.7657,0.446051
39.8323,0.446051
39.8989,0.446051
39.9655,0.446051
40.0321,0.446051
40.0987,0.446051
40.1653,0.446051
40.2319,0.446051
40.2986,0.446051
40.3652,0.485461
40.4318,0.485461
40.4984,0.485461
40.565,0.485461
40.6316,0.485461
40.6982,0.485461
40.7648,0.485461
40.8314,0.485461
40.898,0.485461
40.9646,0.485461
41.0313,0.485461
41.0979,0.53242
41.1645,0.53242
41.2311,0.53242
41.2977,0.53242
41.3643,0.53242
41.4309,0.53242
41.4975,0.53242
41.5641,0.53242
41.6307,0.53242
41.6973,0.53242
41.764,0.53242
41.8306,0.555646
41.8972,0.555646
41.9638,0.555646
42.0304,0.555646
42.097,0.555646
42.1636,0.555646
42.2302,0.555646
42.2968,0.555646
42.3634,0.555646
42.43,0.555646
42.4967,0.555646
42.5633,0.565698
42.6299,0.565698
42.6965,0.565698
42.7631,0.565698
42.8297,0.565698
42.8963,0.565698
42.9629,0.565698
43.0295,0.565698
43.0961,0.565698
43.1627,0.565698
43.2294,0.565698
43.296,0.569562
43.3626,0.569562
43.4292,0.569562
43.4958,0.569562
43.5624,0.569562
43.629,0.569562
43.6956,0.569562
43.7622,0.569562
43.8288,0.569562
43.8954,0.569562
43.9621,0.569562
44.0287,0.569859
44.0953,0.569859
44.1619,0.569859
44.2285,0.569859
44.2951,0.569859
44.3617,0.569859
44.4283,0.569859
44.4949,0.569859
44.5615,0.569859
44.6282,0.569859
44.6948,0.569859
44.7614,0.57486
44.828,0.57486
44.8946,0.57486
44.9612,0.57486
45.0278,0.57486
45.0944,0.57486
45.161,0.57486
45.2276,0.57486
45.2942,0.57486
45.3609,0.57486
45.4275,0.57486
45.4941,0.584715
45.5607,0.584715
45.6273,0.584715
45.6939,0.584715
45.7605,0.584715
45.8271,0.584715
45.8937,0.584715
45.9603,0.584715
46.0269,0.584715
46.0936,0.584715
46.1602,0.584715
46.2268,0.592619
46.2934,0.592619
46.36,0.592619
46.4266,0.592619
46.4932,0.592619
46.5598,0.592619
46.6264,0.592619
46.693,0.592619
46.7596,0.592619
46.8263,0.592619
46.8929,0.592619
46.9595,0.598835
47.0261,0.598835
47.0927,0.598835
47.1593,0.598835
47.2259,0.598835
47.2925,0.598835
47.3591,0.598835
47.4257,0.598835
47.4923,0.598835
47.559,0.598835
47.6256,0.598835
47.6922,0.601734
47.7588,0.601734
47.8254,0.601734
47.892,0.601734
47.9586,0.601734
48.0252,0.601734
48.0918,0.601734
48.1584,0.601734
48.225,0.601734
48.2917,0.601734
48.3583,0.601734
48.4249,0.602616
48.4915,0.602616
48.5581,0.602616
48.6247,0.602616
48.6913,0.602616
48.7579,0.602616
48.8245,0.602616
48.8911,0.602616
48.9577,0.602616
49.0244,0.602616
49.091,0.602616
49.1576,0.601668
49.2242,0.601668
49.2908,0.601668
49.3574,0.601668
49.424,0.601668
49.4906,0.601668
49.5572,0.601668
49.6238,0.601668
49.6904,0.601668
49.7571,0.601668
49.8237,0.601668
49.8903,0.60543
49.9569,0.60543
50.0235,0.60543
50.0901,0.60543
50.1567,0.60543
50.2233,0.60543
50.2899,0.60543
50.3565,0.60543
50.4231,0.60543
50.4898,0.60543
50.5564,0.60543
50.623,0.604838
50.6896,0.604838
50.7562,0.604838
50.8228,0.604838
50.8894,0.604838
50.956,0.604838
51.0226,0.604838
51.0892,0.604838
51.1559,0.604838
51.2225,0.604838
51.2891,0.604838
51.3557,0.606409
51.4223,0.606409
51.4889,0.606409
51.5555,0.606409
51.6221,0.606409
51.6887,0.606409
51.7553,0.606409
51.8219,0.606409
51.8886,0.606409
51.9552,0.606409
52.0218,0.606409
52.0884,0.60764
52.155,0.60764
52.2216,0.60764
52.2882,0.60764
52.3548,0.60764
52.4214,0.60764
52.488,0.60764
52.5546,0.60764
52.6213,0.60764
52.6879,0.60764
52.7545,0.60764
52.8211,0.626752
52.8877,0.626752
52.9543,0.626752
53.0209,0.626752
53.0875,0.626752
53.1541,0.626752
53.2207,0.626752
53.2873,0.626752
53.354,0.626752
53.4206,0.626752
53.4872,0.626752
53.5538,0.633124
53.6204,0.633124
53.687,0.633124
53.7536,0.633124
53.8202,0.633124
53.8868,0.633124
53.9534,0.633124
54.02,0.633124
54.0867,0.633124
54.1533,0.633124
54.2199,0.633124
54.2865,0.634793
54.3531,0.634793
54.4197,0.634793
54.4863,0.634793
54.5529,0.634793
54.6195,0.634793
54.6861,0.634793
54.7527,0.634793
54.8194,0.634793
54.886,0.634793
54.9526,0.634793
55.0192,0.644296
55.0858,0.644296
55.1524,0.644296
55.219,0.644296
55.2856,0.644296
55.3522,0.644296
55.4188,0.644296
55.4854,0.644296
55.5521,0.644296
55.6187,0.644296
55.6853,0.644296
55.7519,0.648481
55.8185,0.648481
55.8851,0.648481
55.9517,0.648481
56.0183,0.648481
56.0849,0.648481
56.1515,0.648481
56.2181,0.648481
56.2848,0.648481
56.3514,0.648481
56.418,0.648481
56.4846,0.655049
56.5512,0.655049
56.6178,0.655049
56.6844,0.655049
56.751,0.655049
56.8176,0.655049
56.8842,0.655049
56.9508,0.655049
57.0175,0.655049
57.0841,0.655049
57.1507,0.655049
57.2173,0.652901
57.2839,0.652901
57.3505,0.652901
57.4171,0.652901
57.4837,0.652901
57.5503,0.652901
57.6169,0.652901
57.6836,0.652901
57.7502,0.652901
57.8168,0.652901
57.8834,0.652901
57.95,0.653376
58.0166,0.653376
58.0832,0.653376
58.1498,0.653376
58.2164,0.653376
58.283,0.653376
58.3496,0.653376
58.4163,0.653376
58.4829,0.653376
58.5495,0.653376
58.6161,0.653376
58.6827,0.650668
58.7493,0.650668
58.8159,0.650668
58.8825,0.650668
58.9491,0.650668
59.0157,0.650668
59.0823,0.650668
59.149,0.650668
59.2156,0.650668
59.2822,0.650668
59.3488,0.650668
59.4154,0.651475
59.482,0.651475
59.5486,0.651475
59.6152,0.651475
59.6818,0.651475
59.7484,0.651475
59.815,0.651475
59.8817,0.651475
59.9483,0.651475
60.0149,0.651475
60.0815,0.651475
60.1481,0.651816
60.2147,0.651816
60.2813,0.651816
60.3479,0.651816
60.4145,0.651816
60.4811,0.651816
60.5477,0.651816
60.6144,0.651816
60.681,0.651816
60.7476,0.651816
60.8142,0.651816
60.8808,0.651589
60.9474,0.651589
61.014,0.651589
61.0806,0.651589
61.1472,0.651589
61.2138,0.651589
61.2804,0.651589
61.3471,0.651589
61.4137,0.651589
61.4803,0.651589
61.5469,0.651589
61.6135,0.648642
61.6801,0.648642
61.7467,0.648642
61.8133,0.648642
61.8799,0.648642
61.9465,0.648642
62.0131,0.648642
62.0798,0.648642
62.1464,0.648642
62.213,0.648642
62.2796,0.648642
62.3462,0.652502
62.4128,0.652502
62.4794,0.652502
62.546,0.652502
62.6126,0.652502
62.6792,0.652502
62.7458,0.652502
62.8125,0.652502
62.8791,0.652502
62.9457,0.652502
63.0123,0.652502
63.0789,0.654959
63.1455,0.654959
63.2121,0.654959
63.2787,0.654959
63.3453,0.654959
63.4119,0.654959
63.4785,0.654959
63.5452,0.654959
63.6118,0.654959
63.6784,0.654959
63.745,0.654959
63.8116,0.656029
63.8782,0.656029
63.9448,0.656029
64.0114,0.656029
64.078,0.656029
64.1446,0.656029
64.2112,0.656029
64.2779,0.656029
64.3445,0.656029
64.4111,0.656029
64.4777,0.656029
64.5443,0.655962
64.6109,0.655962
64.6775,0.655962
64.7441,0.655962
64.8107,0.655962
64.8773,0.655962
64.944,0.655962
65.0106,0.655962
65.0772,0.655962
65.1438,0.655962
65.2104,0.655962
65.277,0.654226
65.3436,0.654226
65.4102,0.654226
65.4768,0.654226
65.5434,0.654226
65.61,0.654226
65.6767,0.654226
65.7433,0.654226
65.8099,0.654226
65.8765,0.654226
65.9431,0.654226
66.0097,0.651589
66.0763,0.651589
66.1429,0.651589
66.2095,0.651589
66.2761,0.651589
66.3427,0.651589
66.4094,0.651589
66.476,0.651589
66.5426,0.651589
66.6092,0.651589
66.6758,0.651589
66.7424,0.652866
66.809,0.652866
66.8756,0.652866
66.9422,0.652866
67.0088,0.652866
67.0754,0.652866
67.1421,0.652866
67.2087,0.652866
67.2753,0.652866
67.3419,0.652866
67.4085,0.652866
67.4751,0.650946
67.5417,0.650946
67.6083,0.650946
67.6749,0.650946
67.7415,0.650946
67.8081,0.650946
67.8748,0.650946
67.9414,0.650946
68.008,0.650946
68.0746,0.650946
68.1412,0.650946
68.2078,0.650033
68.2744,0.650033
68.341,0.650033
68.4076,0.650033
68.4742,0.650033
68.5408,0.650033
68.6075,0.650033
68.6741,0.650033
68.7407,0.650033
68.8073,0.650033
68.8739,0.650033
68.9405,0.647882
69.0071,0.647882
69.0737,0.647882
69.1403,0.647882
69.2069,0.647882
69.2735,0.647882
69.3402,0.647882
69.4068,0.647882
69.4734,0.647882
69.54,0.647882
69.6066,0.647882
69.6732,0.646428
69.7398,0.646428
69.8064,0.646428
69.873,0.646428
69.9396,0.646428
70.0062,0.646428
70.0729,0.646428
70.1395,0.646428
70.2061,0.646428
70.2727,0.646428
70.3393,0.646428
70.4059,0.644876
70.4725,0.644876
70.5391,0.644876
70.6057,0.644876
70.6723,0.644876
70.7389,0.644876
70.8056,0.644876
70.8722,0.644876
70.9388,0.644876
71.0054,0.644876
71.072,0.644876
71.1386,0.641894
71.2052,0.641894
71.2718,0.641894
71.3384,0.641894
71.405,0.641894
71.4717,0.641894
71.5383,0.641894
71.6049,0.641894
71.6715,0.641894
71.7381,0.641894
71.8047,0.641894
71.8713,0.641984
71.9379,0.641984
72.0045,0.641984
72.0711,0.641984
72.1377,0.641984
72.2044,0.641984
72.271,0.641984
72.3376,0.641984
72.4042,0.641984
72.4708,0.641984
72.5374,0.641984
72.604,0.65084
72.6706,0.65084
72.7372,0.65084
72.8038,0.65084
72.8704,0.65084
72.9371,0.65084
73.0037,0.65084
73.0703,0.65084
73.1369,0.65084
73.2035,0.65084
73.2701,0.65084
73.3367,0.648928
73.4033,0.648928
73.4699,0.648928
73.5365,0.648928
73.6031,0.648928
73.6698,0.648928
73.7364,0.648928
73.803,0.648928
73.8696,0.648928
73.9362,0.648928
74.0028,0.648928
74.0694,0.64767
74.136,0.64767
74.2026,0.64767
74.2692,0.64767
74.3358,0.64767
74.4025,0.64767
74.4691,0.64767
74.5357,0.64767
74.6023,0.64767
74.6689,0.64767
74.7355,0.64767
74.8021,0.645914
74.8687,0.645914
74.9353,0.645914
75.0019,0.645914
75.0685,0.645914
75.1352,0.645914
75.2018,0.645914
75.2684,0.645914
75.335,0.645914
75.4016,0.645914
75.4682,0.645914
75.5348,0.649774
75.6014,0.649774
75.668,0.649774
75.7346,0.649774
75.8012,0.649774
75.8679,0.649774
75.9345,0.649774
76.0011,0.649774
76.0677,0.649774
76.1343,0.649774
76.2009,0.649774
76.2675,0.648916
76.3341,0.648916
76.4007,0.648916
76.4673,0.648916
76.5339,0.648916
76.6006,0.648916
76.6672,0.648916
76.7338,0.648916
76.8004,0.648916
76.867,0.648916
76.9336,0.648916
77.0002,0.644892
77.0668,0.644892
77.1334,0.644892
77.2,0.644892
77.2666,0.644892
77.3333,0.644892
77.3999,0.644892
77.4665,0.644892
77.5331,0.644892
77.5997,0.644892
77.6663,0.644892
77.7329,0.644421
77.7995,0.644421
77.8661,0.644421
77.9327,0.644421
77.9994,0.644421
78.066,0.644421
78.1326,0.644421
78.1992,0.644421
78.2658,0.644421
78.3324,0.644421
78.399,0.644421
78.4656,0.644033
78.5322,0.644033
78.5988,0.644033
78.6654,0.644033
78.7321,0.644033
78.7987,0.644033
78.8653,0.644033
78.9319,0.644033
78.9985,0.644033
79.0651,0.644033
79.1317,0.644033
79.1983,0.65209
79.2649,0.65209
79.3315,0.65209
79.3981,0.65209
79.4648,0.65209
79.5314,0.65209
79.598,0.65209
79.6646,0.65209
79.7312,0.65209
79.7978,0.65209
79.8644,0.65209
79.931,0.65584
79.9976,0.65584
80.0642,0.65584
80.1308,0.65584
80.1975,0.65584
80.2641,0.65584
80.3307,0.65584
80.3973,0.65584
80.4639,0.65584
80.5305,0.65584
80.5971,0.65584
80.6637,0.65827
80.7303,0.65827
80.7969,0.65827
80.8635,0.65827
80.9302,0.65827
80.9968,0.65827
81.0634,0.65827
81.13,0.65827
81.1966,0.65827
81.2632,0.65827
81.3298,0.65827
81.3964,0.655982
81.463,0.655982
81.5296,0.655982
81.5962,0.655982
81.6629,0.655982
81.7295,0.655982
81.7961,0.655982
81.8627,0.655982
81.9293,0.655982
81.9959,0.655982
82.0625,0.655982
82.1291,0.657776
82.1957,0.657776
82.2623,0.657776
82.3289,0.657776
82.3956,0.657776
82.4622,0.657776
82.5288,0.657776
82.5954,0.657776
82.662,0.657776
82.7286,0.657776
82.7952,0.657776
82.8618,0.662385
82.9284,0.662385
82.995,0.662385
83.0616,0.662385
83.1283,0.662385
83.1949,0.662385
83.2615,0.662385
83.3281,0.662385
83.3947,0.662385
83.4613,0.662385
83.5279,0.662385
83.5945,0.660978
83.6611,0.660978
83.7277,0.660978
83.7943,0.660978
83.861,0.660978
83.9276,0.660978
83.9942,0.660978
84.0608,0.660978
84.1274,0.660978
84.194,0.660978
84.2606,0.660978
84.3272,0.658325
84.3938,0.658325
84.4604,0.658325
84.527,0.658325
84.5937,0.658325
84.6603,0.658325
84.7269,0.658325
84.7935,0.658325
84.8601,0.658325
84.9267,0.658325
84.9933,0.658325
85.0599,0.657498
85.1265,0.657498
85.1931,0.657498
85.2598,0.657498
85.3264,0.657498
85.393,0.657498
85.4596,0.657498
85.5262,0.657498
85.5928,0.657498
85.6594,0.657498
85.726,0.657498
85.7926,0.657651
85.8592,0.657651
85.9258,0.657651
85.9925,0.657651
86.0591,0.657651
86.1257,0.657651
86.1923,0.657651
86.2589,0.657651
86.3255,0.657651
86.3921,0.657651
86.4587,0.657651
86.5253,0.654022
86.5919,0.654022
86.6585,0.654022
86.7252,0.654022
86.7918,0.654022
86.8584,0.654022
86.925,0.654022
86.9916,0.654022
87.0582,0.654022
87.1248,0.654022
87.1914,0.654022
87.258,0.652886
87.3246,0.652886
87.3912,0.652886
87.4579,0.652886
87.5245,0.652886
87.5911,0.652886
87.6577,0.652886
87.7243,0.652886
87.7909,0.652886
87.8575,0.652886
87.9241,0.652886
87.9907,0.650895
88.0573,0.650895
88.1239,0.650895
88.1906,0.650895
88.2572,0.650895
88.3238,0.650895
88.3904,0.650895
88.457,0.650895
88.5236,0.650895
88.5902,0.650895
88.6568,0.650895
88.7234,0.649998
88.79,0.649998
88.8566,0.649998
88.9233,0.649998
88.9899,0.649998
89.0565,0.649998
89.1231,0.649998
89.1897,0.649998
89.2563,0.649998
89.3229,0.649998
89.3895,0.649998
89.4561,0.6491
89.5227,0.6491
89.5893,0.6491
89.656,0.6491
89.7226,0.6491
89.7892,0.6491
89.8558,0.6491
89.9224,0.6491
89.989,0.6491
90.0556,0.6491
90.1222,0.6491
90.1888,0.650252
90.2554,0.650252
90.322,0.650252
90.3887,0.650252
90.4553,0.650252
90.5219,0.650252
90.5885,0.650252
90.6551,0.650252
90.7217,0.650252
90.7883,0.650252
90.8549,0.650252
90.9215,0.654724
90.9881,0.654724
91.0547,0.654724
91.1214,0.654724
91.188,0.654724
91.2546,0.654724
91.3212,0.654724
91.3878,0.654724
91.4544,0.654724
91.521,0.654724
91.5876,0.654724
91.6542,0.658109
91.7208,0.658109
91.7875,0.658109
91.8541,0.658109
91.9207,0.658109
91.9873,0.658109
92.0539,0.658109
92.1205,0.658109
92.1871,0.658109
92.2537,0.658109
92.3203,0.658109
92.3869,0.65914
92.4535,0.65914
92.5202,0.65914
92.5868,0.65914
92.6534,0.65914
92.72,0.65914
92.7866,0.65914
92.8532,0.65914
92.9198,0.65914
92.9864,0.65914
93.053,0.65914
93.1196,0.655535
93.1862,0.655535
93.2529,0.655535
93.3195,0.655535
93.3861,0.655535
93.4527,0.655535
93.5193,0.655535
93.5859,0.655535
93.6525,0.655535
93.7191,0.655535
93.7857,0.655535
93.8523,0.654982
93.9189,0.654982
93.9856,0.654982
94.0522,0.654982
94.1188,0.654982
94.1854,0.654982
94.252,0.654982
94.3186,0.654982
94.3852,0.654982
94.4518,0.654982
94.5184,0.654982
94.585,0.653901
94.6516,0.653901
94.7183,0.653901
94.7849,0.653901
94.8515,0.653901
94.9181,0.653901
94.9847,0.653901
95.0513,0.653901
95.1179,0.653901
95.1845,0.653901
95.2511,0.653901
95.3177,0.66677
95.3843,0.66677
95.451,0.66677
95.5176,0.66677
95.5842,0.66677
95.6508,0.66677
95.7174,0.66677
95.784,0.66677
95.8506,0.66677
95.9172,0.66677
95.9838,0.66677
96.0504,0.684972
96.117,0.684972
96.1837,0.684972
96.2503,0.684972
96.3169,0.684972
96.3835,0.684972
96.4501,0.684972
96.5167,0.684972
96.5833,0.684972
96.6499,0.684972
96.7165,0.684972
96.7831,0.701568
96.8497,0.701568
96.9164,0.701568
96.983,0.701568
97.0496,0.701568
97.1162,0.701568
97.1828,0.701568
97.2494,0.701568
97.316,0.701568
97.3826,0.701568
97.4492,0.701568
97.5158,0.719179
97.5824,0.719179
97.6491,0.719179
97.7157,0.719179
97.7823,0.719179
97.8489,0.719179
97.9155,0.719179
97.9821,0.719179
98.0487,0.719179
98.1153,0.719179
98.1819,0.719179
98.2485,0.732409
98.3152,0.732409
98.3818,0.732409
98.4484,0.732409
98.515,0.732409
98.5816,0.732409
98.6482,0.732409
98.7148,0.732409
98.7814,0.732409
98.848,0.732409
98.9146,0.732409
98.9812,0.743518
99.0479,0.743518
99.1145,0.743518
99.1811,0.743518
99.2477,0.743518
99.3143,0.743518
99.3809,0.743518
99.4475,0.743518
99.5141,0.743518
99.5807,0.743518
99.6473,0.743518
99.7139,0.75038
99.7806,0.75038
99.8472,0.75038
99.9138,0.75038
99.9804,0.75038
100.047,0.75038
100.114,0.75038
100.18,0.75038
100.247,0.75038
100.313,0.75038
100.38,0.75038
100.447,0.751274
100.513,0.751274
100.58,0.751274
100.646,0.751274
100.713,0.751274
100.78,0.751274
100.846,0.751274
100.913,0.751274
100.98,0.751274
101.046,0.751274
101.113,0.751274
101.179,0.732652
101.246,0.732652
101.313,0.732652
101.379,0.732652
101.446,0.732652
101.512,0.732652
101.579,0.732652
101.646,0.732652
101.712,0.732652
101.779,0.732652
101.845,0.732652
101.912,0.661801
101.979,0.661801
102.045,0.661801
102.112,0.661801
102.178,0.661801
102.245,0.661801
102.312,0.661801
102.378,0.661801
102.445,0.661801
102.512,0.661801
102.578,0.661801
102.645,0.65218
102.711,0.65218
102.778,0.65218
102.845,0.65218
102.911,0.65218
102.978,0.65218
103.044,0.65218
103.111,0.65218
103.178,0.65218
103.244,0.65218
103.311,0.65218
103.377,0.608275
103.444,0.608275
103.511,0.608275
103.577,0.608275
103.644,0.608275
103.71,0.608275
103.777,0.608275
103.844,0.608275
103.91,0.608275
103.977,0.608275
104.044,0.608275
104.11,0.579946
104.177,0.579946
104.243,0.579946
104.31,0.579946
104.377,0.579946
104.443,0.579946
104.51,0.579946
104.576,0.579946
104.643,0.579946
104.71,0.579946
104.776,0.579946
104.843,0.575122
104.909,0.575122
104.976,0.575122
105.043,0.575122
105.109,0.575122
105.176,0.575122
105.243,0.575122
105.309,0.575122
105.376,0.575122
105.442,0.575122
105.509,0.575122
105.576,0.596534
105.642,0.596534
105.709,0.596534
105.775,0.596534
105.842,0.596534
105.909,0.596534
105.975,0.596534
106.042,0.596534
106.108,0.596534
106.175,0.596534
106.242,0.596534
106.308,0.595398
106.375,0.595398
106.441,0.595398
106.508,0.595398
106.575,0.595398
106.641,0.595398
106.708,0.595398
106.775,0.595398
106.841,0.595398
106.908,0.595398
106.974,0.595398
107.041,0.606029
107.108,0.606029
107.174,0.606029
107.241,0.606029
107.307,0.606029
107.374,0.606029
107.441,0.606029
107.507,0.606029
107.574,0.606029
107.64,0.606029
107.707,0.606029
107.774,0.559565
107.84,0.559565
107.907,0.559565
107.973,0.559565
108.04,0.559565
108.107,0.559565
108.173,0.559565
108.24,0.559565
108.307,0.559565
108.373,0.559565
108.44,0.559565
108.506,0.55304
108.573,0.55304
108.64,0.55304
108.706,0.55304
108.773,0.55304
108.839,0.55304
108.906,0.55304
108.973,0.55304
109.039,0.55304
109.106,0.55304
109.172,0.55304
109.239,0.561505
109.306,0.561505
109.372,0.561505
109.439,0.561505
109.505,0.561505
109.572,0.561505
109.639,0.561505
109.705,0.561505
109.772,0.561505
109.839,0.561505
109.905,0.561505
109.972,0.54072
110.038,0.54072
110.105,0.54072
110.172,0.54072
110.238,0.54072
110.305,0.54072
110.371,0.54072
110.438,0.54072
110.505,0.54072
110.571,0.54072
110.638,0.54072
110.704,0.553162
110.771,0.553162
110.838,0.553162
110.904,0.553162
110.971,0.553162
111.038,0.553162
111.104,0.553162
111.171,0.553162
111.237,0.553162
111.304,0.553162
111.371,0.553162
111.437,0.538404
111.504,0.538404
111.57,0.538404
111.637,0.538404
111.704,0.538404
111.77,0.538404
111.837,0.538404
111.903,0.538404
111.97,0.538404
112.037,0.538404
112.103,0.538404
112.17,0.499886
112.236,0.499886
112.303,0.499886
112.37,0.499886
112.436,0.499886
112.503,0.499886
112.57,0.499886
112.636,0.499886
112.703,0.499886
112.769,0.499886
112.836,0.499886
112.903,0.522964
112.969,0.522964
113.036,0.522964
113.102,0.522964
113.169,0.522964
113.236,0.522964
113.302,0.522964
113.369,0.522964
113.435,0.522964
113.502,0.522964
113.569,0.522964
113.635,0.568872
113.702,0.568872
113.768,0.568872
113.835,0.568872
113.902,0.568872
113.968,0.568872
114.035,0.568872
114.102,0.568872
114.168,0.568872
114.235,0.568872
114.301,0.568872
114.368,0.541695
114.435,0.541695
114.501,0.541695
114.568,0.541695
114.634,0.541695
114.701,0.541695
114.768,0.541695
114.834,0.541695
114.901,0.541695
114.967,0.541695
115.034,0.541695
115.101,0.529622
115.167,0.529622
115.234,0.529622
115.3,0.529622
115.367,0.529622
115.434,0.529622
115.5,0.529622
115.567,0.529622
115.634,0.529622
115.7,0.529622
115.767,0.529622
115.833,0.419376
115.9,0.419376
115.967,0.419376
116.033,0.419376
116.1,0.419376
116.166,0.419376
116.233,0.419376
116.3,0.419376
116.366,0.419376
116.433,0.419376
116.499,0.419376
116.566,0.336087
116.633,0.336087
116.699,0.336087
116.766,0.336087
116.833,0.336087
116.899,0.336087
116.966,0.336087
117.032,0.336087
117.099,0.336087
117.166,0.336087
117.232,0.336087
117.299,0.324084
117.365,0.324084
117.432,0.324084
117.499,0.324084
117.565,0.324084
117.632,0.324084
117.698,0.324084
117.765,0.324084
117.832,0.324084
117.898,0.324084
117.965,0.324084
118.031,0.330444
118.098,0.330444
118.165,0.330444
118.231,0.330444
118.298,0.330444
118.365,0.330444
118.431,0.330444
118.498,0.330444
118.564,0.330444
118.631,0.330444
118.698,0.330444
118.764,0.308499
118.831,0.308499
118.897,0.308499
118.964,0.308499
119.031,0.308499
119.097,0.308499
119.164,0.308499
119.23,0.308499
119.297,0.308499
119.364,0.308499
119.43,0.308499
119.497,0.263876
119.563,0.263876
119.63,0.263876
119.697,0.263876
119.763,0.263876
119.83,0.263876
119.897,0.263876
119.963,0.263876
120.03,0.263876
120.096,0.263876
120.163,0.263876
120.23,0.239482
120.296,0.239482
120.363,0.239482
120.429,0.239482
120.496,0.239482
120.563,0.239482
120.629,0.239482
120.696,0.239482
120.762,0.239482
120.829,0.239482
120.896,0.239482
120.962,0.227213
121.029,0.227213
121.095,0.227213
121.162,0.227213
121.229,0.227213
121.295,0.227213
121.362,0.227213
121.429,0.227213
121.495,0.227213
121.562,0.227213
121.628,0.227213
121.695,0.255032
121.762,0.255032
121.828,0.255032
121.895,0.255032
121.961,0.255032
122.028,0.255032
122.095,0.255032
122.161,0.255032
122.228,0.255032
122.294,0.255032
122.361,0.255032
122.428,0.226707
122.494,0.226707
122.561,0.226707
122.628,0.226707
122.694,0.226707
122.761,0.226707
122.827,0.226707
122.894,0.226707
122.961,0.226707
123.027,0.226707
123.094,0.226707
123.16,0.186238
123.227,0.186238
123.294,0.186238
123.36,0.186238
123.427,0.186238
123.493,0.186238
123.56,0.186238
123.627,0.186238
123.693,0.186238
123.76,0.186238
123.826,0.186238
123.893,0.169932
123.96,0.169932
124.026,0.169932
124.093,0.169932
124.16,0.169932
124.226,0.169932
124.293,0.169932
124.359,0.169932
124.426,0.169932
124.493,0.169932
124.559,0.169932
124.626,0.172225
124.692,0.172225
124.759,0.172225
124.826,0.172225
124.892,0.172225
124.959,0.172225
125.025,0.172225
125.092,0.172225
125.159,0.172225
125.225,0.172225
125.292,0.172225
125.358,0.17826
125.425,0.17826
125.492,0.17826
125.558,0.17826
125.625,0.17826
125.692,0.17826
125.758,0.17826
125.825,0.17826
125.891,0.17826
125.958,0.17826
126.025,0.17826
126.091,0.219814
126.158,0.219814
126.224,0.219814
126.291,0.219814
126.358,0.219814
126.424,0.219814
126.491,0.219814
126.557,0.219814
126.624,0.219814
126.691,0.219814
126.757,0.219814
126.824,0.289548
126.89,0.289548
126.957,0.289548
127.024,0.289548
127.09,0.289548
127.157,0.289548
127.224,0.289548
127.29,0.289548
127.357,0.289548
127.423,0.289548
127.49,0.289548
127.557,0.279379
127.623,0.279379
127.69,0.279379
127.756,0.279379
127.823,0.279379
127.89,0.279379
127.956,0.279379
128.023,0.279379
128.089,0.279379
128.156,0.279379
128.223,0.279379
128.289,0.231989
128.356,0.231989
128.422,0.231989
128.489,0.231989
128.556,0.231989
128.622,0.231989
128.689,0.231989
128.756,0.231989
128.822,0.231989
128.889,0.231989
128.955,0.231989
129.022,0.174643
129.089,0.174643
129.155,0.174643
129.222,0.174643
129.288,0.174643
129.355,0.174643
129.422,0.174643
129.488,0.174643
129.555,0.174643
129.621,0.174643
129.688,0.174643
129.755,0.131685
129.821,0.131685
129.888,0.131685
129.955,0.131685
130.021,0.131685
130.088,0.131685
130.154,0.131685
130.221,0.131685
130.288,0.131685
130.354,0.131685
130.421,0.131685
130.487,0.0697418
130.554,0.0697418
130.621,0.0697418
130.687,0.0697418
130.754,0.0697418
130.82,0.0697418
130.887,0.0697418
130.954,0.0697418
131.02,0.0697418
131.087,0.0697418
131.153,0.0697418
131.22,0.0322787
131.287,0.0322787
131.353,0.0322787
131.42,0.0322787
131.487,0.0322787
131.553,0.0322787
131.62,0.0322787
131.686,0.0322787
131.753,0.0322787
131.82,0.0322787
131.886,0.0322787
131.953,0.000391874
132.019,0.000391874
132.086,0.000391874
132.153,0.000391874
132.219,0.000391874
132.286,0.000391874
132.352,0.000391874
132.419,0.000391874
132.486,0.000391874
132.552,0.000391874
132.619,0.000391874
132.685,0.00413427
132.752,0.00413427
132.819,0.00413427
132.885,0.00413427
132.952,0.00413427
133.019,0.00413427
133.085,0.00413427
133.152,0.00413427
133.218,0.00413427
133.285,0.00413427
133.352,0.00413427
133.418,0.0133629
133.485,0.0133629
133.551,0.0133629
133.618,0.0133629
133.685,0.0133629
133.751,0.0133629
133.818,0.0133629
133.884,0.0133629
133.951,0.0133629
134.018,0.0133629
134.084,0.0133629
134.151,0.108984
134.217,0.108984
134.284,0.108984
134.351,0.108984
134.417,0.108984
134.484,0.108984
134.551,0.108984
134.617,0.108984
134.684,0.108984
134.75,0.108984
134.817,0.108984
134.884,0.208066
134.95,0.208066
135.017,0.208066
135.083,0.208066
135.15,0.208066
135.217,0.208066
135.283,0.208066
135.35,0.208066
135.416,0.208066
135.483,0.208066
135.55,0.208066
135.616,0.233063
135.683,0.233063
135.75,0.233063
135.816,0.233063
135.883,0.233063
135.949,0.233063
136.016,0.233063
136.083,0.233063
136.149,0.233063
136.216,0.233063
136.282,0.233063
136.349,0.157185
136.416,0.157185
136.482,0.157185
136.549,0.157185
136.615,0.157185
136.682,0.157185
136.749,0.157185
136.815,0.157185
136.882,0.157185
136.948,0.157185
137.015,0.157185
137.082,0.0939009
137.148,0.0939009
137.215,0.0939009
137.282,0.0939009
137.348,0.0939009
137.415,0.0939009
137.481,0.0939009
137.548,0.0939009
137.615,0.0939009
137.681,0.0939009
137.748,0.0939009
137.814,0.0484866
137.881,0.0484866
137.948,0.0484866
138.014,0.0484866
138.081,0.0484866
138.147,0.0484866
138.214,0.0484866
138.281,0.0484866
138.347,0.0484866
138.414,0.0484866
138.48,0.0484866
138.547,0.0246058
138.614,0.0246058
138.68,0.0246058
138.747,0.0246058
138.814,0.0246058
138.88,0.0246058
138.947,0.0246058
139.013,0.0246058
139.08,0.0246058
139.147,0.0246058
139.213,0.0246058
139.28,0.0135079
139.346,0.0135079
139.413,0.0135079
139.48,0.0135079
139.546,0.0135079
139.613,0.0135079
139.679,0.0135079
139.746,0.0135079
139.813,0.0135079
139.879,0.0135079
139.946,0.0135079
140.012,0.0147619
140.079,0.0147619
140.146,0.0147619
140.212,0.0147619
140.279,0.0147619
140.346,0.0147619
140.412,0.0147619
140.479,0.0147619
140.545,0.0147619
140.612,0.0147619
140.679,0.0147619
140.745,0.0561595
140.812,0.0561595
140.878,0.0561595
140.945,0.0561595
141.012,0.0561595
141.078,0.0561595
141.145,0.0561595
141.211,0.0561595
141.278,0.0561595
141.345,0.0561595
141.411,0.0561595
141.478,0.135165
141.545,0.135165
141.611,0.135165
141.678,0.135165
141.744,0.135165
141.811,0.135165
141.878,0.135165
141.944,0.135165
142.011,0.135165
142.077,0.135165
142.144,0.135165
142.211,0.207411
142.277,0.207411
142.344,0.207411
142.41,0.207411
142.477,0.207411
142.544,0.207411
142.61,0.207411
142.677,0.207411
142.743,0.207411
142.81,0.207411
142.877,0.207411
142.943,0.214457
143.01,0.214457
143.077,0.214457
143.143,0.214457
143.21,0.214457
143.276,0.214457
143.343,0.214457
143.41,0.214457
143.476,0.214457
143.543,0.214457
143.609,0.214457
143.676,0.226429
143.743,0.226429
143.809,0.226429
143.876,0.226429
143.942,0.226429
144.009,0.226429
144.076,0.226429
144.142,0.226429
144.209,0.226429
144.275,0.226429
144.342,0.226429
144.409,0.221213
144.475,0.221213
144.542,0.221213
144.609,0.221213
144.675,0.221213
144.742,0.221213
144.808,0.221213
144.875,0.221213
144.942,0.221213
145.008,0.221213
145.075,0.221213
145.141,0.154751
145.208,0.154751
145.275,0.154751
145.341,0.154751
145.408,0.154751
145.474,0.154751
145.541,0.154751
145.608,0.154751
145.674,0.154751
145.741,0.154751
145.807,0.154751
145.874,0.084684
145.941,0.084684
146.007,0.084684
146.074,0.084684
146.141,0.084684
146.207,0.084684
146.274,0.084684
146.34,0.084684
146.407,0.084684
146.474,0.084684
146.54,0.084684
146.607,0.0335719
146.673,0.0335719
146.74,0.0335719
146.807,0.0335719
146.873,0.0335719
146.94,0.0335719
147.006,0.0335719
147.073,0.0335719
147.14,0.0335719
147.206,0.0335719
147.273,0.0335719
147.34,0.0179047
147.406,0.0179047
147.473,0.0179047
147.539,0.0179047
147.606,0.0179047
147.673,0.0179047
147.739,0.0179047
147.806,0.0179047
147.872,0.0179047
147.939,0.0179047
148.006,0.0179047
148.072,0.0134217
148.139,0.0134217
148.205,0.0134217
148.272,0.0134217
148.339,0.0134217
148.405,0.0134217
148.472,0.0134217
148.538,0.0134217
148.605,0.0134217
148.672,0.0134217
148.738,0.0134217
148.805,0.0146953
148.872,0.0146953
148.938,0.0146953
149.005,0.0146953
149.071,0.0146953
149.138,0.0146953
149.205,0.0146953
149.271,0.0146953
149.338,0.0146953
149.404,0.0146953
149.471,0.0146953
149.538,0.0172581
149.604,0.0172581
149.671,0.0172581
149.737,0.0172581
149.804,0.0172581
149.871,0.0172581
149.937,0.0172581
150.004,0.0172581
150.07,0.0172581
150.137,0.0172581
150.204,0.0172581
150.27,0.0207732
150.337,0.0207732
150.404,0.0207732
150.47,0.0207732
150.537,0.0207732
150.603,0.0207732
150.67,0.0207732
150.737,0.0207732
150.803,0.0207732
150.87,0.0207732
150.936,0.0207732
151.003,0.0205851
151.07,0.0205851
151.136,0.0205851
151.203,0.0205851
151.269,0.0205851
151.336,0.0205851
151.403,0.0205851
151.469,0.0205851
151.536,0.0205851
151.602,0.0205851
151.669,0.0205851
151.736,0.0579503
151.802,0.0579503
151.869,0.0579503
151.936,0.0579503
152.002,0.0579503
152.069,0.0579503
152.135,0.0579503
152.202,0.0579503
152.269,0.0579503
152.335,0.0579503
152.402,0.0579503
152.468,0.0810983
152.535,0.0810983
152.602,0.0810983
152.668,0.0810983
152.735,0.0810983
152.801,0.0810983
152.868,0.0810983
152.935,0.0810983
153.001,0.0810983
153.068,0.0810983
153.135,0.0810983
153.201,0.0904994
153.268,0.0904994
153.334,0.0904994
153.401,0.0904994
153.468,0.0904994
153.534,0.0904994
153.601,0.0904994
153.667,0.0904994
153.734,0.0904994
153.801,0.0904994
153.867,0.0904994
153.934,0.0932268
154,0.0932268
154.067,0.0932268
154.134,0.0932268
154.2,0.0932268
154.267,0.0932268
154.333,0.0932268
154.4,0.0932268
154.467,0.0932268
154.533,0.0932268
154.6,0.0932268
154.667,0.0647298
154.733,0.0647298
154.8,0.0647298
154.866,0.0647298
154.933,0.0647298
155,0.0647298
155.066,0.0647298
155.133,0.0647298
155.199,0.0647298
155.266,0.0647298
155.333,0.0647298
155.399,0.0464292
155.466,0.0464292
155.532,0.0464292
155.599,0.0464292
155.666,0.0464292
155.732,0.0464292
155.799,0.0464292
155.865,0.0464292
155.932,0.0464292
155.999,0.0464292
156.065,0.0464292
156.132,0.0296061
156.199,0.0296061
156.265,0.0296061
156.332,0.0296061
156.398,0.0296061
156.465,0.0296061
156.532,0.0296061
156.598,0.0296061
156.665,0.0296061
156.731,0.0296061
156.798,0.0296061
156.865,0.0259969
156.931,0.0259969
156.998,0.0259969
157.064,0.0259969
157.131,0.0259969
157.198,0.0259969
157.264,0.0259969
157.331,0.0259969
157.397,0.0259969
157.464,0.0259969
157.531,0.0259969
157.597,0.0198759
157.664,0.0198759
157.731,0.0198759
157.797,0.0198759
157.864,0.0198759
157.93,0.0198759
157.997,0.0198759
158.064,0.0198759
158.13,0.0198759
158.197,0.0198759
158.263,0.0198759
158.33,0.017748
158.397,0.017748
158.463,0.017748
158.53,0.017748
158.596,0.017748
158.663,0.017748
158.73,0.017748
158.796,0.017748
158.863,0.017748
158.93,0.017748
158.996,0.017748
159.063,0.0793898
159.129,0.0793898
159.196,0.0793898
159.263,0.0793898
159.329,0.0793898
159.396,0.0793898
159.462,0.0793898
159.529,0.0793898
159.596,0.0793898
159.662,0.0793898
159.729,0.0793898
159.795,0.0750165
159.862,0.0750165
159.929,0.0750165
159.995,0.0750165
160.062,0.0750165
160.128,0.0750165
160.195,0.0750165
160.262,0.0750165
160.328,0.0750165
160.395,0.0750165
160.462,0.0750165
160.528,0.0665755
160.595,0.0665755
160.661,0.0665755
160.728,0.0665755
160.795,0.0665755
160.861,0.0665755
160.928,0.0665755
160.994,0.0665755
161.061,0.0665755
161.128,0.0665755
161.194,0.0665755
161.261,0.0435803
161.327,0.0435803
161.394,0.0435803
161.461,0.0435803
161.527,0.0435803
161.594,0.0435803
161.66,0.0435803
161.727,0.0435803
161.794,0.0435803
161.86,0.0435803
161.927,0.0435803
161.994,0.0129593
162.06,0.0129593
162.127,0.0129593
162.193,0.0129593
162.26,0.0129593
162.327,0.0129593
162.393,0.0129593
162.46,0.0129593
162.526,0.0129593
162.593,0.0129593
162.66,0.0129593
162.726,0.0600782
162.793,0.0600782
162.859,0.0600782
162.926,0.0600782
162.993,0.0600782
163.059,0.0600782
163.126,0.0600782
163.192,0.0600782
163.259,0.0600782
163.326,0.0600782
163.392,0.0600782
163.459,0.056665
163.526,0.056665
163.592,0.056665
163.659,0.056665
163.725,0.056665
163.792,0.056665
163.859,0.056665
163.925,0.056665
163.992,0.056665
164.058,0.056665
164.125,0.056665
164.192,0.049768
164.258,0.049768
164.325,0.049768
164.391,0.049768
164.458,0.049768
164.525,0.049768
164.591,0.049768
164.658,0.049768
164.725,0.049768
164.791,0.049768
164.858,0.049768
164.924,0.0259773
164.991,0.0259773
165.058,0.0259773
165.124,0.0259773
165.191,0.0259773
165.257,0.0259773
165.324,0.0259773
165.391,0.0259773
165.457,0.0259773
165.524,0.0259773
165.59,0.0259773
165.657,0.0274038
165.724,0.0274038
165.79,0.0274038
165.857,0.0274038
165.923,0.0274038
165.99,0.0274038
166.057,0.0274038
166.123,0.0274038
166.19,0.0274038
166.257,0.0274038
166.323,0.0274038
166.39,0.0269962
166.456,0.0269962
166.523,0.0269962
166.59,0.0269962
166.656,0.0269962
166.723,0.0269962
166.789,0.0269962
166.856,0.0269962
166.923,0.0269962
166.989,0.0269962
167.056,0.0269962
167.122,0.0465821
167.189,0.0465821
167.256,0.0465821
167.322,0.0465821
167.389,0.0465821
167.455,0.0465821
167.522,0.0465821
167.589,0.0465821
167.655,0.0465821
167.722,0.0465821
167.789,0.0465821
167.855,0.0778144
167.922,0.0778144
167.988,0.0778144
168.055,0.0778144
168.122,0.0778144
168.188,0.0778144
168.255,0.0778144
168.321,0.0778144
168.388,0.0778144
168.455,0.0778144
168.521,0.0778144
168.588,0.0816235
168.654,0.0816235
168.721,0.0816235
168.788,0.0816235
168.854,0.0816235
168.921,0.0816235
168.987,0.0816235
169.054,0.0816235
169.121,0.0816235
169.187,0.0816235
169.254,0.0816235
169.321,0.078704
169.387,0.078704
169.454,0.078704
169.52,0.078704
169.587,0.078704
169.654,0.078704
169.72,0.078704
169.787,0.078704
169.853,0.078704
169.92,0.078704
169.987,0.078704
170.053,0.0680137
170.12,0.0680137
170.186,0.0680137
170.253,0.0680137
170.32,0.0680137
170.386,0.0680137
170.453,0.0680137
170.52,0.0680137
170.586,0.0680137
170.653,0.0680137
170.719,0.0680137
170.786,0.0343517
170.853,0.0343517
170.919,0.0343517
170.986,0.0343517
171.052,0.0343517
171.119,0.0343517
171.186,0.0343517
171.252,0.0343517
171.319,0.0343517
171.385,0.0343517
171.452,0.0343517
171.519,0.0143152
171.585,0.0143152
171.652,0.0143152
171.718,0.0143152
171.785,0.0143152
171.852,0.0143152
171.918,0.0143152
171.985,0.0143152
172.052,0.0143152
172.118,0.0143152
172.185,0.0143152
172.251,0.014323
172.318,0.014323
172.385,0.014323
172.451,0.014323
172.518,0.014323
172.584,0.014323
172.651,0.014323
172.718,0.014323
172.784,0.014323
172.851,0.014323
172.917,0.014323
172.984,0.0142446
173.051,0.0142446
173.117,0.0142446
173.184,0.0142446
173.25,0.0142446
173.317,0.0142446
173.384,0.0142446
173.45,0.0142446
173.517,0.0142446
173.584,0.0142446
173.65,0.0142446
173.717,0.014225
173.783,0.014225
173.85,0.014225
173.917,0.014225
173.983,0.014225
174.05,0.014225
174.116,0.014225
174.183,0.014225
174.25,0.014225
174.316,0.014225
174.383,0.014225
174.449,0.0140604
174.516,0.0140604
174.583,0.0140604
174.649,0.0140604
174.716,0.0140604
174.782,0.0140604
174.849,0.0140604
174.916,0.0140604
174.982,0.0140604
175.049,0.0140604
175.116,0.0140604
175.182,0.0423263
175.249,0.0423263
175.315,0.0423263
175.382,0.0423263
175.449,0.0423263
175.515,0.0423263
175.582,0.0423263
175.648,0.0423263
175.715,0.0423263
175.782,0.0423263
175.848,0.0423263
175.915,0.101589
175.981,0.101589
176.048,0.101589
176.115,0.101589
176.181,0.101589
176.248,0.101589
176.315,0.101589
176.381,0.101589
176.448,0.101589
176.514,0.101589
176.581,0.101589
176.648,0.166135
176.714,0.166135
176.781,0.166135
176.847,0.166135
176.914,0.166135
176.981,0.166135
177.047,0.166135
177.114,0.166135
177.18,0.166135
177.247,0.166135
177.314,0.166135
177.38,0.168549
177.447,0.168549
177.513,0.168549
177.58,0.168549
177.647,0.168549
177.713,0.168549
177.78,0.168549
177.847,0.168549
177.913,0.168549
177.98,0.168549
178.046,0.168549
178.113,0.158247
178.18,0.158247
178.246,0.158247
178.313,0.158247
178.379,0.158247
178.446,0.158247
178.513,0.158247
178.579,0.158247
178.646,0.158247
178.712,0.158247
178.779,0.158247
178.846,0.136897
178.912,0.136897
178.979,0.136897
179.045,0.136897
179.112,0.136897
179.179,0.136897
179.245,0.136897
179.312,0.136897
179.379,0.136897
179.445,0.136897
179.512,0.136897
179.578,0.108424
179.645,0.108424
179.712,0.108424
179.778,0.108424
179.845,0.108424
179.911,0.108424
179.978,0.108424
180.045,0.108424
180.111,0.108424
180.178,0.108424
180.244,0.108424
180.311,0.0687034
180.378,0.0687034
180.444,0.0687034
180.511,0.0687034
180.577,0.0687034
180.644,0.0687034
180.711,0.0687034
180.777,0.0687034
180.844,0.0687034
180.911,0.0687034
180.977,0.0687034
181.044,0.0585382
181.11,0.0585382
181.177,0.0585382
181.244,0.0585382
181.31,0.0585382
181.377,0.0585382
181.443,0.0585382
181.51,0.0585382
181.577,0.0585382
181.643,0.0585382
181.71,0.0585382
181.776,0.0656507
181.843,0.0656507
181.91,0.0656507
181.976,0.0656507
182.043,0.0656507
182.109,0.0656507
182.176,0.0656507
182.243,0.0656507
182.309,0.0656507
182.376,0.0656507
182.443,0.0656507
182.509,0.0986073
182.576,0.0986073
182.642,0.0986073
182.709,0.0986073
182.776,0.0986073
182.842,0.0986073
182.909,0.0986073
182.975,0.0986073
183.042,0.0986073
183.109,0.0986073
183.175,0.0986073
183.242,0.0990775
183.308,0.0990775
183.375,0.0990775
183.442,0.0990775
183.508,0.0990775
183.575,0.0990775
183.642,0.0990775
183.708,0.0990775
183.775,0.0990775
183.841,0.0990775
183.908,0.0990775
183.975,0.0994772
184.041,0.0994772
184.108,0.0994772
184.174,0.0994772
184.241,0.0994772
184.308,0.0994772
184.374,0.0994772
184.441,0.0994772
184.507,0.0994772
184.574,0.0994772
184.641,0.0994772
184.707,0.108004
184.774,0.108004
184.84,0.108004
184.907,0.108004
184.974,0.108004
185.04,0.108004
185.107,0.108004
185.174,0.108004
185.24,0.108004
185.307,0.108004
185.373,0.108004
185.44,0.108725
185.507,0.108725
185.573,0.108725
185.64,0.108725
185.706,0.108725
185.773,0.108725
185.84,0.108725
185.906,0.108725
185.973,0.108725
186.039,0.108725
186.106,0.108725
186.173,0.106813
186.239,0.106813
186.306,0.106813
186.372,0.106813
186.439,0.106813
186.506,0.106813
186.572,0.106813
186.639,0.106813
186.706,0.106813
186.772,0.106813
186.839,0.106813
186.905,0.109019
186.972,0.109019
187.039,0.109019
187.105,0.109019
187.172,0.109019
187.238,0.109019
187.305,0.109019
187.372,0.109019
187.438,0.109019
187.505,0.109019
187.571,0.109019
187.638,0.10967
187.705,0.10967
187.771,0.10967
187.838,0.10967
187.904,0.10967
187.971,0.10967
188.038,0.10967
188.104,0.10967
188.171,0.10967
188.238,0.10967
188.304,0.10967
188.371,0.109995
188.437,0.109995
188.504,0.109995
188.571,0.109995
188.637,0.109995
188.704,0.109995
188.77,0.109995
188.837,0.109995
188.904,0.109995
188.97,0.109995
189.037,0.109995
189.103,0.1117
189.17,0.1117
189.237,0.1117
189.303,0.1117
189.37,0.1117
189.437,0.1117
189.503,0.1117
189.57,0.1117
189.636,0.1117
189.703,0.1117
189.77,0.1117
189.836,0.110798
189.903,0.110798
189.969,0.110798
190.036,0.110798
190.103,0.110798
190.169,0.110798
190.236,0.110798
190.302,0.110798
190.369,0.110798
190.436,0.110798
190.502,0.110798
190.569,0.109372
190.635,0.109372
190.702,0.109372
190.769,0.109372
190.835,0.109372
190.902,0.109372
190.969,0.109372
191.035,0.109372
191.102,0.109372
191.168,0.109372
191.235,0.109372
191.302,0.113918
191.368,0.113918
191.435,0.113918
191.501,0.113918
191.568,0.113918
191.635,0.113918
191.701,0.113918
191.768,0.113918
191.834,0.113918
191.901,0.113918
191.968,0.113918
192.034,0.114831
192.101,0.114831
192.167,0.114831
192.234,0.114831
192.301,0.114831
192.367,0.114831
192.434,0.114831
192.501,0.114831
192.567,0.114831
192.634,0.114831
192.7,0.114831
192.767,0.114752
192.834,0.114752
192.9,0.114752
192.967,0.114752
193.033,0.114752
193.1,0.114752
193.167,0.114752
193.233,0.114752
193.3,0.114752
193.366,0.114752
193.433,0.114752
193.5,0.11083
193.566,0.11083
193.633,0.11083
193.699,0.11083
193.766,0.11083
193.833,0.11083
193.899,0.11083
193.966,0.11083
194.033,0.11083
194.099,0.11083
194.166,0.11083
194.232,0.111183
194.299,0.111183
194.366,0.111183
194.432,0.111183
194.499,0.111183
194.565,0.111183
194.632,0.111183
194.699,0.111183
194.765,0.111183
194.832,0.111183
194.898,0.111183
194.965,0.111143
195.032,0.111143
195.098,0.111143
195.165,0.111143
195.232,0.111143
195.298,0.111143
195.365,0.111143
195.431,0.111143
195.498,0.111143
195.565,0.111143
195.631,0.111143
195.698,0.115325
195.764,0.115325
195.831,0.115325
195.898,0.115325
195.964,0.115325
196.031,0.115325
196.097,0.115325
196.164,0.115325
196.231,0.115325
196.297,0.115325
196.364,0.115325
196.43,0.121254
196.497,0.121254
196.564,0.121254
196.63,0.121254
196.697,0.121254
196.764,0.121254
196.83,0.121254
196.897,0.121254
196.963,0.121254
197.03,0.121254
197.097,0.121254
197.163,0.135784
197.23,0.135784
197.296,0.135784
197.363,0.135784
197.43,0.135784
197.496,0.135784
197.563,0.135784
197.629,0.135784
197.696,0.135784
197.763,0.135784
197.829,0.135784
197.896,0.16298
197.962,0.16298
198.029,0.16298
198.096,0.16298
198.162,0.16298
198.229,0.16298
198.296,0.16298
198.362,0.16298
198.429,0.16298
198.495,0.16298
198.562,0.16298
198.629,0.194981
198.695,0.194981
198.762,0.194981
198.828,0.194981
198.895,0.194981
198.962,0.194981
199.028,0.194981
199.095,0.194981
199.161,0.194981
199.228,0.194981
199.295,0.194981
199.361,0.252351
199.428,0.252351
199.494,0.252351
199.561,0.252351
199.628,0.252351
199.694,0.252351
199.761,0.252351
199.828,0.252351
199.894,0.252351
199.961,0.252351
200.027,0.252351
200.094,0.325271
200.161,0.325271
200.227,0.325271
200.294,0.325271
200.36,0.325271
200.427,0.325271
200.494,0.325271
200.56,0.325271
200.627,0.325271
200.693,0.325271
200.76,0.325271
200.827,0.420399
200.893,0.420399
200.96,0.420399
201.027,0.420399
201.093,0.420399
201.16,0.420399
201.226,0.420399
201.293,0.420399
201.36,0.420399
201.426,0.420399
201.493,0.420399
201.559,0.499283
201.626,0.499283
201.693,0.499283
201.759,0.499283
201.826,0.499283
201.892,0.499283
201.959,0.499283
202.026,0.499283
202.092,0.499283
202.159,0.499283
202.225,0.499283
202.292,0.503605
202.359,0.503605
202.425,0.503605
202.492,0.503605
202.559,0.503605
202.625,0.503605
202.692,0.503605
202.758,0.503605
202.825,0.503605
202.892,0.503605
202.958,0.503605
203.025,0.472929
203.091,0.472929
203.158,0.472929
203.225,0.472929
203.291,0.472929
203.358,0.472929
203.424,0.472929
203.491,0.472929
203.558,0.472929
203.624,0.472929
203.691,0.472929
203.757,0.482914
203.824,0.482914
203.891,0.482914
203.957,0.482914
204.024,0.482914
204.091,0.482914
204.157,0.482914
204.224,0.482914
204.29,0.482914
204.357,0.482914
204.424,0.482914
204.49,0.525268
204.557,0.525268
204.623,0.525268
204.69,0.525268
204.757,0.525268
204.823,0.525268
204.89,0.525268
204.956,0.525268
205.023,0.525268
205.09,0.525268
205.156,0.525268
205.223,0.54367
205.289,0.54367
205.356,0.54367
205.423,0.54367
205.489,0.54367
205.556,0.54367
205.623,0.54367
205.689,0.54367
205.756,0.54367
205.822,0.54367
205.889,0.54367
205.956,0.595558
206.022,0.595558
206.089,0.595558
206.155,0.595558
206.222,0.595558
206.289,0.595558
206.355,0.595558
206.422,0.595558
206.488,0.595558
206.555,0.595558
206.622,0.595558
206.688,0.574601
206.755,0.574601
206.822,0.574601
206.888,0.574601
206.955,0.574601
207.021,0.574601
207.088,0.574601
207.155,0.574601
207.221,0.574601
207.288,0.574601
207.354,0.574601
207.421,0.558585
207.488,0.558585
207.554,0.558585
207.621,0.558585
207.687,0.558585
207.754,0.558585
207.821,0.558585
207.887,0.558585
207.954,0.558585
208.02,0.558585
208.087,0.558585
208.154,0.555356
208.22,0.555356
208.287,0.555356
208.354,0.555356
208.42,0.555356
208.487,0.555356
208.553,0.555356
208.62,0.555356
208.687,0.555356
208.753,0.555356
208.82,0.555356
208.886,0.578148
208.953,0.578148
209.02,0.578148
209.086,0.578148
209.153,0.578148
209.219,0.578148
209.286,0.578148
209.353,0.578148
209.419,0.578148
209.486,0.578148
209.552,0.578148
209.619,0.590836
209.686,0.590836
209.752,0.590836
209.819,0.590836
209.886,0.590836
209.952,0.590836
210.019,0.590836
210.085,0.590836
210.152,0.590836
210.219,0.590836
210.285,0.590836
210.352,0.59354
210.418,0.59354
210.485,0.59354
210.552,0.59354
210.618,0.59354
210.685,0.59354
210.751,0.59354
210.818,0.59354
210.885,0.59354
210.951,0.59354
211.018,0.59354
211.084,0.5955
211.151,0.5955
211.218,0.5955
211.284,0.5955
211.351,0.5955
211.418,0.5955
211.484,0.5955
211.551,0.5955
211.617,0.5955
211.684,0.5955
211.751,0.5955
211.817,0.595547
211.884,0.595547
211.95,0.595547
212.017,0.595547
212.084,0.595547
212.15,0.595547
212.217,0.595547
212.283,0.595547
212.35,0.595547
212.417,0.595547
212.483,0.595547
212.55,0.615129
212.617,0.615129
212.683,0.615129
212.75,0.615129
212.816,0.615129
212.883,0.615129
212.95,0.615129
213.016,0.615129
213.083,0.615129
213.149,0.615129
213.216,0.615129
213.283,0.615493
213.349,0.615493
213.416,0.615493
213.482,0.615493
213.549,0.615493
213.616,0.615493
213.682,0.615493
213.749,0.615493
213.815,0.615493
213.882,0.615493
213.949,0.615493
214.015,0.616786
214.082,0.616786
214.149,0.616786
214.215,0.616786
214.282,0.616786
214.348,0.616786
214.415,0.616786
214.482,0.616786
214.548,0.616786
214.615,0.616786
214.681,0.616786
214.748,0.615313
214.815,0.615313
214.881,0.615313
214.948,0.615313
215.014,0.615313
215.081,0.615313
215.148,0.615313
215.214,0.615313
215.281,0.615313
215.347,0.615313
215.414,0.615313
215.481,0.612821
215.547,0.612821
215.614,0.612821
215.681,0.612821
215.747,0.612821
215.814,0.612821
215.88,0.612821
215.947,0.612821
216.014,0.612821
216.08,0.612821
216.147,0.612821
216.213,0.612499
216.28,0.612499
216.347,0.612499
216.413,0.612499
216.48,0.612499
216.546,0.612499
216.613,0.612499
216.68,0.612499
216.746,0.612499
216.813,0.612499
216.879,0.612499
216.946,0.611473
217.013,0.611473
217.079,0.611473
217.146,0.611473
217.213,0.611473
217.279,0.611473
217.346,0.611473
217.412,0.611473
217.479,0.611473
217.546,0.611473
217.612,0.611473
217.679,0.612154
217.745,0.612154
217.812,0.612154
217.879,0.612154
217.945,0.612154
218.012,0.612154
218.078,0.612154
218.145,0.612154
218.212,0.612154
218.278,0.612154
218.345,0.612154
218.412,0.614529
218.478,0.614529
218.545,0.614529
218.611,0.614529
218.678,0.614529
218.745,0.614529
218.811,0.614529
218.878,0.614529
218.944,0.614529
219.011,0.614529
219.078,0.614529
219.144,0.615834
219.211,0.615834
219.277,0.615834
219.344,0.615834
219.411,0.615834
219.477,0.615834
219.544,0.615834
219.61,0.615834
219.677,0.615834
219.744,0.615834
219.81,0.615834
219.877,0.613945
219.944,0.613945
220.01,0.613945
220.077,0.613945
220.143,0.613945
220.21,0.613945
220.277,0.613945
220.343,0.613945
220.41,0.613945
220.476,0.613945
220.543,0.613945
220.61,0.614396
220.676,0.614396
220.743,0.614396
220.809,0.614396
220.876,0.614396
220.943,0.614396
221.009,0.614396
221.076,0.614396
221.142,0.614396
221.209,0.614396
221.276,0.614396
221.342,0.612393
221.409,0.612393
221.476,0.612393
221.542,0.612393
221.609,0.612393
221.675,0.612393
221.742,0.612393
221.809,0.612393
221.875,0.612393
221.942,0.612393
222.008,0.612393
222.075,0.613428
222.142,0.613428
222.208,0.613428
222.275,0.613428
222.341,0.613428
222.408,0.613428
222.475,0.613428
222.541,0.613428
222.608,0.613428
222.674,0.613428
222.741,0.613428
222.808,0.609956
222.874,0.609956
222.941,0.609956
223.008,0.609956
223.074,0.609956
223.141,0.609956
223.207,0.609956
223.274,0.609956
223.341,0.609956
223.407,0.609956
223.474,0.609956
223.54,0.610728
223.607,0.610728
223.674,0.610728
223.74,0.610728
223.807,0.610728
223.873,0.610728
223.94,0.610728
224.007,0.610728
224.073,0.610728
224.14,0.610728
224.207,0.610728
224.273,0.612911
224.34,0.612911
224.406,0.612911
224.473,0.612911
224.54,0.612911
224.606,0.612911
224.673,0.612911
224.739,0.612911
224.806,0.612911
224.873,0.612911
224.939,0.612911
225.006,0.607856
225.072,0.607856
225.139,0.607856
225.206,0.607856
225.272,0.607856
225.339,0.607856
225.405,0.607856
225.472,0.607856
225.539,0.607856
225.605,0.607856
225.672,0.607856
225.739,0.606319
225.805,0.606319
225.872,0.606319
225.938,0.606319
226.005,0.606319
226.072,0.606319
226.138,0.606319
226.205,0.606319
226.271,0.606319
226.338,0.606319
226.405,0.606319
226.471,0.606504
226.538,0.606504
226.604,0.606504
226.671,0.606504
226.738,0.606504
226.804,0.606504
226.871,0.606504
226.937,0.606504
227.004,0.606504
227.071,0.606504
227.137,0.606504
227.204,0.613032
227.271,0.613032
227.337,0.613032
227.404,0.613032
227.47,0.613032
227.537,0.613032
227.604,0.613032
227.67,0.613032
227.737,0.613032
227.803,0.613032
227.87,0.613032
227.937,0.613498
228.003,0.613498
228.07,0.613498
228.136,0.613498
228.203,0.613498
228.27,0.613498
228.336,0.613498
228.403,0.613498
228.469,0.613498
228.536,0.613498
228.603,0.613498
228.669,0.613326
228.736,0.613326
228.803,0.613326
228.869,0.613326
228.936,0.613326
229.002,0.613326
229.069,0.613326
229.136,0.613326
229.202,0.613326
229.269,0.613326
229.335,0.613326
229.402,0.622817
229.469,0.622817
229.535,0.622817
229.602,0.622817
229.668,0.622817
229.735,0.622817
229.802,0.622817
229.868,0.622817
229.935,0.622817
230.001,0.622817
230.068,0.622817
230.135,0.623813
230.201,0.623813
230.268,0.623813
230.335,0.623813
230.401,0.623813
230.468,0.623813
230.534,0.623813
230.601,0.623813
230.668,0.623813
230.734,0.623813
230.801,0.623813
230.867,0.626975
230.934,0.626975
231.001,0.626975
231.067,0.626975
231.134,0.626975
231.2,0.626975
231.267,0.626975
231.334,0.626975
231.4,0.626975
231.467,0.626975
231.534,0.626975
231.6,0.622233
231.667,0.622233
231.733,0.622233
231.8,0.622233
231.867,0.622233
231.933,0.622233
232,0.622233
232.066,0.622233
232.133,0.622233
232.2,0.622233
232.266,0.622233
232.333,0.622316
232.399,0.622316
232.466,0.622316
232.533,0.622316
232.599,0.622316
232.666,0.622316
232.732,0.622316
232.799,0.622316
232.866,0.622316
232.932,0.622316
232.999,0.622316
233.066,0.622406
233.132,0.622406
233.199,0.622406
233.265,0.622406
233.332,0.622406
233.399,0.622406
233.465,0.622406
233.532,0.622406
233.598,0.622406
233.665,0.622406
233.732,0.622406
233.798,0.621861
233.865,0.621861
233.931,0.621861
233.998,0.621861
234.065,0.621861
234.131,0.621861
234.198,0.621861
234.264,0.621861
234.331,0.621861
234.398,0.621861
234.464,0.621861
234.531,0.619765
234.598,0.619765
234.664,0.619765
234.731,0.619765
234.797,0.619765
234.864,0.619765
234.931,0.619765
234.997,0.619765
235.064,0.619765
235.13,0.619765
235.197,0.619765
235.264,0.620658
235.33,0.620658
235.397,0.620658
235.463,0.620658
235.53,0.620658
235.597,0.620658
235.663,0.620658
235.73,0.620658
235.796,0.620658
235.863,0.620658
235.93,0.620658
235.996,0.62016
236.063,0.62016
236.13,0.62016
236.196,0.62016
236.263,0.62016
236.329,0.62016
236.396,0.62016
236.463,0.62016
236.529,0.62016
236.596,0.62016
236.662,0.62016
236.729,0.62451
236.796,0.62451
236.862,0.62451
236.929,0.62451
236.995,0.62451
237.062,0.62451
237.129,0.62451
237.195,0.62451
237.262,0.62451
237.329,0.62451
237.395,0.62451
237.462,0.625462
237.528,0.625462
237.595,0.625462
237.662,0.625462
237.728,0.625462
237.795,0.625462
237.861,0.625462
237.928,0.625462
237.995,0.625462
238.061,0.625462
238.128,0.625462
238.194,0.622468
238.261,0.622468
238.328,0.622468
238.394,0.622468
238.461,0.622468
238.527,0.622468
238.594,0.622468
238.661,0.622468
238.727,0.622468
238.794,0.622468
238.861,0.622468
238.927,0.624659
238.994,0.624659
239.06,0.624659
239.127,0.624659
239.194,0.624659
239.26,0.624659
239.327,0.624659
239.393,0.624659
239.46,0.624659
239.527,0.624659
239.593,0.624659
239.66,0.624103
239.726,0.624103
239.793,0.624103
239.86,0.624103
239.926,0.624103
239.993,0.624103
240.059,0.624103
240.126,0.624103
240.193,0.624103
240.259,0.624103
240.326,0.624103
240.393,0.624001
240.459,0.624001
240.526,0.624001
240.592,0.624001
240.659,0.624001
240.726,0.624001
240.792,0.624001
240.859,0.624001
240.925,0.624001
240.992,0.624001
241.059,0.624001
241.125,0.632822
241.192,0.632822
241.258,0.632822
241.325,0.632822
241.392,0.632822
241.458,0.632822
241.525,0.632822
241.591,0.632822
241.658,0.632822
241.725,0.632822
241.791,0.632822
241.858,0.634405
241.925,0.634405
241.991,0.634405
242.058,0.634405
242.124,0.634405
242.191,0.634405
242.258,0.634405
242.324,0.634405
242.391,0.634405
242.457,0.634405
242.524,0.634405
242.591,0.636
242.657,0.636
242.724,0.636
242.79,0.636
242.857,0.636
242.924,0.636
242.99,0.636
243.057,0.636
243.124,0.636
243.19,0.636
243.257,0.636
243.323,0.632798
243.39,0.632798
243.457,0.632798
243.523,0.632798
243.59,0.632798
243.656,0.632798
243.723,0.632798
243.79,0.632798
243.856,0.632798
243.923,0.632798
243.989,0.632798
244.056,0.630529
244.123,0.630529
244.189,0.630529
244.256,0.630529
244.322,0.630529
244.389,0.630529
244.456,0.630529
244.522,0.630529
244.589,0.630529
244.656,0.630529
244.722,0.630529
244.789,0.62839
244.855,0.62839
244.922,0.62839
244.989,0.62839
245.055,0.62839
245.122,0.62839
245.188,0.62839
245.255,0.62839
245.322,0.62839
245.388,0.62839
245.455,0.62839
245.521,0.627865
245.588,0.627865
245.655,0.627865
245.721,0.627865
245.788,0.627865
245.854,0.627865
245.921,0.627865
245.988,0.627865
246.054,0.627865
246.121,0.627865
246.188,0.627865
246.254,0.626101
246.321,0.626101
246.387,0.626101
246.454,0.626101
246.521,0.626101
246.587,0.626101
246.654,0.626101
246.72,0.626101
246.787,0.626101
246.854,0.626101
246.92,0.626101
246.987,0.625082
247.053,0.625082
247.12,0.625082
247.187,0.625082
247.253,0.625082
247.32,0.625082
247.386,0.625082
247.453,0.625082
247.52,0.625082
247.586,0.625082
247.653,0.625082
247.72,0.623268
247.786,0.623268
247.853,0.623268
247.919,0.623268
247.986,0.623268
248.053,0.623268
248.119,0.623268
248.186,0.623268
248.252,0.623268
248.319,0.623268
248.386,0.623268
248.452,0.621383
248.519,0.621383
248.585,0.621383
248.652,0.621383
248.719,0.621383
248.785,0.621383
248.852,0.621383
248.919,0.621383
248.985,0.621383
249.052,0.621383
249.118,0.621383
249.185,0.622155
249.252,0.622155
249.318,0.622155
249.385,0.622155
249.451,0.622155
249.518,0.622155
249.585,0.622155
249.651,0.622155
249.718,0.622155
249.784,0.622155
249.851,0.622155
249.918,0.620427
249.984,0.620427
250.051,0.620427
250.117,0.620427
250.184,0.620427
250.251,0.620427
250.317,0.620427
250.384,0.620427
250.451,0.620427
250.517,0.620427
250.584,0.620427
250.65,0.61737
250.717,0.61737
250.784,0.61737
250.85,0.61737
250.917,0.61737
250.983,0.61737
251.05,0.61737
251.117,0.61737
251.183,0.61737
251.25,0.61737
251.316,0.61737
251.383,0.619224
251.45,0.619224
251.516,0.619224
251.583,0.619224
251.649,0.619224
251.716,0.619224
251.783,0.619224
251.849,0.619224
251.916,0.619224
251.983,0.619224
252.049,0.619224
252.116,0.620732
252.182,0.620732
252.249,0.620732
252.316,0.620732
252.382,0.620732
252.449,0.620732
252.515,0.620732
252.582,0.620732
252.649,0.620732
252.715,0.620732
252.782,0.620732
252.848,0.621771
252.915,0.621771
252.982,0.621771
253.048,0.621771
253.115,0.621771
253.181,0.621771
253.248,0.621771
253.315,0.621771
253.381,0.621771
253.448,0.621771
253.515,0.621771
253.581,0.612711
253.648,0.612711
253.714,0.612711
253.781,0.612711
253.848,0.612711
253.914,0.612711
253.981,0.612711
254.047,0.612711
254.114,0.612711
254.181,0.612711
254.247,0.612711
254.314,0.622684
254.38,0.622684
254.447,0.622684
254.514,0.622684
254.58,0.622684
254.647,0.622684
254.714,0.622684
254.78,0.622684
254.847,0.622684
254.913,0.622684
254.98,0.622684
255.047,0.652039
255.113,0.652039
255.18,0.652039
255.246,0.652039
255.313,0.652039
255.38,0.652039
255.446,0.652039
255.513,0.652039
255.579,0.652039
255.646,0.652039
255.713,0.652039
255.779,0.655743
255.846,0.655743
255.912,0.655743
255.979,0.655743
256.046,0.655743
256.112,0.655743
256.179,0.655743
256.246,0.655743
256.312,0.655743
256.379,0.655743
256.445,0.655743
256.512,0.663772
256.579,0.663772
256.645,0.663772
256.712,0.663772
256.778,0.663772
256.845,0.663772
256.912,0.663772
256.978,0.663772
257.045,0.663772
257.111,0.663772
257.178,0.663772
257.245,0.662961
257.311,0.662961
257.378,0.662961
257.444,0.662961
257.511,0.662961
257.578,0.662961
257.644,0.662961
257.711,0.662961
257.778,0.662961
257.844,0.662961
257.911,0.662961
257.977,0.659414
258.044,0.659414
258.111,0.659414
258.177,0.659414
258.244,0.659414
258.31,0.659414
258.377,0.659414
258.444,0.659414
258.51,0.659414
258.577,0.659414
258.643,0.659414
258.71,0.660112
258.777,0.660112
258.843,0.660112
258.91,0.660112
258.976,0.660112
259.043,0.660112
259.11,0.660112
259.176,0.660112
259.243,0.660112
259.31,0.660112
259.376,0.660112
259.443,0.66282
259.509,0.66282
259.576,0.66282
259.643,0.66282
259.709,0.66282
259.776,0.66282
259.842,0.66282
259.909,0.66282
259.976,0.66282
260.042,0.66282
260.109,0.66282
260.175,0.66086
260.242,0.66086
260.309,0.66086
260.375,0.66086
260.442,0.66086
260.509,0.66086
260.575,0.66086
260.642,0.66086
260.708,0.66086
260.775,0.66086
260.842,0.66086
260.908,0.657745
260.975,0.657745
261.041,0.657745
261.108,0.657745
261.175,0.657745
261.241,0.657745
261.308,0.657745
261.374,0.657745
261.441,0.657745
261.508,0.657745
261.574,0.657745
261.641,0.656538
261.707,0.656538
261.774,0.656538
261.841,0.656538
261.907,0.656538
261.974,0.656538
262.041,0.656538
262.107,0.656538
262.174,0.656538
262.24,0.656538
262.307,0.656538
262.374,0.657859
262.44,0.657859
262.507,0.657859
262.573,0.657859
262.64,0.657859
262.707,0.657859
262.773,0.657859
262.84,0.657859
262.906,0.657859
262.973,0.657859
263.04,0.657859
263.106,0.660347
263.173,0.660347
263.239,0.660347
263.306,0.660347
263.373,0.660347
263.439,0.660347
263.506,0.660347
263.573,0.660347
263.639,0.660347
263.706,0.660347
263.772,0.660347
263.839,0.666272
263.906,0.666272
263.972,0.666272
264.039,0.666272
264.105,0.666272
264.172,0.666272
264.239,0.666272
264.305,0.666272
264.372,0.666272
264.438,0.666272
264.505,0.666272
264.572,0.67112
264.638,0.67112
264.705,0.67112
264.771,0.67112
264.838,0.67112
264.905,0.67112
264.971,0.67112
265.038,0.67112
265.105,0.67112
265.171,0.67112
265.238,0.67112
265.304,0.667942
265.371,0.667942
265.438,0.667942
265.504,0.667942
265.571,0.667942
265.637,0.667942
265.704,0.667942
265.771,0.667942
265.837,0.667942
265.904,0.667942
265.97,0.667942
266.037,0.664097
266.104,0.664097
266.17,0.664097
266.237,0.664097
266.304,0.664097
266.37,0.664097
266.437,0.664097
266.503,0.664097
266.57,0.664097
266.637,0.664097
266.703,0.664097
266.77,0.663897
266.836,0.663897
266.903,0.663897
266.97,0.663897
267.036,0.663897
267.103,0.663897
267.169,0.663897
267.236,0.663897
267.303,0.663897
267.369,0.663897
267.436,0.663897
267.502,0.664995
267.569,0.664995
267.636,0.664995
267.702,0.664995
267.769,0.664995
267.836,0.664995
267.902,0.664995
267.969,0.664995
268.035,0.664995
268.102,0.664995
268.169,0.664995
268.235,0.666688
268.302,0.666688
268.368,0.666688
268.435,0.666688
268.502,0.666688
268.568,0.666688
268.635,0.666688
268.701,0.666688
268.768,0.666688
268.835,0.666688
268.901,0.666688
268.968,0.659587
269.034,0.659587
269.101,0.659587
269.168,0.659587
269.234,0.659587
269.301,0.659587
269.368,0.659587
269.434,0.659587
269.501,0.659587
269.567,0.659587
269.634,0.659587
269.701,0.650734
269.767,0.650734
269.834,0.650734
269.9,0.650734
269.967,0.650734
270.034,0.650734
270.1,0.650734
270.167,0.650734
270.233,0.650734
270.3,0.650734
270.367,0.650734
270.433,0.660312
270.5,0.660312
270.566,0.660312
270.633,0.660312
270.7,0.660312
270.766,0.660312
270.833,0.660312
270.9,0.660312
270.966,0.660312
271.033,0.660312
271.099,0.660312
271.166,0.684553
271.233,0.684553
271.299,0.684553
271.366,0.684553
271.432,0.684553
271.499,0.684553
271.566,0.684553
271.632,0.684553
271.699,0.684553
271.765,0.684553
271.832,0.684553
271.899,0.679231
271.965,0.679231
272.032,0.679231
272.099,0.679231
272.165,0.679231
272.232,0.679231
272.298,0.679231
272.365,0.679231
272.432,0.679231
272.498,0.679231
272.565,0.679231
272.631,0.674027
272.698,0.674027
272.765,0.674027
272.831,0.674027
272.898,0.674027
272.964,0.674027
273.031,0.674027
273.098,0.674027
273.164,0.674027
273.231,0.674027
273.297,0.674027
273.364,0.67226
273.431,0.67226
273.497,0.67226
273.564,0.67226
273.631,0.67226
273.697,0.67226
273.764,0.67226
273.83,0.67226
273.897,0.67226
273.964,0.67226
274.03,0.67226
274.097,0.672397
274.163,0.672397
274.23,0.672397
274.297,0.672397
274.363,0.672397
274.43,0.672397
274.496,0.672397
274.563,0.672397
274.63,0.672397
274.696,0.672397
274.763,0.672397
274.829,0.678436
274.896,0.678436
274.963,0.678436
275.029,0.678436
275.096,0.678436
275.163,0.678436
275.229,0.678436
275.296,0.678436
275.362,0.678436
275.429,0.678436
275.496,0.678436
275.562,0.679482
275.629,0.679482
275.695,0.679482
275.762,0.679482
275.829,0.679482
275.895,0.679482
275.962,0.679482
276.028,0.679482
276.095,0.679482
276.162,0.679482
276.228,0.679482
276.295,0.688926
276.361,0.688926
276.428,0.688926
276.495,0.688926
276.561,0.688926
276.628,0.688926
276.695,0.688926
276.761,0.688926
276.828,0.688926
276.894,0.688926
276.961,0.688926
277.028,0.690749
277.094,0.690749
277.161,0.690749
277.227,0.690749
277.294,0.690749
277.361,0.690749
277.427,0.690749
277.494,0.690749
277.56,0.690749
277.627,0.690749
277.694,0.690749
277.76,0.699436
277.827,0.699436
277.894,0.699436
277.96,0.699436
278.027,0.699436
278.093,0.699436
278.16,0.699436
278.227,0.699436
278.293,0.699436
278.36,0.699436
278.426,0.699436
278.493,0.726021
278.56,0.726021
278.626,0.726021
278.693,0.726021
278.759,0.726021
278.826,0.726021
278.893,0.726021
278.959,0.726021
279.026,0.726021
279.092,0.726021
279.159,0.726021
279.226,0.748335
279.292,0.748335
279.359,0.748335
279.426,0.748335
279.492,0.748335
279.559,0.748335
279.625,0.748335
279.692,0.748335
279.759,0.748335
279.825,0.748335
279.892,0.748335
279.958,0.766631
280.025,0.766631
280.092,0.766631
280.158,0.766631
280.225,0.766631
280.291,0.766631
280.358,0.766631
280.425,0.766631
280.491,0.766631
280.558,0.766631
280.624,0.766631
280.691,0.78436
280.758,0.78436
280.824,0.78436
280.891,0.78436
280.958,0.78436
281.024,0.78436
281.091,0.78436
281.157,0.78436
281.224,0.78436
281.291,0.78436
281.357,0.78436
281.424,0.798769
281.49,0.798769
281.557,0.798769
281.624,0.798769
281.69,0.798769
281.757,0.798769
281.823,0.798769
281.89,0.798769
281.957,0.798769
282.023,0.798769
282.09,0.798769
282.156,0.819444
282.223,0.819444
282.29,0.819444
282.356,0.819444
282.423,0.819444
282.49,0.819444
282.556,0.819444
282.623,0.819444
282.689,0.819444
282.756,0.819444
282.823,0.819444
282.889,0.729728
282.956,0.729728
283.022,0.729728
283.089,0.729728
283.156,0.729728
283.222,0.729728
283.289,0.729728
283.355,0.729728
283.422,0.729728
283.489,0.729728
283.555,0.729728
283.622,0.615705
283.688,0.615705
283.755,0.615705
283.822,0.615705
283.888,0.615705
283.955,0.615705
284.022,0.615705
284.088,0.615705
284.155,0.615705
284.221,0.615705
284.288,0.615705
284.355,0.575475
284.421,0.575475
284.488,0.575475
284.554,0.575475
284.621,0.575475
284.688,0.575475
284.754,0.575475
284.821,0.575475
284.887,0.575475
284.954,0.575475
285.021,0.575475
285.087,0.606817
285.154,0.606817
285.221,0.606817
285.287,0.606817
285.354,0.606817
285.42,0.606817
285.487,0.606817
285.554,0.606817
285.62,0.606817
285.687,0.606817
285.753,0.606817
285.82,0.609552
285.887,0.609552
285.953,0.609552
286.02,0.609552
286.086,0.609552
286.153,0.609552
286.22,0.609552
286.286,0.609552
286.353,0.609552
286.419,0.609552
286.486,0.609552
286.553,0.583936
286.619,0.583936
286.686,0.583936
286.753,0.583936
286.819,0.583936
286.886,0.583936
286.952,0.583936
287.019,0.583936
287.086,0.583936
287.152,0.583936
287.219,0.583936
287.285,0.602612
287.352,0.602612
287.419,0.602612
287.485,0.602612
287.552,0.602612
287.618,0.602612
287.685,0.602612
287.752,0.602612
287.818,0.602612
287.885,0.602612
287.951,0.602612
288.018,0.557026
288.085,0.557026
288.151,0.557026
288.218,0.557026
288.285,0.557026
288.351,0.557026
288.418,0.557026
288.484,0.557026
288.551,0.557026
288.618,0.557026
288.684,0.557026
288.751,0.512642
288.817,0.512642
288.884,0.512642
288.951,0.512642
289.017,0.512642
289.084,0.512642
289.15,0.512642
289.217,0.512642
289.284,0.512642
289.35,0.512642
289.417,0.512642
289.483,0.49681
289.55,0.49681
289.617,0.49681
289.683,0.49681
289.75,0.49681
289.817,0.49681
289.883,0.49681
289.95,0.49681
290.016,0.49681
290.083,0.49681
290.15,0.49681
290.216,0.490764
290.283,0.490764
290.349,0.490764
290.416,0.490764
290.483,0.490764
290.549,0.490764
290.616,0.490764
290.682,0.490764
290.749,0.490764
290.816,0.490764
290.882,0.490764
290.949,0.446674
291.016,0.446674
291.082,0.446674
291.149,0.446674
291.215,0.446674
291.282,0.446674
291.349,0.446674
291.415,0.446674
291.482,0.446674
291.548,0.446674
291.615,0.446674
291.682,0.43585
291.748,0.43585
291.815,0.43585
291.881,0.43585
291.948,0.43585
292.015,0.43585
292.081,0.43585
292.148,0.43585
292.214,0.43585
292.281,0.43585
292.348,0.43585
292.414,0.415814
292.481,0.415814
292.548,0.415814
292.614,0.415814
292.681,0.415814
292.747,0.415814
292.814,0.415814
292.881,0.415814
292.947,0.415814
293.014,0.415814
293.08,0.415814
293.147,0.374083
293.214,0.374083
293.28,0.374083
293.347,0.374083
293.413,0.374083
293.48,0.374083
293.547,0.374083
293.613,0.374083
293.68,0.374083
293.746,0.374083
293.813,0.374083
293.88,0.356163
293.946,0.356163
294.013,0.356163
294.08,0.356163
294.146,0.356163
294.213,0.356163
294.279,0.356163
294.346,0.356163
294.413,0.356163
294.479,0.356163
294.546,0.356163
294.612,0.370956
294.679,0.370956
294.746,0.370956
294.812,0.370956
294.879,0.370956
294.945,0.370956
295.012,0.370956
295.079,0.370956
295.145,0.370956
295.212,0.370956
295.278,0.370956
295.345,0.379322
295.412,0.379322
295.478,0.379322
295.545,0.379322
295.612,0.379322
295.678,0.379322
295.745,0.379322
295.811,0.379322
295.878,0.379322
295.945,0.379322
296.011,0.379322
296.078,0.410374
296.144,0.410374
296.211,0.410374
296.278,0.410374
296.344,0.410374
296.411,0.410374
296.477,0.410374
296.544,0.410374
296.611,0.410374
296.677,0.410374
296.744,0.410374
296.811,0.466369
296.877,0.466369
296.944,0.466369
297.01,0.466369
297.077,0.466369
297.144,0.466369
297.21,0.466369
297.277,0.466369
297.343,0.466369
297.41,0.466369
297.477,0.466369
297.543,0.453238
297.61,0.453238
297.676,0.453238
297.743,0.453238
297.81,0.453238
297.876,0.453238
297.943,0.453238
298.009,0.453238
298.076,0.453238
298.143,0.453238
298.209,0.453238
298.276,0.460636
298.343,0.460636
298.409,0.460636
298.476,0.460636
298.542,0.460636
298.609,0.460636
298.676,0.460636
298.742,0.460636
298.809,0.460636
298.875,0.460636
298.942,0.460636
299.009,0.382359
299.075,0.382359
299.142,0.382359
299.208,0.382359
299.275,0.382359
299.342,0.382359
299.408,0.382359
299.475,0.382359
299.541,0.382359
299.608,0.382359
299.675,0.382359
299.741,0.42826
299.808,0.42826
299.875,0.42826
299.941,0.42826
300.008,0.42826
300.074,0.42826
300.141,0.42826
300.208,0.42826
300.274,0.42826
300.341,0.42826
300.407,0.42826
300.474,0.489447
300.541,0.489447
300.607,0.489447
300.674,0.489447
300.74,0.489447
300.807,0.489447
300.874,0.489447
300.94,0.489447
301.007,0.489447
301.073,0.489447
301.14,0.489447
301.207,0.529281
301.273,0.529281
301.34,0.529281
301.407,0.529281
301.473,0.529281
301.54,0.529281
301.606,0.529281
301.673,0.529281
301.74,0.529281
301.806,0.529281
301.873,0.529281
301.939,0.623374
302.006,0.623374
302.073,0.623374
302.139,0.623374
302.206,0.623374
302.272,0.623374
302.339,0.623374
302.406,0.623374
302.472,0.623374
302.539,0.623374
302.606,0.623374
302.672,0.562096
302.739,0.562096
302.805,0.562096
302.872,0.562096
302.939,0.562096
303.005,0.562096
303.072,0.562096
303.138,0.562096
303.205,0.562096
303.272,0.562096
303.338,0.562096
303.405,0.515275
303.471,0.515275
303.538,0.515275
303.605,0.515275
303.671,0.515275
303.738,0.515275
303.804,0.515275
303.871,0.515275
303.938,0.515275
304.004,0.515275
304.071,0.515275
304.138,0.46327
304.204,0.46327
304.271,0.46327
304.337,0.46327
304.404,0.46327
304.471,0.46327
304.537,0.46327
304.604,0.46327
304.67,0.46327
304.737,0.46327
304.804,0.46327
304.87,0.451737
304.937,0.451737
305.003,0.451737
305.07,0.451737
305.137,0.451737
305.203,0.451737
305.27,0.451737
305.336,0.451737
305.403,0.451737
305.47,0.451737
305.536,0.451737
305.603,0.428028
305.67,0.428028
305.736,0.428028
305.803,0.428028
305.869,0.428028
305.936,0.428028
306.003,0.428028
306.069,0.428028
306.136,0.428028
306.202,0.428028
306.269,0.428028
306.336,0.449484
306.402,0.449484
306.469,0.449484
306.535,0.449484
306.602,0.449484
306.669,0.449484
306.735,0.449484
306.802,0.449484
306.868,0.449484
306.935,0.449484
307.002,0.449484
307.068,0.430309
307.135,0.430309
307.202,0.430309
307.268,0.430309
307.335,0.430309
307.401,0.430309
307.468,0.430309
307.535,0.430309
307.601,0.430309
307.668,0.430309
307.734,0.430309
307.801,0.364878
307.868,0.364878
307.934,0.364878
308.001,0.364878
308.067,0.364878
308.134,0.364878
308.201,0.364878
308.267,0.364878
308.334,0.364878
308.401,0.364878
308.467,0.364878
308.534,0.312226
308.6,0.312226
308.667,0.312226
308.734,0.312226
308.8,0.312226
308.867,0.312226
308.933,0.312226
309,0.312226
309.067,0.312226
309.133,0.312226
309.2,0.312226
309.266,0.354121
309.333,0.354121
309.4,0.354121
309.466,0.354121
309.533,0.354121
309.599,0.354121
309.666,0.354121
309.733,0.354121
309.799,0.354121
309.866,0.354121
309.933,0.354121
309.999,0.399841
310.066,0.399841
310.132,0.399841
310.199,0.399841
310.266,0.399841
310.332,0.399841
310.399,0.399841
310.465,0.399841
310.532,0.399841
310.599,0.399841
310.665,0.399841
310.732,0.357432
310.798,0.357432
310.865,0.357432
310.932,0.357432
310.998,0.357432
311.065,0.357432
311.131,0.357432
311.198,0.357432
311.265,0.357432
311.331,0.357432
311.398,0.357432
311.465,0.295007
311.531,0.295007
311.598,0.295007
311.664,0.295007
311.731,0.295007
311.798,0.295007
311.864,0.295007
311.931,0.295007
311.997,0.295007
312.064,0.295007
312.131,0.295007
312.197,0.22744
312.264,0.22744
312.33,0.22744
312.397,0.22744
312.464,0.22744
312.53,0.22744
312.597,0.22744
312.663,0.22744
312.73,0.22744
312.797,0.22744
312.863,0.22744
312.93,0.201169
312.997,0.201169
313.063,0.201169
313.13,0.201169
313.196,0.201169
313.263,0.201169
313.33,0.201169
313.396,0.201169
313.463,0.201169
313.529,0.201169
313.596,0.201169
313.663,0.212752
313.729,0.212752
313.796,0.212752
313.862,0.212752
313.929,0.212752
313.996,0.212752
314.062,0.212752
314.129,0.212752
314.196,0.212752
314.262,0.212752
314.329,0.212752
314.395,0.283262
314.462,0.283262
314.529,0.283262
314.595,0.283262
314.662,0.283262
314.728,0.283262
314.795,0.283262
314.862,0.283262
314.928,0.283262
314.995,0.283262
315.061,0.283262
315.128,0.294517
315.195,0.294517
315.261,0.294517
315.328,0.294517
315.394,0.294517
315.461,0.294517
315.528,0.294517
315.594,0.294517
315.661,0.294517
315.728,0.294517
315.794,0.294517
315.861,0.268841
315.927,0.268841
315.994,0.268841
316.061,0.268841
316.127,0.268841
316.194,0.268841
316.26,0.268841
316.327,0.268841
316.394,0.268841
316.46,0.268841
316.527,0.268841
316.593,0.220014
316.66,0.220014
316.727,0.220014
316.793,0.220014
316.86,0.220014
316.926,0.220014
316.993,0.220014
317.06,0.220014
317.126,0.220014
317.193,0.220014
317.26,0.220014
317.326,0.160919
317.393,0.160919
317.459,0.160919
317.526,0.160919
317.593,0.160919
317.659,0.160919
317.726,0.160919
317.792,0.160919
317.859,0.160919
317.926,0.160919
317.992,0.160919
318.059,0.106848
318.125,0.106848
318.192,0.106848
318.259,0.106848
318.325,0.106848
318.392,0.106848
318.458,0.106848
318.525,0.106848
318.592,0.106848
318.658,0.106848
318.725,0.106848
318.792,0.0568257
318.858,0.0568257
318.925,0.0568257
318.991,0.0568257
319.058,0.0568257
319.125,0.0568257
319.191,0.0568257
319.258,0.0568257
319.324,0.0568257
319.391,0.0568257
319.458,0.0568257
319.524,0.0201384
319.591,0.0201384
319.657,0.0201384
319.724,0.0201384
319.791,0.0201384
319.857,0.0201384
319.924,0.0201384
319.991,0.0201384
320.057,0.0201384
320.124,0.0201384
320.19,0.0201384
320.257,0.0100437
320.324,0.0100437
320.39,0.0100437
320.457,0.0100437
320.523,0.0100437
320.59,0.0100437
320.657,0.0100437
320.723,0.0100437
320.79,0.0100437
320.856,0.0100437
320.923,0.0100437
320.99,0.0106511
321.056,0.0106511
321.123,0.0106511
321.189,0.0106511
321.256,0.0106511
321.323,0.0106511
321.389,0.0106511
321.456,0.0106511
321.523,0.0106511
321.589,0.0106511
321.656,0.0106511
321.722,0.0114976
321.789,0.0114976
321.856,0.0114976
321.922,0.0114976
321.989,0.0114976
322.055,0.0114976
322.122,0.0114976
322.189,0.0114976
322.255,0.0114976
322.322,0.0114976
322.388,0.0114976
322.455,0.0140448
322.522,0.0140448
322.588,0.0140448
322.655,0.0140448
322.721,0.0140448
322.788,0.0140448
322.855,0.0140448
322.921,0.0140448
322.988,0.0140448
323.055,0.0140448
323.121,0.0140448
323.188,0.0144993
323.254,0.0144993
323.321,0.0144993
323.388,0.0144993
323.454,0.0144993
323.521,0.0144993
323.587,0.0144993
323.654,0.0144993
323.721,0.0144993
323.787,0.0144993
323.854,0.0144993
323.92,0.013888
323.987,0.013888
324.054,0.013888
324.12,0.013888
324.187,0.013888
324.253,0.013888
324.32,0.013888
324.387,0.013888
324.453,0.013888
324.52,0.013888
324.587,0.013888
324.653,0.01379
324.72,0.01379
324.786,0.01379
324.853,0.01379
324.92,0.01379
324.986,0.01379
325.053,0.01379
325.119,0.01379
325.186,0.01379
325.253,0.01379
325.319,0.01379
325.386,0.014084
325.452,0.014084
325.519,0.014084
325.586,0.014084
325.652,0.014084
325.719,0.014084
325.786,0.014084
325.852,0.014084
325.919,0.014084
325.985,0.014084
326.052,0.014084
326.119,0.0137234
326.185,0.0137234
326.252,0.0137234
326.318,0.0137234
326.385,0.0137234
326.452,0.0137234
326.518,0.0137234
326.585,0.0137234
326.651,0.0137234
326.718,0.0137234
326.785,0.0137234
326.851,0.0135745
326.918,0.0135745
326.984,0.0135745
327.051,0.0135745
327.118,0.0135745
327.184,0.0135745
327.251,0.0135745
327.318,0.0135745
327.384,0.0135745
327.451,0.0135745
327.517,0.0135745
327.584,0.0383488
327.651,0.0383488
327.717,0.0383488
327.784,0.0383488
327.85,0.0383488
327.917,0.0383488
327.984,0.0383488
328.05,0.0383488
328.117,0.0383488
328.183,0.0383488
328.25,0.0383488
328.317,0.0950177
328.383,0.0950177
328.45,0.0950177
328.516,0.0950177
328.583,0.0950177
328.65,0.0950177
328.716,0.0950177
328.783,0.0950177
328.85,0.0950177
328.916,0.0950177
328.983,0.0950177
329.049,0.109897
329.116,0.109897
329.183,0.109897
329.249,0.109897
329.316,0.109897
329.382,0.109897
329.449,0.109897
329.516,0.109897
329.582,0.109897
329.649,0.109897
329.715,0.109897
329.782,0.0945279
329.849,0.0945279
329.915,0.0945279
329.982,0.0945279
330.048,0.0945279
330.115,0.0945279
330.182,0.0945279
330.248,0.0945279
330.315,0.0945279
330.382,0.0945279
330.448,0.0945279
330.515,0.0664854
330.581,0.0664854
330.648,0.0664854
330.715,0.0664854
330.781,0.0664854
330.848,0.0664854
330.914,0.0664854
330.981,0.0664854
331.048,0.0664854
331.114,0.0664854
331.181,0.0664854
331.247,0.103047
331.314,0.103047
331.381,0.103047
331.447,0.103047
331.514,0.103047
331.581,0.103047
331.647,0.103047
331.714,0.103047
331.78,0.103047
331.847,0.103047
331.914,0.103047
331.98,0.0972436
332.047,0.0972436
332.113,0.0972436
332.18,0.0972436
332.247,0.0972436
332.313,0.0972436
332.38,0.0972436
332.446,0.0972436
332.513,0.0972436
332.58,0.0972436
332.646,0.0972436
332.713,0.0865767
332.779,0.0865767
332.846,0.0865767
332.913,0.0865767
332.979,0.0865767
333.046,0.0865767
333.113,0.0865767
333.179,0.0865767
333.246,0.0865767
333.312,0.0865767
333.379,0.0865767
333.446,0.0732883
333.512,0.0732883
333.579,0.0732883
333.645,0.0732883
333.712,0.0732883
333.779,0.0732883
333.845,0.0732883
333.912,0.0732883
333.978,0.0732883
334.045,0.0732883
334.112,0.0732883
334.178,0.0435842
334.245,0.0435842
334.311,0.0435842
334.378,0.0435842
334.445,0.0435842
334.511,0.0435842
334.578,0.0435842
334.645,0.0435842
334.711,0.0435842
334.778,0.0435842
334.844,0.0435842
334.911,0.0268865
334.978,0.0268865
335.044,0.0268865
335.111,0.0268865
335.177,0.0268865
335.244,0.0268865
335.311,0.0268865
335.377,0.0268865
335.444,0.0268865
335.51,0.0268865
335.577,0.0268865
335.644,0.020205
335.71,0.020205
335.777,0.020205
335.843,0.020205
335.91,0.020205
335.977,0.020205
336.043,0.020205
336.11,0.020205
336.177,0.020205
336.243,0.020205
336.31,0.020205
336.376,0.0198484
336.443,0.0198484
336.51,0.0198484
336.576,0.0198484
336.643,0.0198484
336.709,0.0198484
336.776,0.0198484
336.843,0.0198484
336.909,0.0198484
336.976,0.0198484
337.042,0.0198484
337.109,0.0498268
337.176,0.0498268
337.242,0.0498268
337.309,0.0498268
337.375,0.0498268
337.442,0.0498268
337.509,0.0498268
337.575,0.0498268
337.642,0.0498268
337.709,0.0498268
337.775,0.0498268
337.842,0.123119
337.908,0.123119
337.975,0.123119
338.042,0.123119
338.108,0.123119
338.175,0.123119
338.241,0.123119
338.308,0.123119
338.375,0.123119
338.441,0.123119
338.508,0.123119
338.574,0.149649
338.641,0.149649
338.708,0.149649
338.774,0.149649
338.841,0.149649
338.908,0.149649
338.974,0.149649
339.041,0.149649
339.107,0.149649
339.174,0.149649
339.241,0.149649
339.307,0.108812
339.374,0.108812
339.44,0.108812
339.507,0.108812
339.574,0.108812
339.64,0.108812
339.707,0.108812
339.773,0.108812
339.84,0.108812
339.907,0.108812
339.973,0.108812
340.04,0.0762234
340.106,0.0762234
340.173,0.0762234
340.24,0.0762234
340.306,0.0762234
340.373,0.0762234
340.44,0.0762234
340.506,0.0762234
340.573,0.0762234
340.639,0.0762234
340.706,0.0762234
340.773,0.0464488
340.839,0.0464488
340.906,0.0464488
340.972,0.0464488
341.039,0.0464488
341.106,0.0464488
341.172,0.0464488
341.239,0.0464488
341.305,0.0464488
341.372,0.0464488
341.439,0.0464488
341.505,0.0176383
341.572,0.0176383
341.638,0.0176383
341.705,0.0176383
341.772,0.0176383
341.838,0.0176383
341.905,0.0176383
341.972,0.0176383
342.038,0.0176383
342.105,0.0176383
342.171,0.0176383
342.238,0.00759844
342.305,0.00759844
342.371,0.00759844
342.438,0.00759844
342.504,0.00759844
342.571,0.00759844
342.638,0.00759844
342.704,0.00759844
342.771,0.00759844
342.837,0.00759844
342.904,0.00759844
342.971,0.00770816
343.037,0.00770816
343.104,0.00770816
343.17,0.00770816
343.237,0.00770816
343.304,0.00770816
343.37,0.00770816
343.437,0.00770816
343.504,0.00770816
343.57,0.00770816
343.637,0.00770816
343.703,0.00769641
343.77,0.00769641
343.837,0.00769641
343.903,0.00769641
343.97,0.00769641
344.036,0.00769641
344.103,0.00769641
344.17,0.00769641
344.236,0.00769641
344.303,0.00769641
344.369,0.00769641
344.436,0.00762587
344.503,0.00762587
344.569,0.00762587
344.636,0.00762587
344.703,0.00762587
344.769,0.00762587
344.836,0.00762587
344.902,0.00762587
344.969,0.00762587
345.036,0.00762587
345.102,0.00762587
345.169,0.00784924
345.235,0.00784924
345.302,0.00784924
345.369,0.00784924
345.435,0.00784924
345.502,0.00784924
345.568,0.00784924
345.635,0.00784924
345.702,0.00784924
345.768,0.00784924
345.835,0.00784924
345.901,0.00782573
345.968,0.00782573
346.035,0.00782573
346.101,0.00782573
346.168,0.00782573
346.235,0.00782573
346.301,0.00782573
346.368,0.00782573
346.434,0.00782573
346.501,0.00782573
346.568,0.00782573
346.634,0.00788059
346.701,0.00788059
346.767,0.00788059
346.834,0.00788059
346.901,0.00788059
346.967,0.00788059
347.034,0.00788059
347.1,0.00788059
347.167,0.00788059
347.234,0.00788059
347.3,0.00788059
347.367,0.00784532
347.433,0.00784532
347.5,0.00784532
347.567,0.00784532
347.633,0.00784532
347.7,0.00784532
347.767,0.00784532
347.833,0.00784532
347.9,0.00784532
347.966,0.00784532
348.033,0.00784532
348.1,0.00767681
348.166,0.00767681
348.233,0.00767681
348.299,0.00767681
348.366,0.00767681
348.433,0.00767681
348.499,0.00767681
348.566,0.00767681
348.632,0.00767681
348.699,0.00767681
348.766,0.00767681
348.832,0.00759844
348.899,0.00759844
348.965,0.00759844
349.032,0.00759844
349.099,0.00759844
349.165,0.00759844
349.232,0.00759844
349.299,0.00759844
349.365,0.00759844
349.432,0.00759844
349.498,0.00759844
349.565,0.00758668
349.632,0.00758668
349.698,0.00758668
349.765,0.00758668
349.831,0.00758668
349.898,0.00758668
349.965,0.00758668
350.031,0.00758668
350.098,0.00758668
350.164,0.00758668
350.231,0.00758668
350.298,0.0292299
350.364,0.0292299
350.431,0.0292299
350.498,0.0292299
350.564,0.0292299
350.631,0.0292299
350.697,0.0292299
350.764,0.0292299
350.831,0.0292299
350.897,0.0292299
350.964,0.0292299
351.03,0.0696791
351.097,0.0696791
351.164,0.0696791
351.23,0.0696791
351.297,0.0696791
351.363,0.0696791
351.43,0.0696791
351.497,0.0696791
351.563,0.0696791
351.63,0.0696791
351.696,0.0696791
351.763,0.0686328
351.83,0.0686328
351.896,0.0686328
351.963,0.0686328
352.03,0.0686328
352.096,0.0686328
352.163,0.0686328
352.229,0.0686328
352.296,0.0686328
352.363,0.0686328
352.429,0.0686328
352.496,0.10021
352.562,0.10021
352.629,0.10021
352.696,0.10021
352.762,0.10021
352.829,0.10021
352.895,0.10021
352.962,0.10021
353.029,0.10021
353.095,0.10021
353.162,0.10021
353.228,0.127939
353.295,0.127939
353.362,0.127939
353.428,0.127939
353.495,0.127939
353.562,0.127939
353.628,0.127939
353.695,0.127939
353.761,0.127939
353.828,0.127939
353.895,0.127939
353.961,0.129577
354.028,0.129577
354.094,0.129577
354.161,0.129577
354.228,0.129577
354.294,0.129577
354.361,0.129577
354.427,0.129577
354.494,0.129577
354.561,0.129577
354.627,0.129577
354.694,0.123558
354.76,0.123558
354.827,0.123558
354.894,0.123558
354.96,0.123558
355.027,0.123558
355.094,0.123558
355.16,0.123558
355.227,0.123558
355.293,0.123558
355.36,0.123558
355.427,0.157138
355.493,0.157138
355.56,0.157138
355.626,0.157138
355.693,0.157138
355.76,0.157138
355.826,0.157138
355.893,0.157138
355.959,0.157138
356.026,0.157138
356.093,0.157138
356.159,0.158979
356.226,0.158979
356.293,0.158979
356.359,0.158979
356.426,0.158979
356.492,0.158979
356.559,0.158979
356.626,0.158979
356.692,0.158979
356.759,0.158979
356.825,0.158979
356.892,0.216091
356.959,0.216091
357.025,0.216091
357.092,0.216091
357.158,0.216091
357.225,0.216091
357.292,0.216091
357.358,0.216091
357.425,0.216091
357.491,0.216091
357.558,0.216091
357.625,0.214947
357.691,0.214947
357.758,0.214947
357.825,0.214947
357.891,0.214947
357.958,0.214947
358.024,0.214947
358.091,0.214947
358.158,0.214947
358.224,0.214947
358.291,0.214947
358.357,0.212341
358.424,0.212341
358.491,0.212341
358.557,0.212341
358.624,0.212341
358.69,0.212341
358.757,0.212341
358.824,0.212341
358.89,0.212341
358.957,0.212341
359.023,0.212341
359.09,0.240039
359.157,0.240039
359.223,0.240039
359.29,0.240039
359.357,0.240039
359.423,0.240039
359.49,0.240039
359.556,0.240039
359.623,0.240039
359.69,0.240039
359.756,0.240039
359.823,0.257673
359.889,0.257673
359.956,0.257673
360.023,0.257673
360.089,0.257673
360.156,0.257673
360.222,0.257673
360.289,0.257673
360.356,0.257673
360.422,0.257673
360.489,0.257673
360.555,0.261631
360.622,0.261631
360.689,0.261631
360.755,0.261631
360.822,0.261631
360.889,0.261631
360.955,0.261631
361.022,0.261631
361.088,0.261631
361.155,0.261631
361.222,0.261631
361.288,0.292268
361.355,0.292268
361.421,0.292268
361.488,0.292268
361.555,0.292268
361.621,0.292268
361.688,0.292268
361.754,0.292268
361.821,0.292268
361.888,0.292268
361.954,0.292268
362.021,0.296876
362.088,0.296876
362.154,0.296876
362.221,0.296876
362.287,0.296876
362.354,0.296876
362.421,0.296876
362.487,0.296876
362.554,0.296876
362.62,0.296876
362.687,0.296876
362.754,0.308769
362.82,0.308769
362.887,0.308769
362.953,0.308769
363.02,0.308769
363.087,0.308769
363.153,0.308769
363.22,0.308769
363.286,0.308769
363.353,0.308769
363.42,0.308769
363.486,0.315655
363.553,0.315655
363.62,0.315655
363.686,0.315655
363.753,0.315655
363.819,0.315655
363.886,0.315655
363.953,0.315655
364.019,0.315655
364.086,0.315655
364.152,0.315655
364.219,0.308001
364.286,0.308001
364.352,0.308001
364.419,0.308001
364.485,0.308001
364.552,0.308001
364.619,0.308001
364.685,0.308001
364.752,0.308001
364.818,0.308001
364.885,0.308001
364.952,0.303361
365.018,0.303361
365.085,0.303361
365.152,0.303361
365.218,0.303361
365.285,0.303361
365.351,0.303361
365.418,0.303361
365.485,0.303361
365.551,0.303361
365.618,0.303361
365.684,0.323551
365.751,0.323551
365.818,0.323551
365.884,0.323551
365.951,0.323551
366.017,0.323551
366.084,0.323551
366.151,0.323551
366.217,0.323551
366.284,0.323551
366.35,0.323551
366.417,0.356907
366.484,0.356907
366.55,0.356907
366.617,0.356907
366.684,0.356907
366.75,0.356907
366.817,0.356907
366.883,0.356907
366.95,0.356907
367.017,0.356907
367.083,0.356907
367.15,0.386658
367.216,0.386658
367.283,0.386658
367.35,0.386658
367.416,0.386658
367.483,0.386658
367.549,0.386658
367.616,0.386658
367.683,0.386658
367.749,0.386658
367.816,0.386658
367.883,0.414928
367.949,0.414928
368.016,0.414928
368.082,0.414928
368.149,0.414928
368.216,0.414928
368.282,0.414928
368.349,0.414928
368.415,0.414928
368.482,0.414928
368.549,0.414928
368.615,0.502006
368.682,0.502006
368.748,0.502006
368.815,0.502006
368.882,0.502006
368.948,0.502006
369.015,0.502006
369.081,0.502006
369.148,0.502006
369.215,0.502006
369.281,0.502006
369.348,0.536589
369.415,0.536589
369.481,0.536589
369.548,0.536589
369.614,0.536589
369.681,0.536589
369.748,0.536589
369.814,0.536589
369.881,0.536589
369.947,0.536589
370.014,0.536589
370.081,0.553244
370.147,0.553244
370.214,0.553244
370.28,0.553244
370.347,0.553244
370.414,0.553244
370.48,0.553244
370.547,0.553244
370.613,0.553244
370.68,0.553244
370.747,0.553244
370.813,0.590441
370.88,0.590441
370.947,0.590441
371.013,0.590441
371.08,0.590441
371.146,0.590441
371.213,0.590441
371.28,0.590441
371.346,0.590441
371.413,0.590441
371.479,0.590441
371.546,0.619416
371.613,0.619416
371.679,0.619416
371.746,0.619416
371.812,0.619416
371.879,0.619416
371.946,0.619416
372.012,0.619416
372.079,0.619416
372.145,0.619416
372.212,0.619416
372.279,0.646353
372.345,0.646353
372.412,0.646353
372.479,0.646353
372.545,0.646353
372.612,0.646353
372.678,0.646353
372.745,0.646353
372.812,0.646353
372.878,0.646353
372.945,0.646353
373.011,0.657949
373.078,0.657949
373.145,0.657949
373.211,0.657949
373.278,0.657949
373.344,0.657949
373.411,0.657949
373.478,0.657949
373.544,0.657949
373.611,0.657949
373.678,0.657949
373.744,0.667166
373.811,0.667166
373.877,0.667166
373.944,0.667166
374.011,0.667166
374.077,0.667166
374.144,0.667166
374.21,0.667166
374.277,0.667166
374.344,0.667166
374.41,0.667166
374.477,0.662828
374.543,0.662828
374.61,0.662828
374.677,0.662828
374.743,0.662828
374.81,0.662828
374.876,0.662828
374.943,0.662828
375.01,0.662828
375.076,0.662828
375.143,0.662828
375.21,0.655221
375.276,0.655221
375.343,0.655221
375.409,0.655221
375.476,0.655221
375.543,0.655221
375.609,0.655221
375.676,0.655221
375.742,0.655221
375.809,0.655221
375.876,0.655221
375.942,0.661566
376.009,0.661566
376.075,0.661566
376.142,0.661566
376.209,0.661566
376.275,0.661566
376.342,0.661566
376.408,0.661566
376.475,0.661566
376.542,0.661566
376.608,0.661566
376.675,0.68034
376.742,0.68034
376.808,0.68034
376.875,0.68034
376.941,0.68034
377.008,0.68034
377.075,0.68034
377.141,0.68034
377.208,0.68034
377.274,0.68034
377.341,0.68034
377.408,0.680677
377.474,0.680677
377.541,0.680677
377.607,0.680677
377.674,0.680677
377.741,0.680677
377.807,0.680677
377.874,0.680677
377.94,0.680677
378.007,0.680677
378.074,0.680677
378.14,0.69214
378.207,0.69214
378.274,0.69214
378.34,0.69214
378.407,0.69214
378.473,0.69214
378.54,0.69214
378.607,0.69214
378.673,0.69214
378.74,0.69214
378.806,0.69214
378.873,0.695843
378.94,0.695843
379.006,0.695843
379.073,0.695843
379.139,0.695843
379.206,0.695843
379.273,0.695843
379.339,0.695843
379.406,0.695843
379.473,0.695843
379.539,0.695843
379.606,0.697301
379.672,0.697301
379.739,0.697301
379.806,0.697301
379.872,0.697301
379.939,0.697301
380.005,0.697301
380.072,0.697301
380.139,0.697301
380.205,0.697301
380.272,0.697301
380.338,0.739149
380.405,0.739149
380.472,0.739149
380.538,0.739149
380.605,0.739149
380.671,0.739149
380.738,0.739149
380.805,0.739149
380.871,0.739149
380.938,0.739149
381.005,0.739149
381.071,0.798342
381.138,0.798342
381.204,0.798342
381.271,0.798342
381.338,0.798342
381.404,0.798342
381.471,0.798342
381.537,0.798342
381.604,0.798342
381.671,0.798342
381.737,0.798342
381.804,0.800301
381.87,0.800301
381.937,0.800301
382.004,0.800301
382.07,0.800301
382.137,0.800301
