0,0
0.0666092,0.0652039
0.133218,0.0652039
0.199828,0.0652039
0.266437,0.0652039
0.333046,0.0652039
0.399655,0.0867844
0.466264,0.0867844
0.532873,0.0867844
0.599483,0.0867844
0.666092,0.0867844
0.732701,0.0969732
0.79931,0.0969732
0.865919,0.0969732
0.932529,0.0969732
0.999138,0.0969732
1.06575,0.101049
1.13236,0.101049
1.19897,0.101049
1.26557,0.101049
1.33218,0.101049
1.39879,0.100457
1.4654,0.100457
1.53201,0.100457
1.59862,0.100457
1.66523,0.100457
1.73184,0.10793
1.79845,0.10793
1.86506,0.10793
1.93167,0.10793
1.99828,0.10793
2.06488,0.111324
2.13149,0.111324
2.1981,0.111324
2.26471,0.111324
2.33132,0.111324
2.39793,0.11197
2.46454,0.11197
2.53115,0.11197
2.59776,0.11197
2.66437,0.11197
2.73098,0.112648
2.79759,0.112648
2.86419,0.112648
2.9308,0.112648
2.99741,0.112648
3.06402,0.114349
3.13063,0.114349
3.19724,0.114349
3.26385,0.114349
3.33046,0.114349
3.39707,0.115364
3.46368,0.115364
3.53029,0.115364
3.5969,0.115364
3.6635,0.115364
3.73011,0.116414
3.79672,0.116414
3.86333,0.116414
3.92994,0.116414
3.99655,0.116414
4.06316,0.118213
4.12977,0.118213
4.19638,0.118213
4.26299,0.118213
4.3296,0.118213
4.39621,0.121512
4.46282,0.121512
4.52942,0.121512
4.59603,0.121512
4.66264,0.121512
4.72925,0.123123
4.79586,0.123123
4.86247,0.123123
4.92908,0.123123
4.99569,0.123123
5.0623,0.123793
5.12891,0.123793
5.19552,0.123793
5.26213,0.123793
5.32873,0.123793
5.39534,0.123354
5.46195,0.123354
5.52856,0.123354
5.59517,0.123354
5.66178,0.123354
5.72839,0.144504
5.795,0.144504
5.86161,0.144504
5.92822,0.144504
5.99483,0.144504
6.06144,0.165351
6.12804,0.165351
6.19465,0.165351
6.26126,0.165351
6.32787,0.165351
6.39448,0.16378
6.46109,0.16378
6.5277,0.16378
6.59431,0.16378
6.66092,0.16378
6.72753,0.16503
6.79414,0.16503
6.86075,0.16503
6.92735,0.16503
6.99396,0.16503
7.06057,0.167197
7.12718,0.167197
7.19379,0.167197
7.2604,0.167197
7.32701,0.167197
7.39362,0.188311
7.46023,0.188311
7.52684,0.188311
7.59345,0.188311
7.66006,0.188311
7.72666,0.203508
7.79327,0.203508
7.85988,0.203508
7.92649,0.203508
7.9931,0.203508
8.05971,0.201988
8.12632,0.201988
8.19293,0.201988
8.25954,0.201988
8.32615,0.201988
8.39276,0.202873
8.45937,0.202873
8.52598,0.202873
8.59258,0.202873
8.65919,0.202873
8.7258,0.204296
8.79241,0.204296
8.85902,0.204296
8.92563,0.204296
8.99224,0.204296
9.05885,0.205362
9.12546,0.205362
9.19207,0.205362
9.25868,0.205362
9.32529,0.205362
9.39189,0.206271
9.4585,0.206271
9.52511,0.206271
9.59172,0.206271
9.65833,0.206271
9.72494,0.205291
9.79155,0.205291
9.85816,0.205291
9.92477,0.205291
9.99138,0.205291
10.058,0.202187
10.1246,0.202187
10.1912,0.202187
10.2578,0.202187
10.3244,0.202187
10.391,0.196591
10.4576,0.196591
10.5243,0.196591
10.5909,0.196591
10.6575,0.196591
10.7241,0.191971
10.7907,0.191971
10.8573,0.191971
10.9239,0.191971
10.9905,0.191971
11.0571,0.187845
11.1237,0.187845
11.1903,0.187845
11.257,0.187845
11.3236,0.187845
11.3902,0.184902
11.4568,0.184902
11.5234,0.184902
11.59,0.184902
11.6566,0.184902
11.7232,0.182323
11.7898,0.182323
11.8564,0.182323
11.923,0.182323
11.9897,0.182323
12.0563,0.182163
12.1229,0.182163
12.1895,0.182163
12.2561,0.182163
12.3227,0.182163
12.3893,0.181159
12.4559,0.181159
12.5225,0.181159
12.5891,0.181159
12.6557,0.181159
12.7224,0.179953
12.789,0.179953
12.8556,0.179953
12.9222,0.179953
12.9888,0.179953
13.0554,0.181598
13.122,0.181598
13.1886,0.181598
13.2552,0.181598
13.3218,0.181598
13.3884,0.18228
13.4551,0.18228
13.5217,0.18228
13.5883,0.18228
13.6549,0.18228
13.7215,0.182915
13.7881,0.182915
13.8547,0.182915
13.9213,0.182915
13.9879,0.182915
14.0545,0.183307
14.1211,0.183307
14.1878,0.183307
14.2544,0.183307
14.321,0.183307
14.3876,0.182272
14.4542,0.182272
14.5208,0.182272
14.5874,0.182272
14.654,0.182272
14.7206,0.1821
14.7872,0.1821
14.8538,0.1821
14.9205,0.1821
14.9871,0.1821
15.0537,0.181594
15.1203,0.181594
15.1869,0.181594
15.2535,0.181594
15.3201,0.181594
15.3867,0.181845
15.4533,0.181845
15.5199,0.181845
15.5865,0.181845
15.6532,0.181845
15.7198,0.182766
15.7864,0.182766
15.853,0.182766
15.9196,0.182766
15.9862,0.182766
16.0528,0.179639
16.1194,0.179639
16.186,0.179639
16.2526,0.179639
16.3192,0.179639
16.3859,0.179435
16.4525,0.179435
16.5191,0.179435
16.5857,0.179435
16.6523,0.179435
16.7189,0.17911
16.7855,0.17911
16.8521,0.17911
16.9187,0.17911
16.9853,0.17911
17.052,0.178867
17.1186,0.178867
17.1852,0.178867
17.2518,0.178867
17.3184,0.178867
17.385,0.17922
17.4516,0.17922
17.5182,0.17922
17.5848,0.17922
17.6514,0.17922
17.718,0.179337
17.7847,0.179337
17.8513,0.179337
17.9179,0.179337
17.9845,0.179337
18.0511,0.179384
18.1177,0.179384
18.1843,0.179384
18.2509,0.179384
18.3175,0.179384
18.3841,0.1794
18.4507,0.1794
18.5174,0.1794
18.584,0.1794
18.6506,0.1794
18.7172,0.177064
18.7838,0.177064
18.8504,0.177064
18.917,0.177064
18.9836,0.177064
19.0502,0.177221
19.1168,0.177221
19.1834,0.177221
19.2501,0.177221
19.3167,0.177221
19.3833,0.176774
19.4499,0.176774
19.5165,0.176774
19.5831,0.176774
19.6497,0.176774
19.7163,0.176692
19.7829,0.176692
19.8495,0.176692
19.9161,0.176692
19.9828,0.176692
20.0494,0.176782
20.116,0.176782
20.1826,0.176782
20.2492,0.176782
20.3158,0.176782
20.3824,0.177151
20.449,0.177151
20.5156,0.177151
20.5822,0.177151
20.6488,0.177151
20.7155,0.179079
20.7821,0.179079
20.8487,0.179079
20.9153,0.179079
20.9819,0.179079
21.0485,0.181167
21.1151,0.181167
21.1817,0.181167
21.2483,0.181167
21.3149,0.181167
21.3815,0.179796
21.4482,0.179796
21.5148,0.179796
21.5814,0.179796
21.648,0.179796
21.7146,0.180975
21.7812,0.180975
21.8478,0.180975
21.9144,0.180975
21.981,0.180975
22.0476,0.181128
22.1142,0.181128
22.1809,0.181128
22.2475,0.181128
22.3141,0.181128
22.3807,0.18054
22.4473,0.18054
22.5139,0.18054
22.5805,0.18054
22.6471,0.18054
22.7137,0.18462
22.7803,0.18462
22.8469,0.18462
22.9136,0.18462
22.9802,0.18462
23.0468,0.189448
23.1134,0.189448
23.18,0.189448
23.2466,0.189448
23.3132,0.189448
23.3798,0.189357
23.4464,0.189357
23.513,0.189357
23.5796,0.189357
23.6463,0.189357
23.7129,0.188378
23.7795,0.188378
23.8461,0.188378
23.9127,0.188378
23.9793,0.188378
24.0459,0.188652
24.1125,0.188652
24.1791,0.188652
24.2457,0.188652
24.3124,0.188652
24.379,0.189295
24.4456,0.189295
24.5122,0.189295
24.5788,0.189295
24.6454,0.189295
24.712,0.189514
24.7786,0.189514
24.8452,0.189514
24.9118,0.189514
24.9784,0.189514
25.0451,0.189381
25.1117,0.189381
25.1783,0.189381
25.2449,0.189381
25.3115,0.189381
25.3781,0.188111
25.4447,0.188111
25.5113,0.188111
25.5779,0.188111
25.6445,0.188111
25.7111,0.18665
25.7778,0.18665
25.8444,0.18665
25.911,0.18665
25.9776,0.18665
26.0442,0.185936
26.1108,0.185936
26.1774,0.185936
26.244,0.185936
26.3106,0.185936
26.3772,0.189863
26.4438,0.189863
26.5105,0.189863
26.5771,0.189863
26.6437,0.189863
26.7103,0.192959
26.7769,0.192959
26.8435,0.192959
26.9101,0.192959
26.9767,0.192959
27.0433,0.1954
27.1099,0.1954
27.1765,0.1954
27.2432,0.1954
27.3098,0.1954
27.3764,0.201188
27.443,0.201188
27.5096,0.201188
27.5762,0.201188
27.6428,0.201188
27.7094,0.213046
27.776,0.213046
27.8426,0.213046
27.9092,0.213046
27.9759,0.213046
28.0425,0.218944
28.1091,0.218944
28.1757,0.218944
28.2423,0.218944
28.3089,0.218944
28.3755,0.22773
28.4421,0.22773
28.5087,0.22773
28.5753,0.22773
28.6419,0.22773
28.7086,0.237601
28.7752,0.237601
28.8418,0.237601
28.9084,0.237601
28.975,0.237601
29.0416,0.247116
29.1082,0.247116
29.1748,0.247116
29.2414,0.247116
29.308,0.247116
29.3746,0.255118
29.4413,0.255118
29.5079,0.255118
29.5745,0.255118
29.6411,0.255118
29.7077,0.262113
29.7743,0.262113
29.8409,0.262113
29.9075,0.262113
29.9741,0.262113
30.0407,0.270954
30.1073,0.270954
30.174,0.270954
30.2406,0.270954
30.3072,0.270954
30.3738,0.275115
30.4404,0.275115
30.507,0.275115
30.5736,0.275115
30.6402,0.275115
30.7068,0.278176
30.7734,0.278176
30.8401,0.278176
30.9067,0.278176
30.9733,0.278176
31.0399,0.279959
31.1065,0.279959
31.1731,0.279959
31.2397,0.279959
31.3063,0.279959
31.3729,0.284665
31.4395,0.284665
31.5061,0.284665
31.5728,0.284665
31.6394,0.284665
31.706,0.284959
31.7726,0.284959
31.8392,0.284959
31.9058,0.284959
31.9724,0.284959
32.039,0.284587
32.1056,0.284587
32.1722,0.284587
32.2388,0.284587
32.3055,0.284587
32.3721,0.284156
32.4387,0.284156
32.5053,0.284156
32.5719,0.284156
32.6385,0.284156
32.7051,0.283321
32.7717,0.283321
32.8383,0.283321
32.9049,0.283321
32.9715,0.283321
33.0382,0.281346
33.1048,0.281346
33.1714,0.281346
33.238,0.281346
33.3046,0.281346
33.3712,0.294564
33.4378,0.294564
33.5044,0.294564
33.571,0.294564
33.6376,0.294564
33.7042,0.320145
33.7709,0.320145
33.8375,0.320145
33.9041,0.320145
33.9707,0.320145
34.0373,0.340832
34.1039,0.340832
34.1705,0.340832
34.2371,0.340832
34.3037,0.340832
34.3703,0.347451
34.4369,0.347451
34.5036,0.347451
34.5702,0.347451
34.6368,0.347451
34.7034,0.365062
34.77,0.365062
34.8366,0.365062
34.9032,0.365062
34.9698,0.365062
35.0364,0.371164
35.103,0.371164
35.1696,0.371164
35.2363,0.371164
35.3029,0.371164
35.3695,0.375169
35.4361,0.375169
35.5027,0.375169
35.5693,0.375169
35.6359,0.375169
35.7025,0.378895
35.7691,0.378895
35.8357,0.378895
35.9023,0.378895
35.969,0.378895
36.0356,0.379597
36.1022,0.379597
36.1688,0.379597
36.2354,0.379597
36.302,0.379597
36.3686,0.379236
36.4352,0.379236
36.5018,0.379236
36.5684,0.379236
36.635,0.379236
36.7017,0.372692
36.7683,0.372692
36.8349,0.372692
36.9015,0.372692
36.9681,0.372692
37.0347,0.368236
37.1013,0.368236
37.1679,0.368236
37.2345,0.368236
37.3011,0.368236
37.3678,0.364835
37.4344,0.364835
37.501,0.364835
37.5676,0.364835
37.6342,0.364835
37.7008,0.360748
37.7674,0.360748
37.834,0.360748
37.9006,0.360748
37.9672,0.360748
38.0338,0.371438
38.1005,0.371438
38.1671,0.371438
38.2337,0.371438
38.3003,0.371438
38.3669,0.38424
38.4335,0.38424
38.5001,0.38424
38.5667,0.38424
38.6333,0.38424
38.6999,0.401687
38.7665,0.401687
38.8332,0.401687
38.8998,0.401687
38.9664,0.401687
39.033,0.414869
39.0996,0.414869
39.1662,0.414869
39.2328,0.414869
39.2994,0.414869
39.366,0.426696
39.4326,0.426696
39.4992,0.426696
39.5659,0.426696
39.6325,0.426696
39.6991,0.45138
39.7657,0.45138
39.8323,0.45138
39.8989,0.45138
39.9655,0.45138
40.0321,0.469685
40.0987,0.469685
40.1653,0.469685
40.2319,0.469685
40.2986,0.469685
40.3652,0.485461
40.4318,0.485461
40.4984,0.485461
40.565,0.485461
40.6316,0.485461
40.6982,0.51823
40.7648,0.51823
40.8314,0.51823
40.898,0.51823
40.9646,0.51823
41.0313,0.529516
41.0979,0.529516
41.1645,0.529516
41.2311,0.529516
41.2977,0.529516
41.3643,0.548032
41.4309,0.548032
41.4975,0.548032
41.5641,0.548032
41.6307,0.548032
41.6973,0.554494
41.764,0.554494
41.8306,0.554494
41.8972,0.554494
41.9638,0.554494
42.0304,0.5619
42.097,0.5619
42.1636,0.5619
42.2302,0.5619
42.2968,0.5619
42.3634,0.566195
42.43,0.566195
42.4967,0.566195
42.5633,0.566195
42.6299,0.566195
42.6965,0.563053
42.7631,0.563053
42.8297,0.563053
42.8963,0.563053
42.9629,0.563053
43.0295,0.56607
43.0961,0.56607
43.1627,0.56607
43.2294,0.56607
43.296,0.56607
43.3626,0.570075
43.4292,0.570075
43.4958,0.570075
43.5624,0.570075
43.629,0.570075
43.6956,0.569781
43.7622,0.569781
43.8288,0.569781
43.8954,0.569781
43.9621,0.569781
44.0287,0.569859
44.0953,0.569859
44.1619,0.569859
44.2285,0.569859
44.2951,0.569859
44.3617,0.572806
44.4283,0.572806
44.4949,0.572806
44.5615,0.572806
44.6282,0.572806
44.6948,0.573567
44.7614,0.573567
44.828,0.573567
44.8946,0.573567
44.9612,0.573567
45.0278,0.577952
45.0944,0.577952
45.161,0.577952
45.2276,0.577952
45.2942,0.577952
45.3609,0.582462
45.4275,0.582462
45.4941,0.582462
45.5607,0.582462
45.6273,0.582462
45.6939,0.586393
45.7605,0.586393
45.8271,0.586393
45.8937,0.586393
45.9603,0.586393
46.0269,0.59075
46.0936,0.59075
46.1602,0.59075
46.2268,0.59075
46.2934,0.59075
46.36,0.595574
46.4266,0.595574
46.4932,0.595574
46.5598,0.595574
46.6264,0.595574
46.693,0.597737
46.7596,0.597737
46.8263,0.597737
46.8929,0.597737
46.9595,0.597737
47.0261,0.598741
47.0927,0.598741
47.1593,0.598741
47.2259,0.598741
47.2925,0.598741
47.3591,0.600343
47.4257,0.600343
47.4923,0.600343
47.559,0.600343
47.6256,0.600343
47.6922,0.601734
47.7588,0.601734
47.8254,0.601734
47.892,0.601734
47.9586,0.601734
48.0252,0.602514
48.0918,0.602514
48.1584,0.602514
48.225,0.602514
48.2917,0.602514
48.3583,0.602749
48.4249,0.602749
48.4915,0.602749
48.5581,0.602749
48.6247,0.602749
48.6913,0.60253
48.7579,0.60253
48.8245,0.60253
48.8911,0.60253
48.9577,0.60253
49.0244,0.601284
49.091,0.601284
49.1576,0.601284
49.2242,0.601284
49.2908,0.601284
49.3574,0.601417
49.424,0.601417
49.4906,0.601417
49.5572,0.601417
49.6238,0.601417
49.6904,0.605285
49.7571,0.605285
49.8237,0.605285
49.8903,0.605285
49.9569,0.605285
50.0235,0.60541
50.0901,0.60541
50.1567,0.60541
50.2233,0.60541
50.2899,0.60541
50.3565,0.604928
50.4231,0.604928
50.4898,0.604928
50.5564,0.604928
50.623,0.604928
50.6896,0.604815
50.7562,0.604815
50.8228,0.604815
50.8894,0.604815
50.956,0.604815
51.0226,0.602503
51.0892,0.602503
51.1559,0.602503
51.2225,0.602503
51.2891,0.602503
51.3557,0.606409
51.4223,0.606409
51.4889,0.606409
51.5555,0.606409
51.6221,0.606409
51.6887,0.606139
51.7553,0.606139
51.8219,0.606139
51.8886,0.606139
51.9552,0.606139
52.0218,0.606703
52.0884,0.606703
52.155,0.606703
52.2216,0.606703
52.2882,0.606703
52.3548,0.609592
52.4214,0.609592
52.488,0.609592
52.5546,0.609592
52.6213,0.609592
52.6879,0.622378
52.7545,0.622378
52.8211,0.622378
52.8877,0.622378
52.9543,0.622378
53.0209,0.630388
53.0875,0.630388
53.1541,0.630388
53.2207,0.630388
53.2873,0.630388
53.354,0.63321
53.4206,0.63321
53.4872,0.63321
53.5538,0.63321
53.6204,0.63321
53.687,0.633496
53.7536,0.633496
53.8202,0.633496
53.8868,0.633496
53.9534,0.633496
54.02,0.632465
54.0867,0.632465
54.1533,0.632465
54.2199,0.632465
54.2865,0.632465
54.3531,0.635957
54.4197,0.635957
54.4863,0.635957
54.5529,0.635957
54.6195,0.635957
54.6861,0.641357
54.7527,0.641357
54.8194,0.641357
54.886,0.641357
54.9526,0.641357
55.0192,0.644296
55.0858,0.644296
55.1524,0.644296
55.219,0.644296
55.2856,0.644296
55.3522,0.648728
55.4188,0.648728
55.4854,0.648728
55.5521,0.648728
55.6187,0.648728
55.6853,0.648062
55.7519,0.648062
55.8185,0.648062
55.8851,0.648062
55.9517,0.648062
56.0183,0.649958
56.0849,0.649958
56.1515,0.649958
56.2181,0.649958
56.2848,0.649958
56.3514,0.654359
56.418,0.654359
56.4846,0.654359
56.5512,0.654359
56.6178,0.654359
56.6844,0.65472
56.751,0.65472
56.8176,0.65472
56.8842,0.65472
56.9508,0.65472
57.0175,0.653893
57.0841,0.653893
57.1507,0.653893
57.2173,0.653893
57.2839,0.653893
57.3505,0.652592
57.4171,0.652592
57.4837,0.652592
57.5503,0.652592
57.6169,0.652592
57.6836,0.652165
57.7502,0.652165
57.8168,0.652165
57.8834,0.652165
57.95,0.652165
58.0166,0.65305
58.0832,0.65305
58.1498,0.65305
58.2164,0.65305
58.283,0.65305
58.3496,0.652823
58.4163,0.652823
58.4829,0.652823
58.5495,0.652823
58.6161,0.652823
58.6827,0.650668
58.7493,0.650668
58.8159,0.650668
58.8825,0.650668
58.9491,0.650668
59.0157,0.650777
59.0823,0.650777
59.149,0.650777
59.2156,0.650777
59.2822,0.650777
59.3488,0.651522
59.4154,0.651522
59.482,0.651522
59.5486,0.651522
59.6152,0.651522
59.6818,0.651953
59.7484,0.651953
59.815,0.651953
59.8817,0.651953
59.9483,0.651953
60.0149,0.652098
60.0815,0.652098
60.1481,0.652098
60.2147,0.652098
60.2813,0.652098
60.3479,0.653086
60.4145,0.653086
60.4811,0.653086
60.5477,0.653086
60.6144,0.653086
60.681,0.652992
60.7476,0.652992
60.8142,0.652992
60.8808,0.652992
60.9474,0.652992
61.014,0.651122
61.0806,0.651122
61.1472,0.651122
61.2138,0.651122
61.2804,0.651122
61.3471,0.648281
61.4137,0.648281
61.4803,0.648281
61.5469,0.648281
61.6135,0.648281
61.6801,0.64883
61.7467,0.64883
61.8133,0.64883
61.8799,0.64883
61.9465,0.64883
62.0131,0.650993
62.0798,0.650993
62.1464,0.650993
62.213,0.650993
62.2796,0.650993
62.3462,0.652502
62.4128,0.652502
62.4794,0.652502
62.546,0.652502
62.6126,0.652502
62.6792,0.654238
62.7458,0.654238
62.8125,0.654238
62.8791,0.654238
62.9457,0.654238
63.0123,0.654747
63.0789,0.654747
63.1455,0.654747
63.2121,0.654747
63.2787,0.654747
63.3453,0.65521
63.4119,0.65521
63.4785,0.65521
63.5452,0.65521
63.6118,0.65521
63.6784,0.657024
63.745,0.657024
63.8116,0.657024
63.8782,0.657024
63.9448,0.657024
64.0114,0.656138
64.078,0.656138
64.1446,0.656138
64.2112,0.656138
64.2779,0.656138
64.3445,0.656279
64.4111,0.656279
64.4777,0.656279
64.5443,0.656279
64.6109,0.656279
64.6775,0.657071
64.7441,0.657071
64.8107,0.657071
64.8773,0.657071
64.944,0.657071
65.0106,0.657122
65.0772,0.657122
65.1438,0.657122
65.2104,0.657122
65.277,0.657122
65.3436,0.653775
65.4102,0.653775
65.4768,0.653775
65.5434,0.653775
65.61,0.653775
65.6767,0.653575
65.7433,0.653575
65.8099,0.653575
65.8765,0.653575
65.9431,0.653575
66.0097,0.651589
66.0763,0.651589
66.1429,0.651589
66.2095,0.651589
66.2761,0.651589
66.3427,0.650915
66.4094,0.650915
66.476,0.650915
66.5426,0.650915
66.6092,0.650915
66.6758,0.652964
66.7424,0.652964
66.809,0.652964
66.8756,0.652964
66.9422,0.652964
67.0088,0.652729
67.0754,0.652729
67.1421,0.652729
67.2087,0.652729
67.2753,0.652729
67.3419,0.65115
67.4085,0.65115
67.4751,0.65115
67.5417,0.65115
67.6083,0.65115
67.6749,0.651475
67.7415,0.651475
67.8081,0.651475
67.8748,0.651475
67.9414,0.651475
68.008,0.650734
68.0746,0.650734
68.1412,0.650734
68.2078,0.650734
68.2744,0.650734
68.341,0.649845
68.4076,0.649845
68.4742,0.649845
68.5408,0.649845
68.6075,0.649845
68.6741,0.649414
68.7407,0.649414
68.8073,0.649414
68.8739,0.649414
68.9405,0.649414
69.0071,0.647113
69.0737,0.647113
69.1403,0.647113
69.2069,0.647113
69.2735,0.647113
69.3402,0.64553
69.4068,0.64553
69.4734,0.64553
69.54,0.64553
69.6066,0.64553
69.6732,0.646428
69.7398,0.646428
69.8064,0.646428
69.873,0.646428
69.9396,0.646428
70.0062,0.645914
70.0729,0.645914
70.1395,0.645914
70.2061,0.645914
70.2727,0.645914
70.3393,0.645366
70.4059,0.645366
70.4725,0.645366
70.5391,0.645366
70.6057,0.645366
70.6723,0.643896
70.7389,0.643896
70.8056,0.643896
70.8722,0.643896
70.9388,0.643896
71.0054,0.642462
71.072,0.642462
71.1386,0.642462
71.2052,0.642462
71.2718,0.642462
71.3384,0.641952
71.405,0.641952
71.4717,0.641952
71.5383,0.641952
71.6049,0.641952
71.6715,0.641604
71.7381,0.641604
71.8047,0.641604
71.8713,0.641604
71.9379,0.641604
72.0045,0.642258
72.0711,0.642258
72.1377,0.642258
72.2044,0.642258
72.271,0.642258
72.3376,0.651165
72.4042,0.651165
72.4708,0.651165
72.5374,0.651165
72.604,0.651165
72.6706,0.65122
72.7372,0.65122
72.8038,0.65122
72.8704,0.65122
72.9371,0.65122
73.0037,0.649688
73.0703,0.649688
73.1369,0.649688
73.2035,0.649688
73.2701,0.649688
73.3367,0.648928
73.4033,0.648928
73.4699,0.648928
73.5365,0.648928
73.6031,0.648928
73.6698,0.646902
73.7364,0.646902
73.803,0.646902
73.8696,0.646902
73.9362,0.646902
74.0028,0.648634
74.0694,0.648634
74.136,0.648634
74.2026,0.648634
74.2692,0.648634
74.3358,0.646322
74.4025,0.646322
74.4691,0.646322
74.5357,0.646322
74.6023,0.646322
74.6689,0.646498
74.7355,0.646498
74.8021,0.646498
74.8687,0.646498
74.9353,0.646498
75.0019,0.646149
75.0685,0.646149
75.1352,0.646149
75.2018,0.646149
75.2684,0.646149
75.335,0.650315
75.4016,0.650315
75.4682,0.650315
75.5348,0.650315
75.6014,0.650315
75.668,0.65077
75.7346,0.65077
75.8012,0.65077
75.8679,0.65077
75.9345,0.65077
76.0011,0.650229
76.0677,0.650229
76.1343,0.650229
76.2009,0.650229
76.2675,0.650229
76.3341,0.649633
76.4007,0.649633
76.4673,0.649633
76.5339,0.649633
76.6006,0.649633
76.6672,0.647878
76.7338,0.647878
76.8004,0.647878
76.867,0.647878
76.9336,0.647878
77.0002,0.644892
77.0668,0.644892
77.1334,0.644892
77.2,0.644892
77.2666,0.644892
77.3333,0.646349
77.3999,0.646349
77.4665,0.646349
77.5331,0.646349
77.5997,0.646349
77.6663,0.645076
77.7329,0.645076
77.7995,0.645076
77.8661,0.645076
77.9327,0.645076
77.9994,0.644942
78.066,0.644942
78.1326,0.644942
78.1992,0.644942
78.2658,0.644942
78.3324,0.643873
78.399,0.643873
78.4656,0.643873
78.5322,0.643873
78.5988,0.643873
78.6654,0.643845
78.7321,0.643845
78.7987,0.643845
78.8653,0.643845
78.9319,0.643845
78.9985,0.651937
79.0651,0.651937
79.1317,0.651937
79.1983,0.651937
79.2649,0.651937
79.3315,0.651973
79.3981,0.651973
79.4648,0.651973
79.5314,0.651973
79.598,0.651973
79.6646,0.653764
79.7312,0.653764
79.7978,0.653764
79.8644,0.653764
79.931,0.653764
79.9976,0.655974
80.0642,0.655974
80.1308,0.655974
80.1975,0.655974
80.2641,0.655974
80.3307,0.655315
80.3973,0.655315
80.4639,0.655315
80.5305,0.655315
80.5971,0.655315
80.6637,0.65827
80.7303,0.65827
80.7969,0.65827
80.8635,0.65827
80.9302,0.65827
80.9968,0.656973
81.0634,0.656973
81.13,0.656973
81.1966,0.656973
81.2632,0.656973
81.3298,0.65568
81.3964,0.65568
81.463,0.65568
81.5296,0.65568
81.5962,0.65568
81.6629,0.65608
81.7295,0.65608
81.7961,0.65608
81.8627,0.65608
81.9293,0.65608
81.9959,0.6578
82.0625,0.6578
82.1291,0.6578
82.1957,0.6578
82.2623,0.6578
82.3289,0.659908
82.3956,0.659908
82.4622,0.659908
82.5288,0.659908
82.5954,0.659908
82.662,0.660825
82.7286,0.660825
82.7952,0.660825
82.8618,0.660825
82.9284,0.660825
82.995,0.663251
83.0616,0.663251
83.1283,0.663251
83.1949,0.663251
83.2615,0.663251
83.3281,0.661315
83.3947,0.661315
83.4613,0.661315
83.5279,0.661315
83.5945,0.661315
83.6611,0.660555
83.7277,0.660555
83.7943,0.660555
83.861,0.660555
83.9276,0.660555
83.9942,0.657643
84.0608,0.657643
84.1274,0.657643
84.194,0.657643
84.2606,0.657643
84.3272,0.658325
84.3938,0.658325
84.4604,0.658325
84.527,0.658325
84.5937,0.658325
84.6603,0.656989
84.7269,0.656989
84.7935,0.656989
84.8601,0.656989
84.9267,0.656989
84.9933,0.657232
85.0599,0.657232
85.1265,0.657232
85.1931,0.657232
85.2598,0.657232
85.3264,0.65613
85.393,0.65613
85.4596,0.65613
85.5262,0.65613
85.5928,0.65613
85.6594,0.657349
85.726,0.657349
85.7926,0.657349
85.8592,0.657349
85.9258,0.657349
85.9925,0.657455
86.0591,0.657455
86.1257,0.657455
86.1923,0.657455
86.2589,0.657455
86.3255,0.655123
86.3921,0.655123
86.4587,0.655123
86.5253,0.655123
86.5919,0.655123
86.6585,0.654567
86.7252,0.654567
86.7918,0.654567
86.8584,0.654567
86.925,0.654567
86.9916,0.652404
87.0582,0.652404
87.1248,0.652404
87.1914,0.652404
87.258,0.652404
87.3246,0.653956
87.3912,0.653956
87.4579,0.653956
87.5245,0.653956
87.5911,0.653956
87.6577,0.651436
87.7243,0.651436
87.7909,0.651436
87.8575,0.651436
87.9241,0.651436
87.9907,0.650895
88.0573,0.650895
88.1239,0.650895
88.1906,0.650895
88.2572,0.650895
88.3238,0.650327
88.3904,0.650327
88.457,0.650327
88.5236,0.650327
88.5902,0.650327
88.6568,0.649563
88.7234,0.649563
88.79,0.649563
88.8566,0.649563
88.9233,0.649563
88.9899,0.649884
89.0565,0.649884
89.1231,0.649884
89.1897,0.649884
89.2563,0.649884
89.3229,0.649469
89.3895,0.649469
89.4561,0.649469
89.5227,0.649469
89.5893,0.649469
89.656,0.648642
89.7226,0.648642
89.7892,0.648642
89.8558,0.648642
89.9224,0.648642
89.989,0.649461
90.0556,0.649461
90.1222,0.649461
90.1888,0.649461
90.2554,0.649461
90.322,0.650852
90.3887,0.650852
90.4553,0.650852
90.5219,0.650852
90.5885,0.650852
90.6551,0.653497
90.7217,0.653497
90.7883,0.653497
90.8549,0.653497
90.9215,0.653497
90.9881,0.655108
91.0547,0.655108
91.1214,0.655108
91.188,0.655108
91.2546,0.655108
91.3212,0.657816
91.3878,0.657816
91.4544,0.657816
91.521,0.657816
91.5876,0.657816
91.6542,0.658109
91.7208,0.658109
91.7875,0.658109
91.8541,0.658109
91.9207,0.658109
91.9873,0.658544
92.0539,0.658544
92.1205,0.658544
92.1871,0.658544
92.2537,0.658544
92.3203,0.659505
92.3869,0.659505
92.4535,0.659505
92.5202,0.659505
92.5868,0.659505
92.6534,0.658823
92.72,0.658823
92.7866,0.658823
92.8532,0.658823
92.9198,0.658823
92.9864,0.657851
93.053,0.657851
93.1196,0.657851
93.1862,0.657851
93.2529,0.657851
93.3195,0.65521
93.3861,0.65521
93.4527,0.65521
93.5193,0.65521
93.5859,0.65521
93.6525,0.654637
93.7191,0.654637
93.7857,0.654637
93.8523,0.654637
93.9189,0.654637
93.9856,0.651953
94.0522,0.651953
94.1188,0.651953
94.1854,0.651953
94.252,0.651953
94.3186,0.651996
94.3852,0.651996
94.4518,0.651996
94.5184,0.651996
94.585,0.651996
94.6516,0.653983
94.7183,0.653983
94.7849,0.653983
94.8515,0.653983
94.9181,0.653983
94.9847,0.658541
95.0513,0.658541
95.1179,0.658541
95.1845,0.658541
95.2511,0.658541
95.3177,0.66677
95.3843,0.66677
95.451,0.66677
95.5176,0.66677
95.5842,0.66677
95.6508,0.678526
95.7174,0.678526
95.784,0.678526
95.8506,0.678526
95.9172,0.678526
95.9838,0.684765
96.0504,0.684765
96.117,0.684765
96.1837,0.684765
96.2503,0.684765
96.3169,0.690271
96.3835,0.690271
96.4501,0.690271
96.5167,0.690271
96.5833,0.690271
96.6499,0.697477
96.7165,0.697477
96.7831,0.697477
96.8497,0.697477
96.9164,0.697477
96.983,0.708869
97.0496,0.708869
97.1162,0.708869
97.1828,0.708869
97.2494,0.708869
97.316,0.714277
97.3826,0.714277
97.4492,0.714277
97.5158,0.714277
97.5824,0.714277
97.6491,0.722886
97.7157,0.722886
97.7823,0.722886
97.8489,0.722886
97.9155,0.722886
97.9821,0.729854
98.0487,0.729854
98.1153,0.729854
98.1819,0.729854
98.2485,0.729854
98.3152,0.735657
98.3818,0.735657
98.4484,0.735657
98.515,0.735657
98.5816,0.735657
98.6482,0.738201
98.7148,0.738201
98.7814,0.738201
98.848,0.738201
98.9146,0.738201
98.9812,0.743518
99.0479,0.743518
99.1145,0.743518
99.1811,0.743518
99.2477,0.743518
99.3143,0.748519
99.3809,0.748519
99.4475,0.748519
99.5141,0.748519
99.5807,0.748519
99.6473,0.749914
99.7139,0.749914
99.7806,0.749914
99.8472,0.749914
99.9138,0.749914
99.9804,0.757716
100.047,0.757716
100.114,0.757716
100.18,0.757716
100.247,0.757716
100.313,0.751003
100.38,0.751003
100.447,0.751003
100.513,0.751003
100.58,0.751003
100.646,0.757352
100.713,0.757352
100.78,0.757352
100.846,0.757352
100.913,0.757352
100.98,0.7415
101.046,0.7415
101.113,0.7415
101.179,0.7415
101.246,0.7415
101.313,0.722628
101.379,0.722628
101.446,0.722628
101.512,0.722628
101.579,0.722628
101.646,0.667683
101.712,0.667683
101.779,0.667683
101.845,0.667683
101.912,0.667683
101.979,0.659889
102.045,0.659889
102.112,0.659889
102.178,0.659889
102.245,0.659889
102.312,0.649696
102.378,0.649696
102.445,0.649696
102.512,0.649696
102.578,0.649696
102.645,0.65218
102.711,0.65218
102.778,0.65218
102.845,0.65218
102.911,0.65218
102.978,0.661499
103.044,0.661499
103.111,0.661499
103.178,0.661499
103.244,0.661499
103.311,0.61244
103.377,0.61244
103.444,0.61244
103.511,0.61244
103.577,0.61244
103.644,0.598141
103.71,0.598141
103.777,0.598141
103.844,0.598141
103.91,0.598141
103.977,0.581337
104.044,0.581337
104.11,0.581337
104.177,0.581337
104.243,0.581337
104.31,0.572963
104.377,0.572963
104.443,0.572963
104.51,0.572963
104.576,0.572963
104.643,0.57107
104.71,0.57107
104.776,0.57107
104.843,0.57107
104.909,0.57107
104.976,0.57756
105.043,0.57756
105.109,0.57756
105.176,0.57756
105.243,0.57756
105.309,0.592717
105.376,0.592717
105.442,0.592717
105.509,0.592717
105.576,0.592717
105.642,0.596491
105.709,0.596491
105.775,0.596491
105.842,0.596491
105.909,0.596491
105.975,0.594085
106.042,0.594085
106.108,0.594085
106.175,0.594085
106.242,0.594085
106.308,0.595398
106.375,0.595398
106.441,0.595398
106.508,0.595398
106.575,0.595398
106.641,0.600759
106.708,0.600759
106.775,0.600759
106.841,0.600759
106.908,0.600759
106.974,0.602612
107.041,0.602612
107.108,0.602612
107.174,0.602612
107.241,0.602612
107.307,0.595033
107.374,0.595033
107.441,0.595033
107.507,0.595033
107.574,0.595033
107.64,0.569722
107.707,0.569722
107.774,0.569722
107.84,0.569722
107.907,0.569722
107.973,0.548106
108.04,0.548106
108.107,0.548106
108.173,0.548106
108.24,0.548106
108.307,0.55005
108.373,0.55005
108.44,0.55005
108.506,0.55005
108.573,0.55005
108.64,0.560012
108.706,0.560012
108.773,0.560012
108.839,0.560012
108.906,0.560012
108.973,0.561889
109.039,0.561889
109.106,0.561889
109.172,0.561889
109.239,0.561889
109.306,0.555999
109.372,0.555999
109.439,0.555999
109.505,0.555999
109.572,0.555999
109.639,0.546837
109.705,0.546837
109.772,0.546837
109.839,0.546837
109.905,0.546837
109.972,0.54072
110.038,0.54072
110.105,0.54072
110.172,0.54072
110.238,0.54072
110.305,0.548581
110.371,0.548581
110.438,0.548581
110.505,0.548581
110.571,0.548581
110.638,0.548745
110.704,0.548745
110.771,0.548745
110.838,0.548745
110.904,0.548745
110.971,0.554094
111.038,0.554094
111.104,0.554094
111.171,0.554094
111.237,0.554094
111.304,0.545246
111.371,0.545246
111.437,0.545246
111.504,0.545246
111.57,0.545246
111.637,0.519931
111.704,0.519931
111.77,0.519931
111.837,0.519931
111.903,0.519931
111.97,0.506764
112.037,0.506764
112.103,0.506764
112.17,0.506764
112.236,0.506764
112.303,0.491963
112.37,0.491963
112.436,0.491963
112.503,0.491963
112.57,0.491963
112.636,0.495678
112.703,0.495678
112.769,0.495678
112.836,0.495678
112.903,0.495678
112.969,0.530425
113.036,0.530425
113.102,0.530425
113.169,0.530425
113.236,0.530425
113.302,0.558566
113.369,0.558566
113.435,0.558566
113.502,0.558566
113.569,0.558566
113.635,0.568872
113.702,0.568872
113.768,0.568872
113.835,0.568872
113.902,0.568872
113.968,0.553134
114.035,0.553134
114.102,0.553134
114.168,0.553134
114.235,0.553134
114.301,0.543894
114.368,0.543894
114.435,0.543894
114.501,0.543894
114.568,0.543894
114.634,0.537165
114.701,0.537165
114.768,0.537165
114.834,0.537165
114.901,0.537165
114.967,0.527631
115.034,0.527631
115.101,0.527631
115.167,0.527631
115.234,0.527631
115.3,0.504123
115.367,0.504123
115.434,0.504123
115.5,0.504123
115.567,0.504123
115.634,0.445435
115.7,0.445435
115.767,0.445435
115.833,0.445435
115.9,0.445435
115.967,0.393242
116.033,0.393242
116.1,0.393242
116.166,0.393242
116.233,0.393242
116.3,0.360164
116.366,0.360164
116.433,0.360164
116.499,0.360164
116.566,0.360164
116.633,0.333787
116.699,0.333787
116.766,0.333787
116.833,0.333787
116.899,0.333787
116.966,0.329535
117.032,0.329535
117.099,0.329535
117.166,0.329535
117.232,0.329535
117.299,0.324084
117.365,0.324084
117.432,0.324084
117.499,0.324084
117.565,0.324084
117.632,0.316787
117.698,0.316787
117.765,0.316787
117.832,0.316787
117.898,0.316787
117.965,0.324629
118.031,0.324629
118.098,0.324629
118.165,0.324629
118.231,0.324629
118.298,0.326662
118.365,0.326662
118.431,0.326662
118.498,0.326662
118.564,0.326662
118.631,0.315682
118.698,0.315682
118.764,0.315682
118.831,0.315682
118.897,0.315682
118.964,0.299298
119.031,0.299298
119.097,0.299298
119.164,0.299298
119.23,0.299298
119.297,0.274974
119.364,0.274974
119.43,0.274974
119.497,0.274974
119.563,0.274974
119.63,0.253354
119.697,0.253354
119.763,0.253354
119.83,0.253354
119.897,0.253354
119.963,0.242037
120.03,0.242037
120.096,0.242037
120.163,0.242037
120.23,0.242037
120.296,0.240497
120.363,0.240497
120.429,0.240497
120.496,0.240497
120.563,0.240497
120.629,0.239267
120.696,0.239267
120.762,0.239267
120.829,0.239267
120.896,0.239267
120.962,0.227213
121.029,0.227213
121.095,0.227213
121.162,0.227213
121.229,0.227213
121.295,0.238871
121.362,0.238871
121.429,0.238871
121.495,0.238871
121.562,0.238871
121.628,0.254228
121.695,0.254228
121.762,0.254228
121.828,0.254228
121.895,0.254228
121.961,0.253315
122.028,0.253315
122.095,0.253315
122.161,0.253315
122.228,0.253315
122.294,0.234266
122.361,0.234266
122.428,0.234266
122.494,0.234266
122.561,0.234266
122.628,0.217145
122.694,0.217145
122.761,0.217145
122.827,0.217145
122.894,0.217145
122.961,0.19665
123.027,0.19665
123.094,0.19665
123.16,0.19665
123.227,0.19665
123.294,0.17864
123.36,0.17864
123.427,0.17864
123.493,0.17864
123.56,0.17864
123.627,0.164227
123.693,0.164227
123.76,0.164227
123.826,0.164227
123.893,0.164227
123.96,0.167032
124.026,0.167032
124.093,0.167032
124.16,0.167032
124.226,0.167032
124.293,0.157106
124.359,0.157106
124.426,0.157106
124.493,0.157106
124.559,0.157106
124.626,0.172225
124.692,0.172225
124.759,0.172225
124.826,0.172225
124.892,0.172225
124.959,0.177433
125.025,0.177433
125.092,0.177433
125.159,0.177433
125.225,0.177433
125.292,0.175203
125.358,0.175203
125.425,0.175203
125.492,0.175203
125.558,0.175203
125.625,0.187108
125.692,0.187108
125.758,0.187108
125.825,0.187108
125.891,0.187108
125.958,0.213466
126.025,0.213466
126.091,0.213466
126.158,0.213466
126.224,0.213466
126.291,0.230908
126.358,0.230908
126.424,0.230908
126.491,0.230908
126.557,0.230908
126.624,0.26678
126.691,0.26678
126.757,0.26678
126.824,0.26678
126.89,0.26678
126.957,0.297425
127.024,0.297425
127.09,0.297425
127.157,0.297425
127.224,0.297425
127.29,0.289505
127.357,0.289505
127.423,0.289505
127.49,0.289505
127.557,0.289505
127.623,0.277008
127.69,0.277008
127.756,0.277008
127.823,0.277008
127.89,0.277008
127.956,0.257853
128.023,0.257853
128.089,0.257853
128.156,0.257853
128.223,0.257853
128.289,0.231989
128.356,0.231989
128.422,0.231989
128.489,0.231989
128.556,0.231989
128.622,0.21066
128.689,0.21066
128.756,0.21066
128.822,0.21066
128.889,0.21066
128.955,0.176285
129.022,0.176285
129.089,0.176285
129.155,0.176285
129.222,0.176285
129.288,0.156554
129.355,0.156554
129.422,0.156554
129.488,0.156554
129.555,0.156554
129.621,0.145217
129.688,0.145217
129.755,0.145217
129.821,0.145217
129.888,0.145217
129.955,0.111813
130.021,0.111813
130.088,0.111813
130.154,0.111813
130.221,0.111813
130.288,0.082466
130.354,0.082466
130.421,0.082466
130.487,0.082466
130.554,0.082466
130.621,0.0646004
130.687,0.0646004
130.754,0.0646004
130.82,0.0646004
130.887,0.0646004
130.954,0.0436704
131.02,0.0436704
131.087,0.0436704
131.153,0.0436704
131.22,0.0436704
131.287,0.0286538
131.353,0.0286538
131.42,0.0286538
131.487,0.0286538
131.553,0.0286538
131.62,0.0131043
131.686,0.0131043
131.753,0.0131043
131.82,0.0131043
131.886,0.0131043
131.953,0.000391874
132.019,0.000391874
132.086,0.000391874
132.153,0.000391874
132.219,0.000391874
132.286,0.00382077
132.352,0.00382077
132.419,0.00382077
132.486,0.00382077
132.552,0.00382077
132.619,0.00390698
132.685,0.00390698
132.752,0.00390698
132.819,0.00390698
132.885,0.00390698
132.952,0.00505126
133.019,0.00505126
133.085,0.00505126
133.152,0.00505126
133.218,0.00505126
133.285,0.00705765
133.352,0.00705765
133.418,0.00705765
133.485,0.00705765
133.551,0.00705765
133.618,0.0325843
133.685,0.0325843
133.751,0.0325843
133.818,0.0325843
133.884,0.0325843
133.951,0.0839002
134.018,0.0839002
134.084,0.0839002
134.151,0.0839002
134.217,0.0839002
134.284,0.127418
134.351,0.127418
134.417,0.127418
134.484,0.127418
134.551,0.127418
134.617,0.169736
134.684,0.169736
134.75,0.169736
134.817,0.169736
134.884,0.169736
134.95,0.215836
135.017,0.215836
135.083,0.215836
135.15,0.215836
135.217,0.215836
135.283,0.237969
135.35,0.237969
135.416,0.237969
135.483,0.237969
135.55,0.237969
135.616,0.233063
135.683,0.233063
135.75,0.233063
135.816,0.233063
135.883,0.233063
135.949,0.203171
136.016,0.203171
136.083,0.203171
136.149,0.203171
136.216,0.203171
136.282,0.165778
136.349,0.165778
136.416,0.165778
136.482,0.165778
136.549,0.165778
136.615,0.137289
136.682,0.137289
136.749,0.137289
136.815,0.137289
136.882,0.137289
136.948,0.103051
137.015,0.103051
137.082,0.103051
137.148,0.103051
137.215,0.103051
137.282,0.0744443
137.348,0.0744443
137.415,0.0744443
137.481,0.0744443
137.548,0.0744443
137.615,0.0536358
137.681,0.0536358
137.748,0.0536358
137.814,0.0536358
137.881,0.0536358
137.948,0.0430709
138.014,0.0430709
138.081,0.0430709
138.147,0.0430709
138.214,0.0430709
138.281,0.0338305
138.347,0.0338305
138.414,0.0338305
138.48,0.0338305
138.547,0.0338305
138.614,0.0228149
138.68,0.0228149
138.747,0.0228149
138.814,0.0228149
138.88,0.0228149
138.947,0.0133394
139.013,0.0133394
139.08,0.0133394
139.147,0.0133394
139.213,0.0133394
139.28,0.0135079
139.346,0.0135079
139.413,0.0135079
139.48,0.0135079
139.546,0.0135079
139.613,0.0141114
139.679,0.0141114
139.746,0.0141114
139.813,0.0141114
139.879,0.0141114
139.946,0.0142564
140.012,0.0142564
140.079,0.0142564
140.146,0.0142564
140.212,0.0142564
140.279,0.0228423
140.346,0.0228423
140.412,0.0228423
140.479,0.0228423
140.545,0.0228423
140.612,0.043016
140.679,0.043016
140.745,0.043016
140.812,0.043016
140.878,0.043016
140.945,0.0717678
141.012,0.0717678
141.078,0.0717678
141.145,0.0717678
141.211,0.0717678
141.278,0.107374
141.345,0.107374
141.411,0.107374
141.478,0.107374
141.545,0.107374
141.611,0.149845
141.678,0.149845
141.744,0.149845
141.811,0.149845
141.878,0.149845
141.944,0.194072
142.011,0.194072
142.077,0.194072
142.144,0.194072
142.211,0.194072
142.277,0.207791
142.344,0.207791
142.41,0.207791
142.477,0.207791
142.544,0.207791
142.61,0.219598
142.677,0.219598
142.743,0.219598
142.81,0.219598
142.877,0.219598
142.943,0.214457
143.01,0.214457
143.077,0.214457
143.143,0.214457
143.21,0.214457
143.276,0.207113
143.343,0.207113
143.41,0.207113
143.476,0.207113
143.543,0.207113
143.609,0.222714
143.676,0.222714
143.743,0.222714
143.809,0.222714
143.876,0.222714
143.942,0.231727
144.009,0.231727
144.076,0.231727
144.142,0.231727
144.209,0.231727
144.275,0.225955
144.342,0.225955
144.409,0.225955
144.475,0.225955
144.542,0.225955
144.609,0.210554
144.675,0.210554
144.742,0.210554
144.808,0.210554
144.875,0.210554
144.942,0.178663
145.008,0.178663
145.075,0.178663
145.141,0.178663
145.208,0.178663
145.275,0.139915
145.341,0.139915
145.408,0.139915
145.474,0.139915
145.541,0.139915
145.608,0.110959
145.674,0.110959
145.741,0.110959
145.807,0.110959
145.874,0.110959
145.941,0.076921
146.007,0.076921
146.074,0.076921
146.141,0.076921
146.207,0.076921
146.274,0.0496779
146.34,0.0496779
146.407,0.0496779
146.474,0.0496779
146.54,0.0496779
146.607,0.0335719
146.673,0.0335719
146.74,0.0335719
146.807,0.0335719
146.873,0.0335719
146.94,0.0227914
147.006,0.0227914
147.073,0.0227914
147.14,0.0227914
147.206,0.0227914
147.273,0.020205
147.34,0.020205
147.406,0.020205
147.473,0.020205
147.539,0.020205
147.606,0.0136176
147.673,0.0136176
147.739,0.0136176
147.806,0.0136176
147.872,0.0136176
147.939,0.0128417
148.006,0.0128417
148.072,0.0128417
148.139,0.0128417
148.205,0.0128417
148.272,0.0143387
148.339,0.0143387
148.405,0.0143387
148.472,0.0143387
148.538,0.0143387
148.605,0.0145464
148.672,0.0145464
148.738,0.0145464
148.805,0.0145464
148.872,0.0145464
148.938,0.0145699
149.005,0.0145699
149.071,0.0145699
149.138,0.0145699
149.205,0.0145699
149.271,0.0160081
149.338,0.0160081
149.404,0.0160081
149.471,0.0160081
149.538,0.0160081
149.604,0.0174502
149.671,0.0174502
149.737,0.0174502
149.804,0.0174502
149.871,0.0174502
149.937,0.0180693
150.004,0.0180693
150.07,0.0180693
150.137,0.0180693
150.204,0.0180693
150.27,0.0207732
150.337,0.0207732
150.404,0.0207732
150.47,0.0207732
150.537,0.0207732
150.603,0.0209613
150.67,0.0209613
150.737,0.0209613
150.803,0.0209613
150.87,0.0209613
150.936,0.0200561
151.003,0.0200561
151.07,0.0200561
151.136,0.0200561
151.203,0.0200561
151.269,0.0325491
151.336,0.0325491
151.403,0.0325491
151.469,0.0325491
151.536,0.0325491
151.602,0.0516255
151.669,0.0516255
151.736,0.0516255
151.802,0.0516255
151.869,0.0516255
151.936,0.064671
152.002,0.064671
152.069,0.064671
152.135,0.064671
152.202,0.064671
152.269,0.0761215
152.335,0.0761215
152.402,0.0761215
152.468,0.0761215
152.535,0.0761215
152.602,0.0829558
152.668,0.0829558
152.735,0.0829558
152.801,0.0829558
152.868,0.0829558
152.935,0.0842059
153.001,0.0842059
153.068,0.0842059
153.135,0.0842059
153.201,0.0842059
153.268,0.0924274
153.334,0.0924274
153.401,0.0924274
153.468,0.0924274
153.534,0.0924274
153.601,0.0914752
153.667,0.0914752
153.734,0.0914752
153.801,0.0914752
153.867,0.0914752
153.934,0.0932268
154,0.0932268
154.067,0.0932268
154.134,0.0932268
154.2,0.0932268
154.267,0.0800129
154.333,0.0800129
154.4,0.0800129
154.467,0.0800129
154.533,0.0800129
154.6,0.0668145
154.667,0.0668145
154.733,0.0668145
154.8,0.0668145
154.866,0.0668145
154.933,0.0550348
155,0.0550348
155.066,0.0550348
155.133,0.0550348
155.199,0.0550348
155.266,0.0501011
155.333,0.0501011
155.399,0.0501011
155.466,0.0501011
155.532,0.0501011
155.599,0.0408607
155.666,0.0408607
155.732,0.0408607
155.799,0.0408607
155.865,0.0408607
155.932,0.0331251
155.999,0.0331251
156.065,0.0331251
156.132,0.0331251
156.199,0.0331251
156.265,0.0277094
156.332,0.0277094
156.398,0.0277094
156.465,0.0277094
156.532,0.0277094
156.598,0.0285833
156.665,0.0285833
156.731,0.0285833
156.798,0.0285833
156.865,0.0285833
156.931,0.0249114
156.998,0.0249114
157.064,0.0249114
157.131,0.0249114
157.198,0.0249114
157.264,0.0210005
157.331,0.0210005
157.397,0.0210005
157.464,0.0210005
157.531,0.0210005
157.597,0.0198759
157.664,0.0198759
157.731,0.0198759
157.797,0.0198759
157.864,0.0198759
157.93,0.0190608
157.997,0.0190608
158.064,0.0190608
158.13,0.0190608
158.197,0.0190608
158.263,0.0184925
158.33,0.0184925
158.397,0.0184925
158.463,0.0184925
158.53,0.0184925
158.596,0.0164352
158.663,0.0164352
158.73,0.0164352
158.796,0.0164352
158.863,0.0164352
158.93,0.0615399
158.996,0.0615399
159.063,0.0615399
159.129,0.0615399
159.196,0.0615399
159.263,0.0811571
159.329,0.0811571
159.396,0.0811571
159.462,0.0811571
159.529,0.0811571
159.596,0.0795308
159.662,0.0795308
159.729,0.0795308
159.795,0.0795308
159.862,0.0795308
159.929,0.0729866
159.995,0.0729866
160.062,0.0729866
160.128,0.0729866
160.195,0.0729866
160.262,0.0688875
160.328,0.0688875
160.395,0.0688875
160.462,0.0688875
160.528,0.0688875
160.595,0.0644163
160.661,0.0644163
160.728,0.0644163
160.795,0.0644163
160.861,0.0644163
160.928,0.0535143
160.994,0.0535143
161.061,0.0535143
161.128,0.0535143
161.194,0.0535143
161.261,0.0435803
161.327,0.0435803
161.394,0.0435803
161.461,0.0435803
161.527,0.0435803
161.594,0.0267454
161.66,0.0267454
161.727,0.0267454
161.794,0.0267454
161.86,0.0267454
161.927,0.0127516
161.994,0.0127516
162.06,0.0127516
162.127,0.0127516
162.193,0.0127516
162.26,0.0530441
162.327,0.0530441
162.393,0.0530441
162.46,0.0530441
162.526,0.0530441
162.593,0.0597765
162.66,0.0597765
162.726,0.0597765
162.793,0.0597765
162.859,0.0597765
162.926,0.0597843
162.993,0.0597843
163.059,0.0597843
163.126,0.0597843
163.192,0.0597843
163.259,0.0587145
163.326,0.0587145
163.392,0.0587145
163.459,0.0587145
163.526,0.0587145
163.592,0.0554933
163.659,0.0554933
163.725,0.0554933
163.792,0.0554933
163.859,0.0554933
163.925,0.0546077
163.992,0.0546077
164.058,0.0546077
164.125,0.0546077
164.192,0.0546077
164.258,0.0464528
164.325,0.0464528
164.391,0.0464528
164.458,0.0464528
164.525,0.0464528
164.591,0.0311501
164.658,0.0311501
164.725,0.0311501
164.791,0.0311501
164.858,0.0311501
164.924,0.0259773
164.991,0.0259773
165.058,0.0259773
165.124,0.0259773
165.191,0.0259773
165.257,0.027055
165.324,0.027055
165.391,0.027055
165.457,0.027055
165.524,0.027055
165.59,0.0275331
165.657,0.0275331
165.724,0.0275331
165.79,0.0275331
165.857,0.0275331
165.923,0.0281522
165.99,0.0281522
166.057,0.0281522
166.123,0.0281522
166.19,0.0281522
166.257,0.0270746
166.323,0.0270746
166.39,0.0270746
166.456,0.0270746
166.523,0.0270746
166.59,0.0273802
166.656,0.0273802
166.723,0.0273802
166.789,0.0273802
166.856,0.0273802
166.923,0.0268355
166.989,0.0268355
167.056,0.0268355
167.122,0.0268355
167.189,0.0268355
167.256,0.0623981
167.322,0.0623981
167.389,0.0623981
167.455,0.0623981
167.522,0.0623981
167.589,0.0803734
167.655,0.0803734
167.722,0.0803734
167.789,0.0803734
167.855,0.0803734
167.922,0.0775754
167.988,0.0775754
168.055,0.0775754
168.122,0.0775754
168.188,0.0775754
168.255,0.0779673
168.321,0.0779673
168.388,0.0779673
168.455,0.0779673
168.521,0.0779673
168.588,0.0816235
168.654,0.0816235
168.721,0.0816235
168.788,0.0816235
168.854,0.0816235
168.921,0.0838258
168.987,0.0838258
169.054,0.0838258
169.121,0.0838258
169.187,0.0838258
169.254,0.0800089
169.321,0.0800089
169.387,0.0800089
169.454,0.0800089
169.52,0.0800089
169.587,0.0764154
169.654,0.0764154
169.72,0.0764154
169.787,0.0764154
169.853,0.0764154
169.92,0.0724105
169.987,0.0724105
170.053,0.0724105
170.12,0.0724105
170.186,0.0724105
170.253,0.0618808
170.32,0.0618808
170.386,0.0618808
170.453,0.0618808
170.52,0.0618808
170.586,0.0462842
170.653,0.0462842
170.719,0.0462842
170.786,0.0462842
170.853,0.0462842
170.919,0.0262752
170.986,0.0262752
171.052,0.0262752
171.119,0.0262752
171.186,0.0262752
171.252,0.0159885
171.319,0.0159885
171.385,0.0159885
171.452,0.0159885
171.519,0.0159885
171.585,0.0143975
171.652,0.0143975
171.718,0.0143975
171.785,0.0143975
171.852,0.0143975
171.918,0.0143857
171.985,0.0143857
172.052,0.0143857
172.118,0.0143857
172.185,0.0143857
172.251,0.014323
172.318,0.014323
172.385,0.014323
172.451,0.014323
172.518,0.014323
172.584,0.0143935
172.651,0.0143935
172.718,0.0143935
172.784,0.0143935
172.851,0.0143935
172.917,0.0141623
172.984,0.0141623
173.051,0.0141623
173.117,0.0141623
173.184,0.0141623
173.25,0.0140095
173.317,0.0140095
173.384,0.0140095
173.45,0.0140095
173.517,0.0140095
173.584,0.0141388
173.65,0.0141388
173.717,0.0141388
173.783,0.0141388
173.85,0.0141388
173.917,0.0142211
173.983,0.0142211
174.05,0.0142211
174.116,0.0142211
174.183,0.0142211
174.25,0.0141388
174.316,0.0141388
174.383,0.0141388
174.449,0.0141388
174.516,0.0141388
174.583,0.0140957
174.649,0.0140957
174.716,0.0140957
174.782,0.0140957
174.849,0.0140957
174.916,0.0230814
174.982,0.0230814
175.049,0.0230814
175.116,0.0230814
175.182,0.0230814
175.249,0.0459002
175.315,0.0459002
175.382,0.0459002
175.449,0.0459002
175.515,0.0459002
175.582,0.0574605
175.648,0.0574605
175.715,0.0574605
175.782,0.0574605
175.848,0.0574605
175.915,0.101589
175.981,0.101589
176.048,0.101589
176.115,0.101589
176.181,0.101589
176.248,0.149715
176.315,0.149715
176.381,0.149715
176.448,0.149715
176.514,0.149715
176.581,0.165763
176.648,0.165763
176.714,0.165763
176.781,0.165763
176.847,0.165763
176.914,0.169297
176.981,0.169297
177.047,0.169297
177.114,0.169297
177.18,0.169297
177.247,0.171037
177.314,0.171037
177.38,0.171037
177.447,0.171037
177.513,0.171037
177.58,0.158403
177.647,0.158403
177.713,0.158403
177.78,0.158403
177.847,0.158403
177.913,0.152827
177.98,0.152827
178.046,0.152827
178.113,0.152827
178.18,0.152827
178.246,0.158552
178.313,0.158552
178.379,0.158552
178.446,0.158552
178.513,0.158552
178.579,0.149986
178.646,0.149986
178.712,0.149986
178.779,0.149986
178.846,0.149986
178.912,0.131246
178.979,0.131246
179.045,0.131246
179.112,0.131246
179.179,0.131246
179.245,0.124107
179.312,0.124107
179.379,0.124107
179.445,0.124107
179.512,0.124107
179.578,0.108424
179.645,0.108424
179.712,0.108424
179.778,0.108424
179.845,0.108424
179.911,0.0894022
179.978,0.0894022
180.045,0.0894022
180.111,0.0894022
180.178,0.0894022
180.244,0.0723164
180.311,0.0723164
180.378,0.0723164
180.444,0.0723164
180.511,0.0723164
180.577,0.0590084
180.644,0.0590084
180.711,0.0590084
180.777,0.0590084
180.844,0.0590084
180.911,0.0587537
180.977,0.0587537
181.044,0.0587537
181.11,0.0587537
181.177,0.0587537
181.244,0.0565866
181.31,0.0565866
181.377,0.0565866
181.443,0.0565866
181.51,0.0565866
181.577,0.0561947
181.643,0.0561947
181.71,0.0561947
181.776,0.0561947
181.843,0.0561947
181.91,0.0778654
181.976,0.0778654
182.043,0.0778654
182.109,0.0778654
182.176,0.0778654
182.243,0.0927919
182.309,0.0927919
182.376,0.0927919
182.443,0.0927919
182.509,0.0927919
182.576,0.0990148
182.642,0.0990148
182.709,0.0990148
182.776,0.0990148
182.842,0.0990148
182.909,0.0993166
182.975,0.0993166
183.042,0.0993166
183.109,0.0993166
183.175,0.0993166
183.242,0.0990775
183.308,0.0990775
183.375,0.0990775
183.442,0.0990775
183.508,0.0990775
183.575,0.0990893
183.642,0.0990893
183.708,0.0990893
183.775,0.0990893
183.841,0.0990893
183.908,0.0990227
183.975,0.0990227
184.041,0.0990227
184.108,0.0990227
184.174,0.0990227
184.241,0.101864
184.308,0.101864
184.374,0.101864
184.441,0.101864
184.507,0.101864
184.574,0.105669
184.641,0.105669
184.707,0.105669
184.774,0.105669
184.84,0.105669
184.907,0.108224
184.974,0.108224
185.04,0.108224
185.107,0.108224
185.174,0.108224
185.24,0.108381
185.307,0.108381
185.373,0.108381
185.44,0.108381
185.507,0.108381
185.573,0.107283
185.64,0.107283
185.706,0.107283
185.773,0.107283
185.84,0.107283
185.906,0.107507
185.973,0.107507
186.039,0.107507
186.106,0.107507
186.173,0.107507
186.239,0.107326
186.306,0.107326
186.372,0.107326
186.439,0.107326
186.506,0.107326
186.572,0.108263
186.639,0.108263
186.706,0.108263
186.772,0.108263
186.839,0.108263
186.905,0.109019
186.972,0.109019
187.039,0.109019
187.105,0.109019
187.172,0.109019
187.238,0.107793
187.305,0.107793
187.372,0.107793
187.438,0.107793
187.505,0.107793
187.571,0.109619
187.638,0.109619
187.705,0.109619
187.771,0.109619
187.838,0.109619
187.904,0.109709
187.971,0.109709
188.038,0.109709
188.104,0.109709
188.171,0.109709
188.238,0.109768
188.304,0.109768
188.371,0.109768
188.437,0.109768
188.504,0.109768
188.571,0.111516
188.637,0.111516
188.704,0.111516
188.77,0.111516
188.837,0.111516
188.904,0.112252
188.97,0.112252
189.037,0.112252
189.103,0.112252
189.17,0.112252
189.237,0.110748
189.303,0.110748
189.37,0.110748
189.437,0.110748
189.503,0.110748
189.57,0.110156
189.636,0.110156
189.703,0.110156
189.77,0.110156
189.836,0.110156
189.903,0.110822
189.969,0.110822
190.036,0.110822
190.103,0.110822
190.169,0.110822
190.236,0.111304
190.302,0.111304
190.369,0.111304
190.436,0.111304
190.502,0.111304
190.569,0.109372
190.635,0.109372
190.702,0.109372
190.769,0.109372
190.835,0.109372
190.902,0.1119
190.969,0.1119
191.035,0.1119
191.102,0.1119
191.168,0.1119
191.235,0.113667
191.302,0.113667
191.368,0.113667
191.435,0.113667
191.501,0.113667
191.568,0.113455
191.635,0.113455
191.701,0.113455
191.768,0.113455
191.834,0.113455
191.901,0.113459
191.968,0.113459
192.034,0.113459
192.101,0.113459
192.167,0.113459
192.234,0.113941
192.301,0.113941
192.367,0.113941
192.434,0.113941
192.501,0.113941
192.567,0.115289
192.634,0.115289
192.7,0.115289
192.767,0.115289
192.834,0.115289
192.9,0.112315
192.967,0.112315
193.033,0.112315
193.1,0.112315
193.167,0.112315
193.233,0.11257
193.3,0.11257
193.366,0.11257
193.433,0.11257
193.5,0.11257
193.566,0.110657
193.633,0.110657
193.699,0.110657
193.766,0.110657
193.833,0.110657
193.899,0.110802
193.966,0.110802
194.033,0.110802
194.099,0.110802
194.166,0.110802
194.232,0.111183
194.299,0.111183
194.366,0.111183
194.432,0.111183
194.499,0.111183
194.565,0.110571
194.632,0.110571
194.699,0.110571
194.765,0.110571
194.832,0.110571
194.898,0.111218
194.965,0.111218
195.032,0.111218
195.098,0.111218
195.165,0.111218
195.232,0.113612
195.298,0.113612
195.365,0.113612
195.431,0.113612
195.498,0.113612
195.565,0.114972
195.631,0.114972
195.698,0.114972
195.764,0.114972
195.831,0.114972
195.898,0.116598
195.964,0.116598
196.031,0.116598
196.097,0.116598
196.164,0.116598
196.231,0.11853
196.297,0.11853
196.364,0.11853
196.43,0.11853
196.497,0.11853
196.564,0.122884
196.63,0.122884
196.697,0.122884
196.764,0.122884
196.83,0.122884
196.897,0.128053
196.963,0.128053
197.03,0.128053
197.097,0.128053
197.163,0.128053
197.23,0.13908
197.296,0.13908
197.363,0.13908
197.43,0.13908
197.496,0.13908
197.563,0.149657
197.629,0.149657
197.696,0.149657
197.763,0.149657
197.829,0.149657
197.896,0.16298
197.962,0.16298
198.029,0.16298
198.096,0.16298
198.162,0.16298
198.229,0.177899
198.296,0.177899
198.362,0.177899
198.429,0.177899
198.495,0.177899
198.562,0.19002
198.629,0.19002
198.695,0.19002
198.762,0.19002
198.828,0.19002
198.895,0.216448
198.962,0.216448
199.028,0.216448
199.095,0.216448
199.161,0.216448
199.228,0.240325
199.295,0.240325
199.361,0.240325
199.428,0.240325
199.494,0.240325
199.561,0.26796
199.628,0.26796
199.694,0.26796
199.761,0.26796
199.828,0.26796
199.894,0.307997
199.961,0.307997
200.027,0.307997
200.094,0.307997
200.161,0.307997
200.227,0.336733
200.294,0.336733
200.36,0.336733
200.427,0.336733
200.494,0.336733
200.56,0.371697
200.627,0.371697
200.693,0.371697
200.76,0.371697
200.827,0.371697
200.893,0.434412
200.96,0.434412
201.027,0.434412
201.093,0.434412
201.16,0.434412
201.226,0.48119
201.293,0.48119
201.36,0.48119
201.426,0.48119
201.493,0.48119
201.559,0.499283
201.626,0.499283
201.693,0.499283
201.759,0.499283
201.826,0.499283
201.892,0.500361
201.959,0.500361
202.026,0.500361
202.092,0.500361
202.159,0.500361
202.225,0.499914
202.292,0.499914
202.359,0.499914
202.425,0.499914
202.492,0.499914
202.559,0.473999
202.625,0.473999
202.692,0.473999
202.758,0.473999
202.825,0.473999
202.892,0.473329
202.958,0.473329
203.025,0.473329
203.091,0.473329
203.158,0.473329
203.225,0.470923
203.291,0.470923
203.358,0.470923
203.424,0.470923
203.491,0.470923
203.558,0.469195
203.624,0.469195
203.691,0.469195
203.757,0.469195
203.824,0.469195
203.891,0.494863
203.957,0.494863
204.024,0.494863
204.091,0.494863
204.157,0.494863
204.224,0.514139
204.29,0.514139
204.357,0.514139
204.424,0.514139
204.49,0.514139
204.557,0.526024
204.623,0.526024
204.69,0.526024
204.757,0.526024
204.823,0.526024
204.89,0.531824
204.956,0.531824
205.023,0.531824
205.09,0.531824
205.156,0.531824
205.223,0.54367
205.289,0.54367
205.356,0.54367
205.423,0.54367
205.489,0.54367
205.556,0.56645
205.623,0.56645
205.689,0.56645
205.756,0.56645
205.822,0.56645
205.889,0.594806
205.956,0.594806
206.022,0.594806
206.089,0.594806
206.155,0.594806
206.222,0.597902
206.289,0.597902
206.355,0.597902
206.422,0.597902
206.488,0.597902
206.555,0.584323
206.622,0.584323
206.688,0.584323
206.755,0.584323
206.822,0.584323
206.888,0.568707
206.955,0.568707
207.021,0.568707
207.088,0.568707
207.155,0.568707
207.221,0.561575
207.288,0.561575
207.354,0.561575
207.421,0.561575
207.488,0.561575
207.554,0.556199
207.621,0.556199
207.687,0.556199
207.754,0.556199
207.821,0.556199
207.887,0.555086
207.954,0.555086
208.02,0.555086
208.087,0.555086
208.154,0.555086
208.22,0.557993
208.287,0.557993
208.354,0.557993
208.42,0.557993
208.487,0.557993
208.553,0.567285
208.62,0.567285
208.687,0.567285
208.753,0.567285
208.82,0.567285
208.886,0.578148
208.953,0.578148
209.02,0.578148
209.086,0.578148
209.153,0.578148
209.219,0.584175
209.286,0.584175
209.353,0.584175
209.419,0.584175
209.486,0.584175
209.552,0.590045
209.619,0.590045
209.686,0.590045
209.752,0.590045
209.819,0.590045
209.886,0.592968
209.952,0.592968
210.019,0.592968
210.085,0.592968
210.152,0.592968
210.219,0.593889
210.285,0.593889
210.352,0.593889
210.418,0.593889
210.485,0.593889
210.552,0.596718
210.618,0.596718
210.685,0.596718
210.751,0.596718
210.818,0.596718
210.885,0.596742
210.951,0.596742
211.018,0.596742
211.084,0.596742
211.151,0.596742
211.218,0.594869
211.284,0.594869
211.351,0.594869
211.418,0.594869
211.484,0.594869
211.551,0.594116
211.617,0.594116
211.684,0.594116
211.751,0.594116
211.817,0.594116
211.884,0.598306
211.95,0.598306
212.017,0.598306
212.084,0.598306
212.15,0.598306
212.217,0.610352
212.283,0.610352
212.35,0.610352
212.417,0.610352
212.483,0.610352
212.55,0.615129
212.617,0.615129
212.683,0.615129
212.75,0.615129
212.816,0.615129
212.883,0.616826
212.95,0.616826
213.016,0.616826
213.083,0.616826
213.149,0.616826
213.216,0.615403
213.283,0.615403
213.349,0.615403
213.416,0.615403
213.482,0.615403
213.549,0.615434
213.616,0.615434
213.682,0.615434
213.749,0.615434
213.815,0.615434
213.882,0.617746
213.949,0.617746
214.015,0.617746
214.082,0.617746
214.149,0.617746
214.215,0.616018
214.282,0.616018
214.348,0.616018
214.415,0.616018
214.482,0.616018
214.548,0.615767
214.615,0.615767
214.681,0.615767
214.748,0.615767
214.815,0.615767
214.881,0.614796
214.948,0.614796
215.014,0.614796
215.081,0.614796
215.148,0.614796
215.214,0.614106
215.281,0.614106
215.347,0.614106
215.414,0.614106
215.481,0.614106
215.547,0.613965
215.614,0.613965
215.681,0.613965
215.747,0.613965
215.814,0.613965
215.88,0.612507
215.947,0.612507
216.014,0.612507
216.08,0.612507
216.147,0.612507
216.213,0.612499
216.28,0.612499
216.347,0.612499
216.413,0.612499
216.48,0.612499
216.546,0.611692
216.613,0.611692
216.68,0.611692
216.746,0.611692
216.813,0.611692
216.879,0.611539
216.946,0.611539
217.013,0.611539
217.079,0.611539
217.146,0.611539
217.213,0.61331
217.279,0.61331
217.346,0.61331
217.412,0.61331
217.479,0.61331
217.546,0.61264
217.612,0.61264
217.679,0.61264
217.745,0.61264
217.812,0.61264
217.879,0.613067
217.945,0.613067
218.012,0.613067
218.078,0.613067
218.145,0.613067
218.212,0.613883
218.278,0.613883
218.345,0.613883
218.412,0.613883
218.478,0.613883
218.545,0.614635
218.611,0.614635
218.678,0.614635
218.745,0.614635
218.811,0.614635
218.878,0.616974
218.944,0.616974
219.011,0.616974
219.078,0.616974
219.144,0.616974
219.211,0.615599
219.277,0.615599
219.344,0.615599
219.411,0.615599
219.477,0.615599
219.544,0.615042
219.61,0.615042
219.677,0.615042
219.744,0.615042
219.81,0.615042
219.877,0.613945
219.944,0.613945
220.01,0.613945
220.077,0.613945
220.143,0.613945
220.21,0.613663
220.277,0.613663
220.343,0.613663
220.41,0.613663
220.476,0.613663
220.543,0.615352
220.61,0.615352
220.676,0.615352
220.743,0.615352
220.809,0.615352
220.876,0.613593
220.943,0.613593
221.009,0.613593
221.076,0.613593
221.142,0.613593
221.209,0.612938
221.276,0.612938
221.342,0.612938
221.409,0.612938
221.476,0.612938
221.542,0.61315
221.609,0.61315
221.675,0.61315
221.742,0.61315
221.809,0.61315
221.875,0.612774
221.942,0.612774
222.008,0.612774
222.075,0.612774
222.142,0.612774
222.208,0.611402
222.275,0.611402
222.341,0.611402
222.408,0.611402
222.475,0.611402
222.541,0.611339
222.608,0.611339
222.674,0.611339
222.741,0.611339
222.808,0.611339
222.874,0.608992
222.941,0.608992
223.008,0.608992
223.074,0.608992
223.141,0.608992
223.207,0.607754
223.274,0.607754
223.341,0.607754
223.407,0.607754
223.474,0.607754
223.54,0.610728
223.607,0.610728
223.674,0.610728
223.74,0.610728
223.807,0.610728
223.873,0.614259
223.94,0.614259
224.007,0.614259
224.073,0.614259
224.14,0.614259
224.207,0.613056
224.273,0.613056
224.34,0.613056
224.406,0.613056
224.473,0.613056
224.54,0.610019
224.606,0.610019
224.673,0.610019
224.739,0.610019
224.806,0.610019
224.873,0.608435
224.939,0.608435
225.006,0.608435
225.072,0.608435
225.139,0.608435
225.206,0.607812
225.272,0.607812
225.339,0.607812
225.405,0.607812
225.472,0.607812
225.539,0.606221
225.605,0.606221
225.672,0.606221
225.739,0.606221
225.805,0.606221
225.872,0.606613
225.938,0.606613
226.005,0.606613
226.072,0.606613
226.138,0.606613
226.205,0.605775
226.271,0.605775
226.338,0.605775
226.405,0.605775
226.471,0.605775
226.538,0.606923
226.604,0.606923
226.671,0.606923
226.738,0.606923
226.804,0.606923
226.871,0.609795
226.937,0.609795
227.004,0.609795
227.071,0.609795
227.137,0.609795
227.204,0.613032
227.271,0.613032
227.337,0.613032
227.404,0.613032
227.47,0.613032
227.537,0.613408
227.604,0.613408
227.67,0.613408
227.737,0.613408
227.803,0.613408
227.87,0.613451
227.937,0.613451
228.003,0.613451
228.07,0.613451
228.136,0.613451
228.203,0.612691
228.27,0.612691
228.336,0.612691
228.403,0.612691
228.469,0.612691
228.536,0.612973
228.603,0.612973
228.669,0.612973
228.736,0.612973
228.803,0.612973
228.869,0.623875
228.936,0.623875
229.002,0.623875
229.069,0.623875
229.136,0.623875
229.202,0.623585
229.269,0.623585
229.335,0.623585
229.402,0.623585
229.469,0.623585
229.535,0.622727
229.602,0.622727
229.668,0.622727
229.735,0.622727
229.802,0.622727
229.868,0.62344
229.935,0.62344
230.001,0.62344
230.068,0.62344
230.135,0.62344
230.201,0.623691
230.268,0.623691
230.335,0.623691
230.401,0.623691
230.468,0.623691
230.534,0.626681
230.601,0.626681
230.668,0.626681
230.734,0.626681
230.801,0.626681
230.867,0.626975
230.934,0.626975
231.001,0.626975
231.067,0.626975
231.134,0.626975
231.2,0.624408
231.267,0.624408
231.334,0.624408
231.4,0.624408
231.467,0.624408
231.534,0.622014
231.6,0.622014
231.667,0.622014
231.733,0.622014
231.8,0.622014
231.867,0.622661
231.933,0.622661
232,0.622661
232.066,0.622661
232.133,0.622661
232.2,0.623119
232.266,0.623119
232.333,0.623119
232.399,0.623119
232.466,0.623119
232.533,0.622762
232.599,0.622762
232.666,0.622762
232.732,0.622762
232.799,0.622762
232.866,0.622559
232.932,0.622559
232.999,0.622559
233.066,0.622559
233.132,0.622559
233.199,0.622892
233.265,0.622892
233.332,0.622892
233.399,0.622892
233.465,0.622892
233.532,0.622002
233.598,0.622002
233.665,0.622002
233.732,0.622002
233.798,0.622002
233.865,0.620105
233.931,0.620105
233.998,0.620105
234.065,0.620105
234.131,0.620105
234.198,0.619659
234.264,0.619659
234.331,0.619659
234.398,0.619659
234.464,0.619659
234.531,0.619765
234.598,0.619765
234.664,0.619765
234.731,0.619765
234.797,0.619765
234.864,0.619725
234.931,0.619725
234.997,0.619725
235.064,0.619725
235.13,0.619725
235.197,0.620431
235.264,0.620431
235.33,0.620431
235.397,0.620431
235.463,0.620431
235.53,0.621344
235.597,0.621344
235.663,0.621344
235.73,0.621344
235.796,0.621344
235.863,0.619835
235.93,0.619835
235.996,0.619835
236.063,0.619835
236.13,0.619835
236.196,0.62143
236.263,0.62143
236.329,0.62143
236.396,0.62143
236.463,0.62143
236.529,0.624236
236.596,0.624236
236.662,0.624236
236.729,0.624236
236.796,0.624236
236.862,0.625137
236.929,0.625137
236.995,0.625137
237.062,0.625137
237.129,0.625137
237.195,0.625776
237.262,0.625776
237.329,0.625776
237.395,0.625776
237.462,0.625776
237.528,0.625482
237.595,0.625482
237.662,0.625482
237.728,0.625482
237.795,0.625482
237.861,0.622327
237.928,0.622327
237.995,0.622327
238.061,0.622327
238.128,0.622327
238.194,0.622468
238.261,0.622468
238.328,0.622468
238.394,0.622468
238.461,0.622468
238.527,0.623962
238.594,0.623962
238.661,0.623962
238.727,0.623962
238.794,0.623962
238.861,0.624287
238.927,0.624287
238.994,0.624287
239.06,0.624287
239.127,0.624287
239.194,0.624902
239.26,0.624902
239.327,0.624902
239.393,0.624902
239.46,0.624902
239.527,0.624346
239.593,0.624346
239.66,0.624346
239.726,0.624346
239.793,0.624346
239.86,0.623041
239.926,0.623041
239.993,0.623041
240.059,0.623041
240.126,0.623041
240.193,0.623158
240.259,0.623158
240.326,0.623158
240.393,0.623158
240.459,0.623158
240.526,0.624447
240.592,0.624447
240.659,0.624447
240.726,0.624447
240.792,0.624447
240.859,0.627097
240.925,0.627097
240.992,0.627097
241.059,0.627097
241.125,0.627097
241.192,0.634636
241.258,0.634636
241.325,0.634636
241.392,0.634636
241.458,0.634636
241.525,0.634883
241.591,0.634883
241.658,0.634883
241.725,0.634883
241.791,0.634883
241.858,0.634405
241.925,0.634405
241.991,0.634405
242.058,0.634405
242.124,0.634405
242.191,0.635749
242.258,0.635749
242.324,0.635749
242.391,0.635749
242.457,0.635749
242.524,0.636078
242.591,0.636078
242.657,0.636078
242.724,0.636078
242.79,0.636078
242.857,0.633182
242.924,0.633182
242.99,0.633182
243.057,0.633182
243.124,0.633182
243.19,0.632681
243.257,0.632681
243.323,0.632681
243.39,0.632681
243.457,0.632681
243.523,0.631078
243.59,0.631078
243.656,0.631078
243.723,0.631078
243.79,0.631078
243.856,0.630929
243.923,0.630929
243.989,0.630929
244.056,0.630929
244.123,0.630929
244.189,0.629534
244.256,0.629534
244.322,0.629534
244.389,0.629534
244.456,0.629534
244.522,0.629859
244.589,0.629859
244.656,0.629859
244.722,0.629859
244.789,0.629859
244.855,0.629154
244.922,0.629154
244.989,0.629154
245.055,0.629154
245.122,0.629154
245.188,0.628664
245.255,0.628664
245.322,0.628664
245.388,0.628664
245.455,0.628664
245.521,0.627865
245.588,0.627865
245.655,0.627865
245.721,0.627865
245.788,0.627865
245.854,0.627351
245.921,0.627351
245.988,0.627351
246.054,0.627351
246.121,0.627351
246.188,0.625905
246.254,0.625905
246.321,0.625905
246.387,0.625905
246.454,0.625905
246.521,0.625243
246.587,0.625243
246.654,0.625243
246.72,0.625243
246.787,0.625243
246.854,0.625353
246.92,0.625353
246.987,0.625353
247.053,0.625353
247.12,0.625353
247.187,0.624432
247.253,0.624432
247.32,0.624432
247.386,0.624432
247.453,0.624432
247.52,0.623613
247.586,0.623613
247.653,0.623613
247.72,0.623613
247.786,0.623613
247.853,0.62174
247.919,0.62174
247.986,0.62174
248.053,0.62174
248.119,0.62174
248.186,0.621853
248.252,0.621853
248.319,0.621853
248.386,0.621853
248.452,0.621853
248.519,0.621265
248.585,0.621265
248.652,0.621265
248.719,0.621265
248.785,0.621265
248.852,0.622077
248.919,0.622077
248.985,0.622077
249.052,0.622077
249.118,0.622077
249.185,0.622155
249.252,0.622155
249.318,0.622155
249.385,0.622155
249.451,0.622155
249.518,0.621085
249.585,0.621085
249.651,0.621085
249.718,0.621085
249.784,0.621085
249.851,0.620258
249.918,0.620258
249.984,0.620258
250.051,0.620258
250.117,0.620258
250.184,0.620058
250.251,0.620058
250.317,0.620058
250.384,0.620058
250.451,0.620058
250.517,0.618432
250.584,0.618432
250.65,0.618432
250.717,0.618432
250.784,0.618432
250.85,0.616065
250.917,0.616065
250.983,0.616065
251.05,0.616065
251.117,0.616065
251.183,0.617405
251.25,0.617405
251.316,0.617405
251.383,0.617405
251.45,0.617405
251.516,0.61931
251.583,0.61931
251.649,0.61931
251.716,0.61931
251.783,0.61931
251.849,0.620047
251.916,0.620047
251.983,0.620047
252.049,0.620047
252.116,0.620047
252.182,0.621148
252.249,0.621148
252.316,0.621148
252.382,0.621148
252.449,0.621148
252.515,0.62203
252.582,0.62203
252.649,0.62203
252.715,0.62203
252.782,0.62203
252.848,0.621771
252.915,0.621771
252.982,0.621771
253.048,0.621771
253.115,0.621771
253.181,0.616367
253.248,0.616367
253.315,0.616367
253.381,0.616367
253.448,0.616367
253.515,0.612429
253.581,0.612429
253.648,0.612429
253.714,0.612429
253.781,0.612429
253.848,0.614447
253.914,0.614447
253.981,0.614447
254.047,0.614447
254.114,0.614447
254.181,0.618275
254.247,0.618275
254.314,0.618275
254.38,0.618275
254.447,0.618275
254.514,0.648442
254.58,0.648442
254.647,0.648442
254.714,0.648442
254.78,0.648442
254.847,0.650021
254.913,0.650021
254.98,0.650021
255.047,0.650021
255.113,0.650021
255.18,0.65383
255.246,0.65383
255.313,0.65383
255.38,0.65383
255.446,0.65383
255.513,0.655276
255.579,0.655276
255.646,0.655276
255.713,0.655276
255.779,0.655276
255.846,0.655664
255.912,0.655664
255.979,0.655664
256.046,0.655664
256.112,0.655664
256.179,0.663082
256.246,0.663082
256.312,0.663082
256.379,0.663082
256.445,0.663082
256.512,0.663772
256.579,0.663772
256.645,0.663772
256.712,0.663772
256.778,0.663772
256.845,0.662945
256.912,0.662945
256.978,0.662945
257.045,0.662945
257.111,0.662945
257.178,0.6634
257.245,0.6634
257.311,0.6634
257.378,0.6634
257.444,0.6634
257.511,0.662557
257.578,0.662557
257.644,0.662557
257.711,0.662557
257.778,0.662557
257.844,0.659085
257.911,0.659085
257.977,0.659085
258.044,0.659085
258.111,0.659085
258.177,0.659477
258.244,0.659477
258.31,0.659477
258.377,0.659477
258.444,0.659477
258.51,0.661068
258.577,0.661068
258.643,0.661068
258.71,0.661068
258.777,0.661068
258.843,0.660116
258.91,0.660116
258.976,0.660116
259.043,0.660116
259.11,0.660116
259.176,0.65878
259.243,0.65878
259.31,0.65878
259.376,0.65878
259.443,0.65878
259.509,0.662808
259.576,0.662808
259.643,0.662808
259.709,0.662808
259.776,0.662808
259.842,0.660904
259.909,0.660904
259.976,0.660904
260.042,0.660904
260.109,0.660904
260.175,0.66086
260.242,0.66086
260.309,0.66086
260.375,0.66086
260.442,0.66086
260.509,0.658823
260.575,0.658823
260.642,0.658823
260.708,0.658823
260.775,0.658823
260.842,0.657541
260.908,0.657541
260.975,0.657541
261.041,0.657541
261.108,0.657541
261.175,0.655151
261.241,0.655151
261.308,0.655151
261.374,0.655151
261.441,0.655151
261.508,0.655045
261.574,0.655045
261.641,0.655045
261.707,0.655045
261.774,0.655045
261.841,0.658411
261.907,0.658411
261.974,0.658411
262.041,0.658411
262.107,0.658411
262.174,0.659093
262.24,0.659093
262.307,0.659093
262.374,0.659093
262.44,0.659093
262.507,0.658129
262.573,0.658129
262.64,0.658129
262.707,0.658129
262.773,0.658129
262.84,0.663161
262.906,0.663161
262.973,0.663161
263.04,0.663161
263.106,0.663161
263.173,0.659873
263.239,0.659873
263.306,0.659873
263.373,0.659873
263.439,0.659873
263.506,0.662585
263.573,0.662585
263.639,0.662585
263.706,0.662585
263.772,0.662585
263.839,0.666272
263.906,0.666272
263.972,0.666272
264.039,0.666272
264.105,0.666272
264.172,0.66398
264.239,0.66398
264.305,0.66398
264.372,0.66398
264.438,0.66398
264.505,0.670971
264.572,0.670971
264.638,0.670971
264.705,0.670971
264.771,0.670971
264.838,0.671088
264.905,0.671088
264.971,0.671088
265.038,0.671088
265.105,0.671088
265.171,0.671292
265.238,0.671292
265.304,0.671292
265.371,0.671292
265.438,0.671292
265.504,0.66668
265.571,0.66668
265.637,0.66668
265.704,0.66668
265.771,0.66668
265.837,0.667287
265.904,0.667287
265.97,0.667287
266.037,0.667287
266.104,0.667287
266.17,0.662451
266.237,0.662451
266.304,0.662451
266.37,0.662451
266.437,0.662451
266.503,0.665543
266.57,0.665543
266.637,0.665543
266.703,0.665543
266.77,0.665543
266.836,0.663694
266.903,0.663694
266.97,0.663694
267.036,0.663694
267.103,0.663694
267.169,0.665144
267.236,0.665144
267.303,0.665144
267.369,0.665144
267.436,0.665144
267.502,0.664995
267.569,0.664995
267.636,0.664995
267.702,0.664995
267.769,0.664995
267.836,0.664074
267.902,0.664074
267.969,0.664074
268.035,0.664074
268.102,0.664074
268.169,0.666464
268.235,0.666464
268.302,0.666464
268.368,0.666464
268.435,0.666464
268.502,0.665124
268.568,0.665124
268.635,0.665124
268.701,0.665124
268.768,0.665124
268.835,0.658905
268.901,0.658905
268.968,0.658905
269.034,0.658905
269.101,0.658905
269.168,0.661342
269.234,0.661342
269.301,0.661342
269.368,0.661342
269.434,0.661342
269.501,0.651209
269.567,0.651209
269.634,0.651209
269.701,0.651209
269.767,0.651209
269.834,0.652035
269.9,0.652035
269.967,0.652035
270.034,0.652035
270.1,0.652035
270.167,0.659097
270.233,0.659097
270.3,0.659097
270.367,0.659097
270.433,0.659097
270.5,0.660492
270.566,0.660492
270.633,0.660492
270.7,0.660492
270.766,0.660492
270.833,0.667965
270.9,0.667965
270.966,0.667965
271.033,0.667965
271.099,0.667965
271.166,0.684553
271.233,0.684553
271.299,0.684553
271.366,0.684553
271.432,0.684553
271.499,0.684087
271.566,0.684087
271.632,0.684087
271.699,0.684087
271.765,0.684087
271.832,0.679506
271.899,0.679506
271.965,0.679506
272.032,0.679506
272.099,0.679506
272.165,0.676555
272.232,0.676555
272.298,0.676555
272.365,0.676555
272.432,0.676555
272.498,0.673498
272.565,0.673498
272.631,0.673498
272.698,0.673498
272.765,0.673498
272.831,0.672358
272.898,0.672358
272.964,0.672358
273.031,0.672358
273.098,0.672358
273.164,0.674556
273.231,0.674556
273.297,0.674556
273.364,0.674556
273.431,0.674556
273.497,0.671535
273.564,0.671535
273.631,0.671535
273.697,0.671535
273.764,0.671535
273.83,0.672589
273.897,0.672589
273.964,0.672589
274.03,0.672589
274.097,0.672589
274.163,0.671994
274.23,0.671994
274.297,0.671994
274.363,0.671994
274.43,0.671994
274.496,0.678738
274.563,0.678738
274.63,0.678738
274.696,0.678738
274.763,0.678738
274.829,0.678436
274.896,0.678436
274.963,0.678436
275.029,0.678436
275.096,0.678436
275.163,0.680192
275.229,0.680192
275.296,0.680192
275.362,0.680192
275.429,0.680192
275.496,0.67938
275.562,0.67938
275.629,0.67938
275.695,0.67938
275.762,0.67938
275.829,0.678342
275.895,0.678342
275.962,0.678342
276.028,0.678342
276.095,0.678342
276.162,0.688452
276.228,0.688452
276.295,0.688452
276.361,0.688452
276.428,0.688452
276.495,0.688656
276.561,0.688656
276.628,0.688656
276.695,0.688656
276.761,0.688656
276.828,0.690106
276.894,0.690106
276.961,0.690106
277.028,0.690106
277.094,0.690106
277.161,0.691595
277.227,0.691595
277.294,0.691595
277.361,0.691595
277.427,0.691595
277.494,0.694754
277.56,0.694754
277.627,0.694754
277.694,0.694754
277.76,0.694754
277.827,0.701392
277.894,0.701392
277.96,0.701392
278.027,0.701392
278.093,0.701392
278.16,0.713952
278.227,0.713952
278.293,0.713952
278.36,0.713952
278.426,0.713952
278.493,0.726021
278.56,0.726021
278.626,0.726021
278.693,0.726021
278.759,0.726021
278.826,0.735242
278.893,0.735242
278.959,0.735242
279.026,0.735242
279.092,0.735242
279.159,0.746301
279.226,0.746301
279.292,0.746301
279.359,0.746301
279.426,0.746301
279.492,0.758151
279.559,0.758151
279.625,0.758151
279.692,0.758151
279.759,0.758151
279.825,0.76562
279.892,0.76562
279.958,0.76562
280.025,0.76562
280.092,0.76562
280.158,0.770981
280.225,0.770981
280.291,0.770981
280.358,0.770981
280.425,0.770981
280.491,0.783156
280.558,0.783156
280.624,0.783156
280.691,0.783156
280.758,0.783156
280.824,0.788165
280.891,0.788165
280.958,0.788165
281.024,0.788165
281.091,0.788165
281.157,0.794607
281.224,0.794607
281.291,0.794607
281.357,0.794607
281.424,0.794607
281.49,0.800019
281.557,0.800019
281.624,0.800019
281.69,0.800019
281.757,0.800019
281.823,0.807163
281.89,0.807163
281.957,0.807163
282.023,0.807163
282.09,0.807163
282.156,0.819444
282.223,0.819444
282.29,0.819444
282.356,0.819444
282.423,0.819444
282.49,0.79166
282.556,0.79166
282.623,0.79166
282.689,0.79166
282.756,0.79166
282.823,0.730418
282.889,0.730418
282.956,0.730418
283.022,0.730418
283.089,0.730418
283.156,0.665214
283.222,0.665214
283.289,0.665214
283.355,0.665214
283.422,0.665214
283.489,0.612009
283.555,0.612009
283.622,0.612009
283.688,0.612009
283.755,0.612009
283.822,0.583559
283.888,0.583559
283.955,0.583559
284.022,0.583559
284.088,0.583559
284.155,0.576741
284.221,0.576741
284.288,0.576741
284.355,0.576741
284.421,0.576741
284.488,0.572779
284.554,0.572779
284.621,0.572779
284.688,0.572779
284.754,0.572779
284.821,0.591311
284.887,0.591311
284.954,0.591311
285.021,0.591311
285.087,0.591311
285.154,0.610285
285.221,0.610285
285.287,0.610285
285.354,0.610285
285.42,0.610285
285.487,0.613158
285.554,0.613158
285.62,0.613158
285.687,0.613158
285.753,0.613158
285.82,0.609552
285.887,0.609552
285.953,0.609552
286.02,0.609552
286.086,0.609552
286.153,0.579496
286.22,0.579496
286.286,0.579496
286.353,0.579496
286.419,0.579496
286.486,0.583199
286.553,0.583199
286.619,0.583199
286.686,0.583199
286.753,0.583199
286.819,0.598423
286.886,0.598423
286.952,0.598423
287.019,0.598423
287.086,0.598423
287.152,0.601268
287.219,0.601268
287.285,0.601268
287.352,0.601268
287.419,0.601268
287.485,0.594544
287.552,0.594544
287.618,0.594544
287.685,0.594544
287.752,0.594544
287.818,0.571521
287.885,0.571521
287.951,0.571521
288.018,0.571521
288.085,0.571521
288.151,0.549372
288.218,0.549372
288.285,0.549372
288.351,0.549372
288.418,0.549372
288.484,0.524657
288.551,0.524657
288.618,0.524657
288.684,0.524657
288.751,0.524657
288.817,0.508943
288.884,0.508943
288.951,0.508943
289.017,0.508943
289.084,0.508943
289.15,0.499937
289.217,0.499937
289.284,0.499937
289.35,0.499937
289.417,0.499937
289.483,0.49681
289.55,0.49681
289.617,0.49681
289.683,0.49681
289.75,0.49681
289.817,0.503441
289.883,0.503441
289.95,0.503441
290.016,0.503441
290.083,0.503441
290.15,0.493307
290.216,0.493307
290.283,0.493307
290.349,0.493307
290.416,0.493307
290.483,0.473055
290.549,0.473055
290.616,0.473055
290.682,0.473055
290.749,0.473055
290.816,0.45301
290.882,0.45301
290.949,0.45301
291.016,0.45301
291.082,0.45301
291.149,0.445698
291.215,0.445698
291.282,0.445698
291.349,0.445698
291.415,0.445698
291.482,0.437551
291.548,0.437551
291.615,0.437551
291.682,0.437551
291.748,0.437551
291.815,0.439185
291.881,0.439185
291.948,0.439185
292.015,0.439185
292.081,0.439185
292.148,0.432468
292.214,0.432468
292.281,0.432468
292.348,0.432468
292.414,0.432468
292.481,0.409156
292.548,0.409156
292.614,0.409156
292.681,0.409156
292.747,0.409156
292.814,0.394982
292.881,0.394982
292.947,0.394982
293.014,0.394982
293.08,0.394982
293.147,0.374083
293.214,0.374083
293.28,0.374083
293.347,0.374083
293.413,0.374083
293.48,0.365638
293.547,0.365638
293.613,0.365638
293.68,0.365638
293.746,0.365638
293.813,0.362233
293.88,0.362233
293.946,0.362233
294.013,0.362233
294.08,0.362233
294.146,0.36121
294.213,0.36121
294.279,0.36121
294.346,0.36121
294.413,0.36121
294.479,0.369471
294.546,0.369471
294.612,0.369471
294.679,0.369471
294.746,0.369471
294.812,0.37636
294.879,0.37636
294.945,0.37636
295.012,0.37636
295.079,0.37636
295.145,0.374099
295.212,0.374099
295.278,0.374099
295.345,0.374099
295.412,0.374099
295.478,0.384918
295.545,0.384918
295.612,0.384918
295.678,0.384918
295.745,0.384918
295.811,0.394312
295.878,0.394312
295.945,0.394312
296.011,0.394312
296.078,0.394312
296.144,0.41561
296.211,0.41561
296.278,0.41561
296.344,0.41561
296.411,0.41561
296.477,0.451894
296.544,0.451894
296.611,0.451894
296.677,0.451894
296.744,0.451894
296.811,0.466369
296.877,0.466369
296.944,0.466369
297.01,0.466369
297.077,0.466369
297.144,0.460479
297.21,0.460479
297.277,0.460479
297.343,0.460479
297.41,0.460479
297.477,0.452885
297.543,0.452885
297.61,0.452885
297.676,0.452885
297.743,0.452885
297.81,0.464347
297.876,0.464347
297.943,0.464347
298.009,0.464347
298.076,0.464347
298.143,0.46691
298.209,0.46691
298.276,0.46691
298.343,0.46691
298.409,0.46691
298.476,0.439761
298.542,0.439761
298.609,0.439761
298.676,0.439761
298.742,0.439761
298.809,0.407428
298.875,0.407428
298.942,0.407428
299.009,0.407428
299.075,0.407428
299.142,0.381454
299.208,0.381454
299.275,0.381454
299.342,0.381454
299.408,0.381454
299.475,0.395236
299.541,0.395236
299.608,0.395236
299.675,0.395236
299.741,0.395236
299.808,0.435756
299.875,0.435756
299.941,0.435756
300.008,0.435756
300.074,0.435756
300.141,0.463305
300.208,0.463305
300.274,0.463305
300.341,0.463305
300.407,0.463305
300.474,0.489447
300.541,0.489447
300.607,0.489447
300.674,0.489447
300.74,0.489447
300.807,0.515522
300.874,0.515522
300.94,0.515522
301.007,0.515522
301.073,0.515522
301.14,0.527611
301.207,0.527611
301.273,0.527611
301.34,0.527611
301.407,0.527611
301.473,0.563343
301.54,0.563343
301.606,0.563343
301.673,0.563343
301.74,0.563343
301.806,0.620611
301.873,0.620611
301.939,0.620611
302.006,0.620611
302.073,0.620611
302.139,0.622711
302.206,0.622711
302.272,0.622711
302.339,0.622711
302.406,0.622711
302.472,0.581682
302.539,0.581682
302.606,0.581682
302.672,0.581682
302.739,0.581682
302.805,0.544674
302.872,0.544674
302.939,0.544674
303.005,0.544674
303.072,0.544674
303.138,0.515894
303.205,0.515894
303.272,0.515894
303.338,0.515894
303.405,0.515894
303.471,0.518567
303.538,0.518567
303.605,0.518567
303.671,0.518567
303.738,0.518567
303.804,0.480077
303.871,0.480077
303.938,0.480077
304.004,0.480077
304.071,0.480077
304.138,0.46327
304.204,0.46327
304.271,0.46327
304.337,0.46327
304.404,0.46327
304.471,0.452368
304.537,0.452368
304.604,0.452368
304.67,0.452368
304.737,0.452368
304.804,0.455287
304.87,0.455287
304.937,0.455287
305.003,0.455287
305.07,0.455287
305.137,0.438037
305.203,0.438037
305.27,0.438037
305.336,0.438037
305.403,0.438037
305.47,0.425826
305.536,0.425826
305.603,0.425826
305.67,0.425826
305.736,0.425826
305.803,0.434173
305.869,0.434173
305.936,0.434173
306.003,0.434173
306.069,0.434173
306.136,0.451125
306.202,0.451125
306.269,0.451125
306.336,0.451125
306.402,0.451125
306.469,0.450205
306.535,0.450205
306.602,0.450205
306.669,0.450205
306.735,0.450205
306.802,0.445851
306.868,0.445851
306.935,0.445851
307.002,0.445851
307.068,0.445851
307.135,0.427974
307.202,0.427974
307.268,0.427974
307.335,0.427974
307.401,0.427974
307.468,0.392184
307.535,0.392184
307.601,0.392184
307.668,0.392184
307.734,0.392184
307.801,0.364878
307.868,0.364878
307.934,0.364878
308.001,0.364878
308.067,0.364878
308.134,0.328684
308.201,0.328684
308.267,0.328684
308.334,0.328684
308.401,0.328684
308.467,0.312308
308.534,0.312308
308.6,0.312308
308.667,0.312308
308.734,0.312308
308.8,0.318241
308.867,0.318241
308.933,0.318241
309,0.318241
309.067,0.318241
309.133,0.341844
309.2,0.341844
309.266,0.341844
309.333,0.341844
309.4,0.341844
309.466,0.378605
309.533,0.378605
309.599,0.378605
309.666,0.378605
309.733,0.378605
309.799,0.399535
309.866,0.399535
309.933,0.399535
309.999,0.399535
310.066,0.399535
310.132,0.397987
310.199,0.397987
310.266,0.397987
310.332,0.397987
310.399,0.397987
310.465,0.376481
310.532,0.376481
310.599,0.376481
310.665,0.376481
310.732,0.376481
310.798,0.350712
310.865,0.350712
310.932,0.350712
310.998,0.350712
311.065,0.350712
311.131,0.334414
311.198,0.334414
311.265,0.334414
311.331,0.334414
311.398,0.334414
311.465,0.295007
311.531,0.295007
311.598,0.295007
311.664,0.295007
311.731,0.295007
311.798,0.258057
311.864,0.258057
311.931,0.258057
311.997,0.258057
312.064,0.258057
312.131,0.23179
312.197,0.23179
312.264,0.23179
312.33,0.23179
312.397,0.23179
312.464,0.214524
312.53,0.214524
312.597,0.214524
312.663,0.214524
312.73,0.214524
312.797,0.199903
312.863,0.199903
312.93,0.199903
312.997,0.199903
313.063,0.199903
313.13,0.208626
313.196,0.208626
313.263,0.208626
313.33,0.208626
313.396,0.208626
313.463,0.211581
313.529,0.211581
313.596,0.211581
313.663,0.211581
313.729,0.211581
313.796,0.219908
313.862,0.219908
313.929,0.219908
313.996,0.219908
314.062,0.219908
314.129,0.255263
314.196,0.255263
314.262,0.255263
314.329,0.255263
314.395,0.255263
314.462,0.283764
314.529,0.283764
314.595,0.283764
314.662,0.283764
314.728,0.283764
314.795,0.294278
314.862,0.294278
314.928,0.294278
314.995,0.294278
315.061,0.294278
315.128,0.294517
315.195,0.294517
315.261,0.294517
315.328,0.294517
315.394,0.294517
315.461,0.279833
315.528,0.279833
315.594,0.279833
315.661,0.279833
315.728,0.279833
315.794,0.270342
315.861,0.270342
315.927,0.270342
315.994,0.270342
316.061,0.270342
316.127,0.260933
316.194,0.260933
316.26,0.260933
316.327,0.260933
316.394,0.260933
316.46,0.229097
316.527,0.229097
316.593,0.229097
316.66,0.229097
316.727,0.229097
316.793,0.203363
316.86,0.203363
316.926,0.203363
316.993,0.203363
317.06,0.203363
317.126,0.178522
317.193,0.178522
317.26,0.178522
317.326,0.178522
317.393,0.178522
317.459,0.147556
317.526,0.147556
317.593,0.147556
317.659,0.147556
317.726,0.147556
317.792,0.122363
317.859,0.122363
317.926,0.122363
317.992,0.122363
318.059,0.122363
318.125,0.104101
318.192,0.104101
318.259,0.104101
318.325,0.104101
318.392,0.104101
318.458,0.0745305
318.525,0.0745305
318.592,0.0745305
318.658,0.0745305
318.725,0.0745305
318.792,0.0568257
318.858,0.0568257
318.925,0.0568257
318.991,0.0568257
319.058,0.0568257
319.125,0.0387995
319.191,0.0387995
319.258,0.0387995
319.324,0.0387995
319.391,0.0387995
319.458,0.0213336
319.524,0.0213336
319.591,0.0213336
319.657,0.0213336
319.724,0.0213336
319.791,0.0131552
319.857,0.0131552
319.924,0.0131552
319.991,0.0131552
320.057,0.0131552
320.124,0.00952646
320.19,0.00952646
320.257,0.00952646
320.324,0.00952646
320.39,0.00952646
320.457,0.0105845
320.523,0.0105845
320.59,0.0105845
320.657,0.0105845
320.723,0.0105845
320.79,0.0109881
320.856,0.0109881
320.923,0.0109881
320.99,0.0109881
321.056,0.0109881
321.123,0.010851
321.189,0.010851
321.256,0.010851
321.323,0.010851
321.389,0.010851
321.456,0.0119639
321.523,0.0119639
321.589,0.0119639
321.656,0.0119639
321.722,0.0119639
321.789,0.0115603
321.856,0.0115603
321.922,0.0115603
321.989,0.0115603
322.055,0.0115603
322.122,0.013743
322.189,0.013743
322.255,0.013743
322.322,0.013743
322.388,0.013743
322.455,0.0140448
322.522,0.0140448
322.588,0.0140448
322.655,0.0140448
322.721,0.0140448
322.788,0.0146561
322.855,0.0146561
322.921,0.0146561
322.988,0.0146561
323.055,0.0146561
323.121,0.0141467
323.188,0.0141467
323.254,0.0141467
323.321,0.0141467
323.388,0.0141467
323.454,0.0145542
323.521,0.0145542
323.587,0.0145542
323.654,0.0145542
323.721,0.0145542
323.787,0.0139781
323.854,0.0139781
323.92,0.0139781
323.987,0.0139781
324.054,0.0139781
324.12,0.0137313
324.187,0.0137313
324.253,0.0137313
324.32,0.0137313
324.387,0.0137313
324.453,0.0137156
324.52,0.0137156
324.587,0.0137156
324.653,0.0137156
324.72,0.0137156
324.786,0.0136646
324.853,0.0136646
324.92,0.0136646
324.986,0.0136646
325.053,0.0136646
325.119,0.0135001
325.186,0.0135001
325.253,0.0135001
325.319,0.0135001
325.386,0.0135001
325.452,0.0139272
325.519,0.0139272
325.586,0.0139272
325.652,0.0139272
325.719,0.0139272
325.786,0.0140408
325.852,0.0140408
325.919,0.0140408
325.985,0.0140408
326.052,0.0140408
326.119,0.0137234
326.185,0.0137234
326.252,0.0137234
326.318,0.0137234
326.385,0.0137234
326.452,0.0129828
326.518,0.0129828
326.585,0.0129828
326.651,0.0129828
326.718,0.0129828
326.785,0.0134099
326.851,0.0134099
326.918,0.0134099
326.984,0.0134099
327.051,0.0134099
327.118,0.0117131
327.184,0.0117131
327.251,0.0117131
327.318,0.0117131
327.384,0.0117131
327.451,0.0126615
327.517,0.0126615
327.584,0.0126615
327.651,0.0126615
327.717,0.0126615
327.784,0.0513081
327.85,0.0513081
327.917,0.0513081
327.984,0.0513081
328.05,0.0513081
328.117,0.0629624
328.183,0.0629624
328.25,0.0629624
328.317,0.0629624
328.383,0.0629624
328.45,0.110469
328.516,0.110469
328.583,0.110469
328.65,0.110469
328.716,0.110469
328.783,0.11177
328.85,0.11177
328.916,0.11177
328.983,0.11177
329.049,0.11177
329.116,0.109254
329.183,0.109254
329.249,0.109254
329.316,0.109254
329.382,0.109254
329.449,0.105132
329.516,0.105132
329.582,0.105132
329.649,0.105132
329.715,0.105132
329.782,0.0945279
329.849,0.0945279
329.915,0.0945279
329.982,0.0945279
330.048,0.0945279
330.115,0.0791938
330.182,0.0791938
330.248,0.0791938
330.315,0.0791938
330.382,0.0791938
330.448,0.0677903
330.515,0.0677903
330.581,0.0677903
330.648,0.0677903
330.715,0.0677903
330.781,0.0677707
330.848,0.0677707
330.914,0.0677707
330.981,0.0677707
331.048,0.0677707
331.114,0.0924862
331.181,0.0924862
331.247,0.0924862
331.314,0.0924862
331.381,0.0924862
331.447,0.118087
331.514,0.118087
331.581,0.118087
331.647,0.118087
331.714,0.118087
331.78,0.107797
331.847,0.107797
331.914,0.107797
331.98,0.107797
332.047,0.107797
332.113,0.0964167
332.18,0.0964167
332.247,0.0964167
332.313,0.0964167
332.38,0.0964167
332.446,0.0912518
332.513,0.0912518
332.58,0.0912518
332.646,0.0912518
332.713,0.0912518
332.779,0.0868236
332.846,0.0868236
332.913,0.0868236
332.979,0.0868236
333.046,0.0868236
333.113,0.0840492
333.179,0.0840492
333.246,0.0840492
333.312,0.0840492
333.379,0.0840492
333.446,0.0732883
333.512,0.0732883
333.579,0.0732883
333.645,0.0732883
333.712,0.0732883
333.779,0.0643026
333.845,0.0643026
333.912,0.0643026
333.978,0.0643026
334.045,0.0643026
334.112,0.0480594
334.178,0.0480594
334.245,0.0480594
334.311,0.0480594
334.378,0.0480594
334.445,0.036072
334.511,0.036072
334.578,0.036072
334.645,0.036072
334.711,0.036072
334.778,0.0281797
334.844,0.0281797
334.911,0.0281797
334.978,0.0281797
335.044,0.0281797
335.111,0.0222153
335.177,0.0222153
335.244,0.0222153
335.311,0.0222153
335.377,0.0222153
335.444,0.0203657
335.51,0.0203657
335.577,0.0203657
335.644,0.0203657
335.71,0.0203657
335.777,0.0202716
335.843,0.0202716
335.91,0.0202716
335.977,0.0202716
336.043,0.0202716
336.11,0.0203265
336.177,0.0203265
336.243,0.0203265
336.31,0.0203265
336.376,0.0203265
336.443,0.0199581
336.51,0.0199581
336.576,0.0199581
336.643,0.0199581
336.709,0.0199581
336.776,0.0297393
336.843,0.0297393
336.909,0.0297393
336.976,0.0297393
337.042,0.0297393
337.109,0.0498268
337.176,0.0498268
337.242,0.0498268
337.309,0.0498268
337.375,0.0498268
337.442,0.0782494
337.509,0.0782494
337.575,0.0782494
337.642,0.0782494
337.709,0.0782494
337.775,0.118648
337.842,0.118648
337.908,0.118648
337.975,0.118648
338.042,0.118648
338.108,0.14448
338.175,0.14448
338.241,0.14448
338.308,0.14448
338.375,0.14448
338.441,0.153662
338.508,0.153662
338.574,0.153662
338.641,0.153662
338.708,0.153662
338.774,0.136842
338.841,0.136842
338.908,0.136842
338.974,0.136842
339.041,0.136842
339.107,0.118859
339.174,0.118859
339.241,0.118859
339.307,0.118859
339.374,0.118859
339.44,0.104764
339.507,0.104764
339.574,0.104764
339.64,0.104764
339.707,0.104764
339.773,0.088591
339.84,0.088591
339.907,0.088591
339.973,0.088591
340.04,0.088591
340.106,0.0714935
340.173,0.0714935
340.24,0.0714935
340.306,0.0714935
340.373,0.0714935
340.44,0.0507007
340.506,0.0507007
340.573,0.0507007
340.639,0.0507007
340.706,0.0507007
340.773,0.0464488
340.839,0.0464488
340.906,0.0464488
340.972,0.0464488
341.039,0.0464488
341.106,0.0357468
341.172,0.0357468
341.239,0.0357468
341.305,0.0357468
341.372,0.0357468
341.439,0.0212827
341.505,0.0212827
341.572,0.0212827
341.638,0.0212827
341.705,0.0212827
341.772,0.00705373
341.838,0.00705373
341.905,0.00705373
341.972,0.00705373
342.038,0.00705373
342.105,0.00756709
342.171,0.00756709
342.238,0.00756709
342.305,0.00756709
342.371,0.00756709
342.438,0.00761019
342.504,0.00761019
342.571,0.00761019
342.638,0.00761019
342.704,0.00761019
342.771,0.00767681
342.837,0.00767681
342.904,0.00767681
342.971,0.00767681
343.037,0.00767681
343.104,0.00770033
343.17,0.00770033
343.237,0.00770033
343.304,0.00770033
343.37,0.00770033
343.437,0.00772776
343.504,0.00772776
343.57,0.00772776
343.637,0.00772776
343.703,0.00772776
343.77,0.00770033
343.837,0.00770033
343.903,0.00770033
343.97,0.00770033
344.036,0.00770033
344.103,0.00770033
344.17,0.00770033
344.236,0.00770033
344.303,0.00770033
344.369,0.00770033
344.436,0.00762587
344.503,0.00762587
344.569,0.00762587
344.636,0.00762587
344.703,0.00762587
344.769,0.0076533
344.836,0.0076533
344.902,0.0076533
344.969,0.0076533
345.036,0.0076533
345.102,0.00782573
345.169,0.00782573
345.235,0.00782573
345.302,0.00782573
345.369,0.00782573
345.435,0.00783356
345.502,0.00783356
345.568,0.00783356
345.635,0.00783356
345.702,0.00783356
345.768,0.00781789
345.835,0.00781789
345.901,0.00781789
345.968,0.00781789
346.035,0.00781789
346.101,0.00790802
346.168,0.00790802
346.235,0.00790802
346.301,0.00790802
346.368,0.00790802
346.434,0.00786883
346.501,0.00786883
346.568,0.00786883
346.634,0.00786883
346.701,0.00786883
346.767,0.00786491
346.834,0.00786491
346.901,0.00786491
346.967,0.00786491
347.034,0.00786491
347.1,0.00785708
347.167,0.00785708
347.234,0.00785708
347.3,0.00785708
347.367,0.00785708
347.433,0.00784924
347.5,0.00784924
347.567,0.00784924
347.633,0.00784924
347.7,0.00784924
347.767,0.00770033
347.833,0.00770033
347.9,0.00770033
347.966,0.00770033
348.033,0.00770033
348.1,0.00767681
348.166,0.00767681
348.233,0.00767681
348.299,0.00767681
348.366,0.00767681
348.433,0.00760236
348.499,0.00760236
348.566,0.00760236
348.632,0.00760236
348.699,0.00760236
348.766,0.00760236
348.832,0.00760236
348.899,0.00760236
348.965,0.00760236
349.032,0.00760236
349.099,0.00761019
349.165,0.00761019
349.232,0.00761019
349.299,0.00761019
349.365,0.00761019
349.432,0.00758276
349.498,0.00758276
349.565,0.00758276
349.632,0.00758276
349.698,0.00758276
349.765,0.00755141
349.831,0.00755141
349.898,0.00755141
349.965,0.00755141
350.031,0.00755141
350.098,0.00755925
350.164,0.00755925
350.231,0.00755925
350.298,0.00755925
350.364,0.00755925
350.431,0.0482554
350.498,0.0482554
350.564,0.0482554
350.631,0.0482554
350.697,0.0482554
350.764,0.0660034
350.831,0.0660034
350.897,0.0660034
350.964,0.0660034
351.03,0.0660034
351.097,0.0698868
351.164,0.0698868
351.23,0.0698868
351.297,0.0698868
351.363,0.0698868
351.43,0.0696948
351.497,0.0696948
351.563,0.0696948
351.63,0.0696948
351.696,0.0696948
351.763,0.0686328
351.83,0.0686328
351.896,0.0686328
351.963,0.0686328
352.03,0.0686328
352.096,0.0668733
352.163,0.0668733
352.229,0.0668733
352.296,0.0668733
352.363,0.0668733
352.429,0.0946376
352.496,0.0946376
352.562,0.0946376
352.629,0.0946376
352.696,0.0946376
352.762,0.118761
352.829,0.118761
352.895,0.118761
352.962,0.118761
353.029,0.118761
353.095,0.125286
353.162,0.125286
353.228,0.125286
353.295,0.125286
353.362,0.125286
353.428,0.13
353.495,0.13
353.562,0.13
353.628,0.13
353.695,0.13
353.761,0.130502
353.828,0.130502
353.895,0.130502
353.961,0.130502
354.028,0.130502
354.094,0.12904
354.161,0.12904
354.228,0.12904
354.294,0.12904
354.361,0.12904
354.427,0.127567
354.494,0.127567
354.561,0.127567
354.627,0.127567
354.694,0.127567
354.76,0.122472
354.827,0.122472
354.894,0.122472
354.96,0.122472
355.027,0.122472
355.094,0.142834
355.16,0.142834
355.227,0.142834
355.293,0.142834
355.36,0.142834
355.427,0.157138
355.493,0.157138
355.56,0.157138
355.626,0.157138
355.693,0.157138
355.76,0.157091
355.826,0.157091
355.893,0.157091
355.959,0.157091
356.026,0.157091
356.093,0.159892
356.159,0.159892
356.226,0.159892
356.293,0.159892
356.359,0.159892
356.426,0.166194
356.492,0.166194
356.559,0.166194
356.626,0.166194
356.692,0.166194
356.759,0.205511
356.825,0.205511
356.892,0.205511
356.959,0.205511
357.025,0.205511
357.092,0.221805
357.158,0.221805
357.225,0.221805
357.292,0.221805
357.358,0.221805
357.425,0.219038
357.491,0.219038
357.558,0.219038
357.625,0.219038
357.691,0.219038
357.758,0.215233
357.825,0.215233
357.891,0.215233
357.958,0.215233
358.024,0.215233
358.091,0.214594
358.158,0.214594
358.224,0.214594
358.291,0.214594
358.357,0.214594
358.424,0.211828
358.491,0.211828
358.557,0.211828
358.624,0.211828
358.69,0.211828
358.757,0.217012
358.824,0.217012
358.89,0.217012
358.957,0.217012
359.023,0.217012
359.09,0.240039
359.157,0.240039
359.223,0.240039
359.29,0.240039
359.357,0.240039
359.423,0.25935
359.49,0.25935
359.556,0.25935
359.623,0.25935
359.69,0.25935
359.756,0.258319
359.823,0.258319
359.889,0.258319
359.956,0.258319
360.023,0.258319
360.089,0.256697
360.156,0.256697
360.222,0.256697
360.289,0.256697
360.356,0.256697
360.422,0.260228
360.489,0.260228
360.555,0.260228
360.622,0.260228
360.689,0.260228
360.755,0.265424
360.822,0.265424
360.889,0.265424
360.955,0.265424
361.022,0.265424
361.088,0.28635
361.155,0.28635
361.222,0.28635
361.288,0.28635
361.355,0.28635
361.421,0.294744
361.488,0.294744
361.555,0.294744
361.621,0.294744
361.688,0.294744
361.754,0.296002
361.821,0.296002
361.888,0.296002
361.954,0.296002
362.021,0.296002
362.088,0.297248
362.154,0.297248
362.221,0.297248
362.287,0.297248
362.354,0.297248
362.421,0.304902
362.487,0.304902
362.554,0.304902
362.62,0.304902
362.687,0.304902
362.754,0.308769
362.82,0.308769
362.887,0.308769
362.953,0.308769
363.02,0.308769
363.087,0.31596
363.153,0.31596
363.22,0.31596
363.286,0.31596
363.353,0.31596
363.42,0.315227
363.486,0.315227
363.553,0.315227
363.62,0.315227
363.686,0.315227
363.753,0.315894
363.819,0.315894
363.886,0.315894
363.953,0.315894
364.019,0.315894
364.086,0.310788
364.152,0.310788
364.219,0.310788
364.286,0.310788
364.352,0.310788
364.419,0.306849
364.485,0.306849
364.552,0.306849
364.619,0.306849
364.685,0.306849
364.752,0.304894
364.818,0.304894
364.885,0.304894
364.952,0.304894
365.018,0.304894
365.085,0.304627
365.152,0.304627
365.218,0.304627
365.285,0.304627
365.351,0.304627
365.418,0.313252
365.485,0.313252
365.551,0.313252
365.618,0.313252
365.684,0.313252
365.751,0.326576
365.818,0.326576
365.884,0.326576
365.951,0.326576
366.017,0.326576
366.084,0.344273
366.151,0.344273
366.217,0.344273
366.284,0.344273
366.35,0.344273
366.417,0.356907
366.484,0.356907
366.55,0.356907
366.617,0.356907
366.684,0.356907
366.75,0.370635
366.817,0.370635
366.883,0.370635
366.95,0.370635
367.017,0.370635
367.083,0.383982
367.15,0.383982
367.216,0.383982
367.283,0.383982
367.35,0.383982
367.416,0.389574
367.483,0.389574
367.549,0.389574
367.616,0.389574
367.683,0.389574
367.749,0.406558
367.816,0.406558
367.883,0.406558
367.949,0.406558
368.016,0.406558
368.082,0.431105
368.149,0.431105
368.216,0.431105
368.282,0.431105
368.349,0.431105
368.415,0.480814
368.482,0.480814
368.549,0.480814
368.615,0.480814
368.682,0.480814
368.748,0.513923
368.815,0.513923
368.882,0.513923
368.948,0.513923
369.015,0.513923
369.081,0.53104
369.148,0.53104
369.215,0.53104
369.281,0.53104
369.348,0.53104
369.415,0.537906
369.481,0.537906
369.548,0.537906
369.614,0.537906
369.681,0.537906
369.748,0.542542
369.814,0.542542
369.881,0.542542
369.947,0.542542
370.014,0.542542
370.081,0.553244
370.147,0.553244
370.214,0.553244
370.28,0.553244
370.347,0.553244
370.414,0.569887
370.48,0.569887
370.547,0.569887
370.613,0.569887
370.68,0.569887
370.747,0.586424
370.813,0.586424
370.88,0.586424
370.947,0.586424
371.013,0.586424
371.08,0.598215
371.146,0.598215
371.213,0.598215
371.28,0.598215
371.346,0.598215
371.413,0.613338
371.479,0.613338
371.546,0.613338
371.613,0.613338
371.679,0.613338
371.746,0.628648
371.812,0.628648
371.879,0.628648
371.946,0.628648
372.012,0.628648
372.079,0.635087
372.145,0.635087
372.212,0.635087
372.279,0.635087
372.345,0.635087
372.412,0.650201
372.479,0.650201
372.545,0.650201
372.612,0.650201
372.678,0.650201
372.745,0.655096
372.812,0.655096
372.878,0.655096
372.945,0.655096
373.011,0.655096
373.078,0.657486
373.145,0.657486
373.211,0.657486
373.278,0.657486
373.344,0.657486
373.411,0.663317
373.478,0.663317
373.544,0.663317
373.611,0.663317
373.678,0.663317
373.744,0.667166
373.811,0.667166
373.877,0.667166
373.944,0.667166
374.011,0.667166
374.077,0.664901
374.144,0.664901
374.21,0.664901
374.277,0.664901
374.344,0.664901
374.41,0.663078
374.477,0.663078
374.543,0.663078
374.61,0.663078
374.677,0.663078
374.743,0.66173
374.81,0.66173
374.876,0.66173
374.943,0.66173
375.01,0.66173
375.076,0.657882
375.143,0.657882
375.21,0.657882
375.276,0.657882
375.343,0.657882
375.409,0.65546
375.476,0.65546
375.543,0.65546
375.609,0.65546
375.676,0.65546
375.742,0.658282
375.809,0.658282
375.876,0.658282
375.942,0.658282
376.009,0.658282
376.075,0.680105
376.142,0.680105
376.209,0.680105
376.275,0.680105
376.342,0.680105
376.408,0.681837
376.475,0.681837
376.542,0.681837
376.608,0.681837
376.675,0.681837
376.742,0.68038
376.808,0.68038
376.875,0.68038
376.941,0.68038
377.008,0.68038
377.075,0.681747
377.141,0.681747
377.208,0.681747
377.274,0.681747
377.341,0.681747
377.408,0.680677
377.474,0.680677
377.541,0.680677
377.607,0.680677
377.674,0.680677
377.741,0.690384
377.807,0.690384
377.874,0.690384
377.94,0.690384
378.007,0.690384
378.074,0.69174
378.14,0.69174
378.207,0.69174
378.274,0.69174
378.34,0.69174
378.407,0.694997
378.473,0.694997
378.54,0.694997
378.607,0.694997
378.673,0.694997
378.74,0.695878
378.806,0.695878
378.873,0.695878
378.94,0.695878
379.006,0.695878
379.073,0.695302
379.139,0.695302
379.206,0.695302
379.273,0.695302
379.339,0.695302
379.406,0.696043
379.473,0.696043
379.539,0.696043
379.606,0.696043
379.672,0.696043
379.739,0.706271
379.806,0.706271
379.872,0.706271
379.939,0.706271
380.005,0.706271
380.072,0.729007
380.139,0.729007
380.205,0.729007
380.272,0.729007
380.338,0.729007
380.405,0.757598
380.472,0.757598
380.538,0.757598
380.605,0.757598
380.671,0.757598
380.738,0.77566
380.805,0.77566
380.871,0.77566
380.938,0.77566
381.005,0.77566
381.071,0.798342
381.138,0.798342
381.204,0.798342
381.271,0.798342
381.338,0.798342
381.404,0.799004
381.471,0.799004
381.537,0.799004
381.604,0.799004
381.671,0.799004
381.737,0.800176
381.804,0.800176
381.87,0.800176
381.937,0.800176
382.004,0.800176
382.07,0.800736
382.137,0.800736
