0,0
0.0666092,0.0652039
0.133218,0.0652039
0.199828,0.0652039
0.266437,0.0652039
0.333046,0.0652039
0.399655,0.0652039
0.466264,0.0652039
0.532873,0.0652039
0.599483,0.0652039
0.666092,0.0652039
0.732701,0.0652039
0.79931,0.0652039
0.865919,0.0652039
0.932529,0.0652039
0.999138,0.0652039
1.06575,0.0652039
1.13236,0.0652039
1.19897,0.0652039
1.26557,0.0652039
1.33218,0.0652039
1.39879,0.0652039
1.4654,0.100978
1.53201,0.100978
1.59862,0.100978
1.66523,0.100978
1.73184,0.100978
1.79845,0.100978
1.86506,0.100978
1.93167,0.100978
1.99828,0.100978
2.06488,0.100978
2.13149,0.100978
2.1981,0.100978
2.26471,0.100978
2.33132,0.100978
2.39793,0.100978
2.46454,0.100978
2.53115,0.100978
2.59776,0.100978
2.66437,0.100978
2.73098,0.100978
2.79759,0.100978
2.86419,0.113471
2.9308,0.113471
2.99741,0.113471
3.06402,0.113471
3.13063,0.113471
3.19724,0.113471
3.26385,0.113471
3.33046,0.113471
3.39707,0.113471
3.46368,0.113471
3.53029,0.113471
3.5969,0.113471
3.6635,0.113471
3.73011,0.113471
3.79672,0.113471
3.86333,0.113471
3.92994,0.113471
3.99655,0.113471
4.06316,0.113471
4.12977,0.113471
4.19638,0.113471
4.26299,0.119647
4.3296,0.119647
4.39621,0.119647
4.46282,0.119647
4.52942,0.119647
4.59603,0.119647
4.66264,0.119647
4.72925,0.119647
4.79586,0.119647
4.86247,0.119647
4.92908,0.119647
4.99569,0.119647
5.0623,0.119647
5.12891,0.119647
5.19552,0.119647
5.26213,0.119647
5.32873,0.119647
5.39534,0.119647
5.46195,0.119647
5.52856,0.119647
5.59517,0.119647
5.66178,0.137442
5.72839,0.137442
5.795,0.137442
5.86161,0.137442
5.92822,0.137442
5.99483,0.137442
6.06144,0.137442
6.12804,0.137442
6.19465,0.137442
6.26126,0.137442
6.32787,0.137442
6.39448,0.137442
6.46109,0.137442
6.5277,0.137442
6.59431,0.137442
6.66092,0.137442
6.72753,0.137442
6.79414,0.137442
6.86075,0.137442
6.92735,0.137442
6.99396,0.137442
7.06057,0.167197
7.12718,0.167197
7.19379,0.167197
7.2604,0.167197
7.32701,0.167197
7.39362,0.167197
7.46023,0.167197
7.52684,0.167197
7.59345,0.167197
7.66006,0.167197
7.72666,0.167197
7.79327,0.167197
7.85988,0.167197
7.92649,0.167197
7.9931,0.167197
8.05971,0.167197
8.12632,0.167197
8.19293,0.167197
8.25954,0.167197
8.32615,0.167197
8.39276,0.167197
8.45937,0.203332
8.52598,0.203332
8.59258,0.203332
8.65919,0.203332
8.7258,0.203332
8.79241,0.203332
8.85902,0.203332
8.92563,0.203332
8.99224,0.203332
9.05885,0.203332
9.12546,0.203332
9.19207,0.203332
9.25868,0.203332
9.32529,0.203332
9.39189,0.203332
9.4585,0.203332
9.52511,0.203332
9.59172,0.203332
9.65833,0.203332
9.72494,0.203332
9.79155,0.203332
9.85816,0.204876
9.92477,0.204876
9.99138,0.204876
10.058,0.204876
10.1246,0.204876
10.1912,0.204876
10.2578,0.204876
10.3244,0.204876
10.391,0.204876
10.4576,0.204876
10.5243,0.204876
10.5909,0.204876
10.6575,0.204876
10.7241,0.204876
10.7907,0.204876
10.8573,0.204876
10.9239,0.204876
10.9905,0.204876
11.0571,0.204876
11.1237,0.204876
11.1903,0.204876
11.257,0.185874
11.3236,0.185874
11.3902,0.185874
11.4568,0.185874
11.5234,0.185874
11.59,0.185874
11.6566,0.185874
11.7232,0.185874
11.7898,0.185874
11.8564,0.185874
11.923,0.185874
11.9897,0.185874
12.0563,0.185874
12.1229,0.185874
12.1895,0.185874
12.2561,0.185874
12.3227,0.185874
12.3893,0.185874
12.4559,0.185874
12.5225,0.185874
12.5891,0.185874
12.6557,0.180242
12.7224,0.180242
12.789,0.180242
12.8556,0.180242
12.9222,0.180242
12.9888,0.180242
13.0554,0.180242
13.122,0.180242
13.1886,0.180242
13.2552,0.180242
13.3218,0.180242
13.3884,0.180242
13.4551,0.180242
13.5217,0.180242
13.5883,0.180242
13.6549,0.180242
13.7215,0.180242
13.7881,0.180242
13.8547,0.180242
13.9213,0.180242
13.9879,0.180242
14.0545,0.183307
14.1211,0.183307
14.1878,0.183307
14.2544,0.183307
14.321,0.183307
14.3876,0.183307
14.4542,0.183307
14.5208,0.183307
14.5874,0.183307
14.654,0.183307
14.7206,0.183307
14.7872,0.183307
14.8538,0.183307
14.9205,0.183307
14.9871,0.183307
15.0537,0.183307
15.1203,0.183307
15.1869,0.183307
15.2535,0.183307
15.3201,0.183307
15.3867,0.183307
15.4533,0.1819
15.5199,0.1819
15.5865,0.1819
15.6532,0.1819
15.7198,0.1819
15.7864,0.1819
15.853,0.1819
15.9196,0.1819
15.9862,0.1819
16.0528,0.1819
16.1194,0.1819
16.186,0.1819
16.2526,0.1819
16.3192,0.1819
16.3859,0.1819
16.4525,0.1819
16.5191,0.1819
16.5857,0.1819
16.6523,0.1819
16.7189,0.1819
16.7855,0.1819
16.8521,0.178746
16.9187,0.178746
16.9853,0.178746
17.052,0.178746
17.1186,0.178746
17.1852,0.178746
17.2518,0.178746
17.3184,0.178746
17.385,0.178746
17.4516,0.178746
17.5182,0.178746
17.5848,0.178746
17.6514,0.178746
17.718,0.178746
17.7847,0.178746
17.8513,0.178746
17.9179,0.178746
17.9845,0.178746
18.0511,0.178746
18.1177,0.178746
18.1843,0.178746
18.2509,0.179318
18.3175,0.179318
18.3841,0.179318
18.4507,0.179318
18.5174,0.179318
18.584,0.179318
18.6506,0.179318
18.7172,0.179318
18.7838,0.179318
18.8504,0.179318
18.917,0.179318
18.9836,0.179318
19.0502,0.179318
19.1168,0.179318
19.1834,0.179318
19.2501,0.179318
19.3167,0.179318
19.3833,0.179318
19.4499,0.179318
19.5165,0.179318
19.5831,0.179318
19.6497,0.176449
19.7163,0.176449
19.7829,0.176449
19.8495,0.176449
19.9161,0.176449
19.9828,0.176449
20.0494,0.176449
20.116,0.176449
20.1826,0.176449
20.2492,0.176449
20.3158,0.176449
20.3824,0.176449
20.449,0.176449
20.5156,0.176449
20.5822,0.176449
20.6488,0.176449
20.7155,0.176449
20.7821,0.176449
20.8487,0.176449
20.9153,0.176449
20.9819,0.176449
21.0485,0.181167
21.1151,0.181167
21.1817,0.181167
21.2483,0.181167
21.3149,0.181167
21.3815,0.181167
21.4482,0.181167
21.5148,0.181167
21.5814,0.181167
21.648,0.181167
21.7146,0.181167
21.7812,0.181167
21.8478,0.181167
21.9144,0.181167
21.981,0.181167
22.0476,0.181167
22.1142,0.181167
22.1809,0.181167
22.2475,0.181167
22.3141,0.181167
22.3807,0.181167
22.4473,0.180478
22.5139,0.180478
22.5805,0.180478
22.6471,0.180478
22.7137,0.180478
22.7803,0.180478
22.8469,0.180478
22.9136,0.180478
22.9802,0.180478
23.0468,0.180478
23.1134,0.180478
23.18,0.180478
23.2466,0.180478
23.3132,0.180478
23.3798,0.180478
23.4464,0.180478
23.513,0.180478
23.5796,0.180478
23.6463,0.180478
23.7129,0.180478
23.7795,0.180478
23.8461,0.188417
23.9127,0.188417
23.9793,0.188417
24.0459,0.188417
24.1125,0.188417
24.1791,0.188417
24.2457,0.188417
24.3124,0.188417
24.379,0.188417
24.4456,0.188417
24.5122,0.188417
24.5788,0.188417
24.6454,0.188417
24.712,0.188417
24.7786,0.188417
24.8452,0.188417
24.9118,0.188417
24.9784,0.188417
25.0451,0.188417
25.1117,0.188417
25.1783,0.188417
25.2449,0.188484
25.3115,0.188484
25.3781,0.188484
25.4447,0.188484
25.5113,0.188484
25.5779,0.188484
25.6445,0.188484
25.7111,0.188484
25.7778,0.188484
25.8444,0.188484
25.911,0.188484
25.9776,0.188484
26.0442,0.188484
26.1108,0.188484
26.1774,0.188484
26.244,0.188484
26.3106,0.188484
26.3772,0.188484
26.4438,0.188484
26.5105,0.188484
26.5771,0.188484
26.6437,0.192105
26.7103,0.192105
26.7769,0.192105
26.8435,0.192105
26.9101,0.192105
26.9767,0.192105
27.0433,0.192105
27.1099,0.192105
27.1765,0.192105
27.2432,0.192105
27.3098,0.192105
27.3764,0.192105
27.443,0.192105
27.5096,0.192105
27.5762,0.192105
27.6428,0.192105
27.7094,0.192105
27.776,0.192105
27.8426,0.192105
27.9092,0.192105
27.9759,0.192105
28.0425,0.218944
28.1091,0.218944
28.1757,0.218944
28.2423,0.218944
28.3089,0.218944
28.3755,0.218944
28.4421,0.218944
28.5087,0.218944
28.5753,0.218944
28.6419,0.218944
28.7086,0.218944
28.7752,0.218944
28.8418,0.218944
28.9084,0.218944
28.975,0.218944
29.0416,0.218944
29.1082,0.218944
29.1748,0.218944
29.2414,0.218944
29.308,0.218944
29.3746,0.218944
29.4413,0.257669
29.5079,0.257669
29.5745,0.257669
29.6411,0.257669
29.7077,0.257669
29.7743,0.257669
29.8409,0.257669
29.9075,0.257669
29.9741,0.257669
30.0407,0.257669
30.1073,0.257669
30.174,0.257669
30.2406,0.257669
30.3072,0.257669
30.3738,0.257669
30.4404,0.257669
30.507,0.257669
30.5736,0.257669
30.6402,0.257669
30.7068,0.257669
30.7734,0.257669
30.8401,0.279477
30.9067,0.279477
30.9733,0.279477
31.0399,0.279477
31.1065,0.279477
31.1731,0.279477
31.2397,0.279477
31.3063,0.279477
31.3729,0.279477
31.4395,0.279477
31.5061,0.279477
31.5728,0.279477
31.6394,0.279477
31.706,0.279477
31.7726,0.279477
31.8392,0.279477
31.9058,0.279477
31.9724,0.279477
32.039,0.279477
32.1056,0.279477
32.1722,0.279477
32.2388,0.284234
32.3055,0.284234
32.3721,0.284234
32.4387,0.284234
32.5053,0.284234
32.5719,0.284234
32.6385,0.284234
32.7051,0.284234
32.7717,0.284234
32.8383,0.284234
32.9049,0.284234
32.9715,0.284234
33.0382,0.284234
33.1048,0.284234
33.1714,0.284234
33.238,0.284234
33.3046,0.284234
33.3712,0.284234
33.4378,0.284234
33.5044,0.284234
33.571,0.284234
33.6376,0.314561
33.7042,0.314561
33.7709,0.314561
33.8375,0.314561
33.9041,0.314561
33.9707,0.314561
34.0373,0.314561
34.1039,0.314561
34.1705,0.314561
34.2371,0.314561
34.3037,0.314561
34.3703,0.314561
34.4369,0.314561
34.5036,0.314561
34.5702,0.314561
34.6368,0.314561
34.7034,0.314561
34.77,0.314561
34.8366,0.314561
34.9032,0.314561
34.9698,0.314561
35.0364,0.371164
35.103,0.371164
35.1696,0.371164
35.2363,0.371164
35.3029,0.371164
35.3695,0.371164
35.4361,0.371164
35.5027,0.371164
35.5693,0.371164
35.6359,0.371164
35.7025,0.371164
35.7691,0.371164
35.8357,0.371164
35.9023,0.371164
35.969,0.371164
36.0356,0.371164
36.1022,0.371164
36.1688,0.371164
36.2354,0.371164
36.302,0.371164
36.3686,0.371164
36.4352,0.378159
36.5018,0.378159
36.5684,0.378159
36.635,0.378159
36.7017,0.378159
36.7683,0.378159
36.8349,0.378159
36.9015,0.378159
36.9681,0.378159
37.0347,0.378159
37.1013,0.378159
37.1679,0.378159
37.2345,0.378159
37.3011,0.378159
37.3678,0.378159
37.4344,0.378159
37.501,0.378159
37.5676,0.378159
37.6342,0.378159
37.7008,0.378159
37.7674,0.378159
37.834,0.361539
37.9006,0.361539
37.9672,0.361539
38.0338,0.361539
38.1005,0.361539
38.1671,0.361539
38.2337,0.361539
38.3003,0.361539
38.3669,0.361539
38.4335,0.361539
38.5001,0.361539
38.5667,0.361539
38.6333,0.361539
38.6999,0.361539
38.7665,0.361539
38.8332,0.361539
38.8998,0.361539
38.9664,0.361539
39.033,0.361539
39.0996,0.361539
39.1662,0.361539
39.2328,0.422871
39.2994,0.422871
39.366,0.422871
39.4326,0.422871
39.4992,0.422871
39.5659,0.422871
39.6325,0.422871
39.6991,0.422871
39.7657,0.422871
39.8323,0.422871
39.8989,0.422871
39.9655,0.422871
40.0321,0.422871
40.0987,0.422871
40.1653,0.422871
40.2319,0.422871
40.2986,0.422871
40.3652,0.422871
40.4318,0.422871
40.4984,0.422871
40.565,0.422871
40.6316,0.514033
40.6982,0.514033
40.7648,0.514033
40.8314,0.514033
40.898,0.514033
40.9646,0.514033
41.0313,0.514033
41.0979,0.514033
41.1645,0.514033
41.2311,0.514033
41.2977,0.514033
41.3643,0.514033
41.4309,0.514033
41.4975,0.514033
41.5641,0.514033
41.6307,0.514033
41.6973,0.514033
41.764,0.514033
41.8306,0.514033
41.8972,0.514033
41.9638,0.514033
42.0304,0.5619
42.097,0.5619
42.1636,0.5619
42.2302,0.5619
42.2968,0.5619
42.3634,0.5619
42.43,0.5619
42.4967,0.5619
42.5633,0.5619
42.6299,0.5619
42.6965,0.5619
42.7631,0.5619
42.8297,0.5619
42.8963,0.5619
42.9629,0.5619
43.0295,0.5619
43.0961,0.5619
43.1627,0.5619
43.2294,0.5619
43.296,0.5619
43.3626,0.5619
43.4292,0.570059
43.4958,0.570059
43.5624,0.570059
43.629,0.570059
43.6956,0.570059
43.7622,0.570059
43.8288,0.570059
43.8954,0.570059
43.9621,0.570059
44.0287,0.570059
44.0953,0.570059
44.1619,0.570059
44.2285,0.570059
44.2951,0.570059
44.3617,0.570059
44.4283,0.570059
44.4949,0.570059
44.5615,0.570059
44.6282,0.570059
44.6948,0.570059
44.7614,0.570059
44.828,0.575984
44.8946,0.575984
44.9612,0.575984
45.0278,0.575984
45.0944,0.575984
45.161,0.575984
45.2276,0.575984
45.2942,0.575984
45.3609,0.575984
45.4275,0.575984
45.4941,0.575984
45.5607,0.575984
45.6273,0.575984
45.6939,0.575984
45.7605,0.575984
45.8271,0.575984
45.8937,0.575984
45.9603,0.575984
46.0269,0.575984
46.0936,0.575984
46.1602,0.575984
46.2268,0.592619
46.2934,0.592619
46.36,0.592619
46.4266,0.592619
46.4932,0.592619
46.5598,0.592619
46.6264,0.592619
46.693,0.592619
46.7596,0.592619
46.8263,0.592619
46.8929,0.592619
46.9595,0.592619
47.0261,0.592619
47.0927,0.592619
47.1593,0.592619
47.2259,0.592619
47.2925,0.592619
47.3591,0.592619
47.4257,0.592619
47.4923,0.592619
47.559,0.592619
47.6256,0.601456
47.6922,0.601456
47.7588,0.601456
47.8254,0.601456
47.892,0.601456
47.9586,0.601456
48.0252,0.601456
48.0918,0.601456
48.1584,0.601456
48.225,0.601456
48.2917,0.601456
48.3583,0.601456
48.4249,0.601456
48.4915,0.601456
48.5581,0.601456
48.6247,0.601456
48.6913,0.601456
48.7579,0.601456
48.8245,0.601456
48.8911,0.601456
48.9577,0.601456
49.0244,0.601284
49.091,0.601284
49.1576,0.601284
49.2242,0.601284
49.2908,0.601284
49.3574,0.601284
49.424,0.601284
49.4906,0.601284
49.5572,0.601284
49.6238,0.601284
49.6904,0.601284
49.7571,0.601284
49.8237,0.601284
49.8903,0.601284
49.9569,0.601284
50.0235,0.601284
50.0901,0.601284
50.1567,0.601284
50.2233,0.601284
50.2899,0.601284
50.3565,0.601284
50.4231,0.604466
50.4898,0.604466
50.5564,0.604466
50.623,0.604466
50.6896,0.604466
50.7562,0.604466
50.8228,0.604466
50.8894,0.604466
50.956,0.604466
51.0226,0.604466
51.0892,0.604466
51.1559,0.604466
51.2225,0.604466
51.2891,0.604466
51.3557,0.604466
51.4223,0.604466
51.4889,0.604466
51.5555,0.604466
51.6221,0.604466
51.6887,0.604466
51.7553,0.604466
51.8219,0.606202
51.8886,0.606202
51.9552,0.606202
52.0218,0.606202
52.0884,0.606202
52.155,0.606202
52.2216,0.606202
52.2882,0.606202
52.3548,0.606202
52.4214,0.606202
52.488,0.606202
52.5546,0.606202
52.6213,0.606202
52.6879,0.606202
52.7545,0.606202
52.8211,0.606202
52.8877,0.606202
52.9543,0.606202
53.0209,0.606202
53.0875,0.606202
53.1541,0.606202
53.2207,0.63473
53.2873,0.63473
53.354,0.63473
53.4206,0.63473
53.4872,0.63473
53.5538,0.63473
53.6204,0.63473
53.687,0.63473
53.7536,0.63473
53.8202,0.63473
53.8868,0.63473
53.9534,0.63473
54.02,0.63473
54.0867,0.63473
54.1533,0.63473
54.2199,0.63473
54.2865,0.63473
54.3531,0.63473
54.4197,0.63473
54.4863,0.63473
54.5529,0.63473
54.6195,0.642113
54.6861,0.642113
54.7527,0.642113
54.8194,0.642113
54.886,0.642113
54.9526,0.642113
55.0192,0.642113
55.0858,0.642113
55.1524,0.642113
55.219,0.642113
55.2856,0.642113
55.3522,0.642113
55.4188,0.642113
55.4854,0.642113
55.5521,0.642113
55.6187,0.642113
55.6853,0.642113
55.7519,0.642113
55.8185,0.642113
55.8851,0.642113
55.9517,0.642113
56.0183,0.649958
56.0849,0.649958
56.1515,0.649958
56.2181,0.649958
56.2848,0.649958
56.3514,0.649958
56.418,0.649958
56.4846,0.649958
56.5512,0.649958
56.6178,0.649958
56.6844,0.649958
56.751,0.649958
56.8176,0.649958
56.8842,0.649958
56.9508,0.649958
57.0175,0.649958
57.0841,0.649958
57.1507,0.649958
57.2173,0.649958
57.2839,0.649958
57.3505,0.649958
57.4171,0.652525
57.4837,0.652525
57.5503,0.652525
57.6169,0.652525
57.6836,0.652525
57.7502,0.652525
57.8168,0.652525
57.8834,0.652525
57.95,0.652525
58.0166,0.652525
58.0832,0.652525
58.1498,0.652525
58.2164,0.652525
58.283,0.652525
58.3496,0.652525
58.4163,0.652525
58.4829,0.652525
58.5495,0.652525
58.6161,0.652525
58.6827,0.652525
58.7493,0.652525
58.8159,0.650527
58.8825,0.650527
58.9491,0.650527
59.0157,0.650527
59.0823,0.650527
59.149,0.650527
59.2156,0.650527
59.2822,0.650527
59.3488,0.650527
59.4154,0.650527
59.482,0.650527
59.5486,0.650527
59.6152,0.650527
59.6818,0.650527
59.7484,0.650527
59.815,0.650527
59.8817,0.650527
59.9483,0.650527
60.0149,0.650527
60.0815,0.650527
60.1481,0.650527
60.2147,0.651789
60.2813,0.651789
60.3479,0.651789
60.4145,0.651789
60.4811,0.651789
60.5477,0.651789
60.6144,0.651789
60.681,0.651789
60.7476,0.651789
60.8142,0.651789
60.8808,0.651789
60.9474,0.651789
61.014,0.651789
61.0806,0.651789
61.1472,0.651789
61.2138,0.651789
61.2804,0.651789
61.3471,0.651789
61.4137,0.651789
61.4803,0.651789
61.5469,0.651789
61.6135,0.648642
61.6801,0.648642
61.7467,0.648642
61.8133,0.648642
61.8799,0.648642
61.9465,0.648642
62.0131,0.648642
62.0798,0.648642
62.1464,0.648642
62.213,0.648642
62.2796,0.648642
62.3462,0.648642
62.4128,0.648642
62.4794,0.648642
62.546,0.648642
62.6126,0.648642
62.6792,0.648642
62.7458,0.648642
62.8125,0.648642
62.8791,0.648642
62.9457,0.648642
63.0123,0.654747
63.0789,0.654747
63.1455,0.654747
63.2121,0.654747
63.2787,0.654747
63.3453,0.654747
63.4119,0.654747
63.4785,0.654747
63.5452,0.654747
63.6118,0.654747
63.6784,0.654747
63.745,0.654747
63.8116,0.654747
63.8782,0.654747
63.9448,0.654747
64.0114,0.654747
64.078,0.654747
64.1446,0.654747
64.2112,0.654747
64.2779,0.654747
64.3445,0.654747
64.4111,0.656072
64.4777,0.656072
64.5443,0.656072
64.6109,0.656072
64.6775,0.656072
64.7441,0.656072
64.8107,0.656072
64.8773,0.656072
64.944,0.656072
65.0106,0.656072
65.0772,0.656072
65.1438,0.656072
65.2104,0.656072
65.277,0.656072
65.3436,0.656072
65.4102,0.656072
65.4768,0.656072
65.5434,0.656072
65.61,0.656072
65.6767,0.656072
65.7433,0.656072
65.8099,0.652768
65.8765,0.652768
65.9431,0.652768
66.0097,0.652768
66.0763,0.652768
66.1429,0.652768
66.2095,0.652768
66.2761,0.652768
66.3427,0.652768
66.4094,0.652768
66.476,0.652768
66.5426,0.652768
66.6092,0.652768
66.6758,0.652768
66.7424,0.652768
66.809,0.652768
66.8756,0.652768
66.9422,0.652768
67.0088,0.652768
67.0754,0.652768
67.1421,0.652768
67.2087,0.652596
67.2753,0.652596
67.3419,0.652596
67.4085,0.652596
67.4751,0.652596
67.5417,0.652596
67.6083,0.652596
67.6749,0.652596
67.7415,0.652596
67.8081,0.652596
67.8748,0.652596
67.9414,0.652596
68.008,0.652596
68.0746,0.652596
68.1412,0.652596
68.2078,0.652596
68.2744,0.652596
68.341,0.652596
68.4076,0.652596
68.4742,0.652596
68.5408,0.652596
68.6075,0.649574
68.6741,0.649574
68.7407,0.649574
68.8073,0.649574
68.8739,0.649574
68.9405,0.649574
69.0071,0.649574
69.0737,0.649574
69.1403,0.649574
69.2069,0.649574
69.2735,0.649574
69.3402,0.649574
69.4068,0.649574
69.4734,0.649574
69.54,0.649574
69.6066,0.649574
69.6732,0.649574
69.7398,0.649574
69.8064,0.649574
69.873,0.649574
69.9396,0.649574
70.0062,0.645914
70.0729,0.645914
70.1395,0.645914
70.2061,0.645914
70.2727,0.645914
70.3393,0.645914
70.4059,0.645914
70.4725,0.645914
70.5391,0.645914
70.6057,0.645914
70.6723,0.645914
70.7389,0.645914
70.8056,0.645914
70.8722,0.645914
70.9388,0.645914
71.0054,0.645914
71.072,0.645914
71.1386,0.645914
71.2052,0.645914
71.2718,0.645914
71.3384,0.645914
71.405,0.642242
71.4717,0.642242
71.5383,0.642242
71.6049,0.642242
71.6715,0.642242
71.7381,0.642242
71.8047,0.642242
71.8713,0.642242
71.9379,0.642242
72.0045,0.642242
72.0711,0.642242
72.1377,0.642242
72.2044,0.642242
72.271,0.642242
72.3376,0.642242
72.4042,0.642242
72.4708,0.642242
72.5374,0.642242
72.604,0.642242
72.6706,0.642242
72.7372,0.642242
72.8038,0.65066
72.8704,0.65066
72.9371,0.65066
73.0037,0.65066
73.0703,0.65066
73.1369,0.65066
73.2035,0.65066
73.2701,0.65066
73.3367,0.65066
73.4033,0.65066
73.4699,0.65066
73.5365,0.65066
73.6031,0.65066
73.6698,0.65066
73.7364,0.65066
73.803,0.65066
73.8696,0.65066
73.9362,0.65066
74.0028,0.65066
74.0694,0.65066
74.136,0.65066
74.2026,0.646651
74.2692,0.646651
74.3358,0.646651
74.4025,0.646651
74.4691,0.646651
74.5357,0.646651
74.6023,0.646651
74.6689,0.646651
74.7355,0.646651
74.8021,0.646651
74.8687,0.646651
74.9353,0.646651
75.0019,0.646651
75.0685,0.646651
75.1352,0.646651
75.2018,0.646651
75.2684,0.646651
75.335,0.646651
75.4016,0.646651
75.4682,0.646651
75.5348,0.646651
75.6014,0.649112
75.668,0.649112
75.7346,0.649112
75.8012,0.649112
75.8679,0.649112
75.9345,0.649112
76.0011,0.649112
76.0677,0.649112
76.1343,0.649112
76.2009,0.649112
76.2675,0.649112
76.3341,0.649112
76.4007,0.649112
76.4673,0.649112
76.5339,0.649112
76.6006,0.649112
76.6672,0.649112
76.7338,0.649112
76.8004,0.649112
76.867,0.649112
76.9336,0.649112
77.0002,0.644892
77.0668,0.644892
77.1334,0.644892
77.2,0.644892
77.2666,0.644892
77.3333,0.644892
77.3999,0.644892
77.4665,0.644892
77.5331,0.644892
77.5997,0.644892
77.6663,0.644892
77.7329,0.644892
77.7995,0.644892
77.8661,0.644892
77.9327,0.644892
77.9994,0.644892
78.066,0.644892
78.1326,0.644892
78.1992,0.644892
78.2658,0.644892
78.3324,0.644892
78.399,0.643877
78.4656,0.643877
78.5322,0.643877
78.5988,0.643877
78.6654,0.643877
78.7321,0.643877
78.7987,0.643877
78.8653,0.643877
78.9319,0.643877
78.9985,0.643877
79.0651,0.643877
79.1317,0.643877
79.1983,0.643877
79.2649,0.643877
79.3315,0.643877
79.3981,0.643877
79.4648,0.643877
79.5314,0.643877
79.598,0.643877
79.6646,0.643877
79.7312,0.643877
79.7978,0.654892
79.8644,0.654892
79.931,0.654892
79.9976,0.654892
80.0642,0.654892
80.1308,0.654892
80.1975,0.654892
80.2641,0.654892
80.3307,0.654892
80.3973,0.654892
80.4639,0.654892
80.5305,0.654892
80.5971,0.654892
80.6637,0.654892
80.7303,0.654892
80.7969,0.654892
80.8635,0.654892
80.9302,0.654892
80.9968,0.654892
81.0634,0.654892
81.13,0.654892
81.1966,0.656001
81.2632,0.656001
81.3298,0.656001
81.3964,0.656001
81.463,0.656001
81.5296,0.656001
81.5962,0.656001
81.6629,0.656001
81.7295,0.656001
81.7961,0.656001
81.8627,0.656001
81.9293,0.656001
81.9959,0.656001
82.0625,0.656001
82.1291,0.656001
82.1957,0.656001
82.2623,0.656001
82.3289,0.656001
82.3956,0.656001
82.4622,0.656001
82.5288,0.656001
82.5954,0.66028
82.662,0.66028
82.7286,0.66028
82.7952,0.66028
82.8618,0.66028
82.9284,0.66028
82.995,0.66028
83.0616,0.66028
83.1283,0.66028
83.1949,0.66028
83.2615,0.66028
83.3281,0.66028
83.3947,0.66028
83.4613,0.66028
83.5279,0.66028
83.5945,0.66028
83.6611,0.66028
83.7277,0.66028
83.7943,0.66028
83.861,0.66028
83.9276,0.66028
83.9942,0.657643
84.0608,0.657643
84.1274,0.657643
84.194,0.657643
84.2606,0.657643
84.3272,0.657643
84.3938,0.657643
84.4604,0.657643
84.527,0.657643
84.5937,0.657643
84.6603,0.657643
84.7269,0.657643
84.7935,0.657643
84.8601,0.657643
84.9267,0.657643
84.9933,0.657643
85.0599,0.657643
85.1265,0.657643
85.1931,0.657643
85.2598,0.657643
85.3264,0.657643
85.393,0.65546
85.4596,0.65546
85.5262,0.65546
85.5928,0.65546
85.6594,0.65546
85.726,0.65546
85.7926,0.65546
85.8592,0.65546
85.9258,0.65546
85.9925,0.65546
86.0591,0.65546
86.1257,0.65546
86.1923,0.65546
86.2589,0.65546
86.3255,0.65546
86.3921,0.65546
86.4587,0.65546
86.5253,0.65546
86.5919,0.65546
86.6585,0.65546
86.7252,0.65546
86.7918,0.653258
86.8584,0.653258
86.925,0.653258
86.9916,0.653258
87.0582,0.653258
87.1248,0.653258
87.1914,0.653258
87.258,0.653258
87.3246,0.653258
87.3912,0.653258
87.4579,0.653258
87.5245,0.653258
87.5911,0.653258
87.6577,0.653258
87.7243,0.653258
87.7909,0.653258
87.8575,0.653258
87.9241,0.653258
87.9907,0.653258
88.0573,0.653258
88.1239,0.653258
88.1906,0.650237
88.2572,0.650237
88.3238,0.650237
88.3904,0.650237
88.457,0.650237
88.5236,0.650237
88.5902,0.650237
88.6568,0.650237
88.7234,0.650237
88.79,0.650237
88.8566,0.650237
88.9233,0.650237
88.9899,0.650237
89.0565,0.650237
89.1231,0.650237
89.1897,0.650237
89.2563,0.650237
89.3229,0.650237
89.3895,0.650237
89.4561,0.650237
89.5227,0.650237
89.5893,0.648908
89.656,0.648908
89.7226,0.648908
89.7892,0.648908
89.8558,0.648908
89.9224,0.648908
89.989,0.648908
90.0556,0.648908
90.1222,0.648908
90.1888,0.648908
90.2554,0.648908
90.322,0.648908
90.3887,0.648908
90.4553,0.648908
90.5219,0.648908
90.5885,0.648908
90.6551,0.648908
90.7217,0.648908
90.7883,0.648908
90.8549,0.648908
90.9215,0.648908
90.9881,0.655108
91.0547,0.655108
91.1214,0.655108
91.188,0.655108
91.2546,0.655108
91.3212,0.655108
91.3878,0.655108
91.4544,0.655108
91.521,0.655108
91.5876,0.655108
91.6542,0.655108
91.7208,0.655108
91.7875,0.655108
91.8541,0.655108
91.9207,0.655108
91.9873,0.655108
92.0539,0.655108
92.1205,0.655108
92.1871,0.655108
92.2537,0.655108
92.3203,0.655108
92.3869,0.65914
92.4535,0.65914
92.5202,0.65914
92.5868,0.65914
92.6534,0.65914
92.72,0.65914
92.7866,0.65914
92.8532,0.65914
92.9198,0.65914
92.9864,0.65914
93.053,0.65914
93.1196,0.65914
93.1862,0.65914
93.2529,0.65914
93.3195,0.65914
93.3861,0.65914
93.4527,0.65914
93.5193,0.65914
93.5859,0.65914
93.6525,0.65914
93.7191,0.65914
93.7857,0.6547
93.8523,0.6547
93.9189,0.6547
93.9856,0.6547
94.0522,0.6547
94.1188,0.6547
94.1854,0.6547
94.252,0.6547
94.3186,0.6547
94.3852,0.6547
94.4518,0.6547
94.5184,0.6547
94.585,0.6547
94.6516,0.6547
94.7183,0.6547
94.7849,0.6547
94.8515,0.6547
94.9181,0.6547
94.9847,0.6547
95.0513,0.6547
95.1179,0.6547
95.1845,0.663314
95.2511,0.663314
95.3177,0.663314
95.3843,0.663314
95.451,0.663314
95.5176,0.663314
95.5842,0.663314
95.6508,0.663314
95.7174,0.663314
95.784,0.663314
95.8506,0.663314
95.9172,0.663314
95.9838,0.663314
96.0504,0.663314
96.117,0.663314
96.1837,0.663314
96.2503,0.663314
96.3169,0.663314
96.3835,0.663314
96.4501,0.663314
96.5167,0.663314
96.5833,0.696399
96.6499,0.696399
96.7165,0.696399
96.7831,0.696399
96.8497,0.696399
96.9164,0.696399
96.983,0.696399
97.0496,0.696399
97.1162,0.696399
97.1828,0.696399
97.2494,0.696399
97.316,0.696399
97.3826,0.696399
97.4492,0.696399
97.5158,0.696399
97.5824,0.696399
97.6491,0.696399
97.7157,0.696399
97.7823,0.696399
97.8489,0.696399
97.9155,0.696399
97.9821,0.729854
98.0487,0.729854
98.1153,0.729854
98.1819,0.729854
98.2485,0.729854
98.3152,0.729854
98.3818,0.729854
98.4484,0.729854
98.515,0.729854
98.5816,0.729854
98.6482,0.729854
98.7148,0.729854
98.7814,0.729854
98.848,0.729854
98.9146,0.729854
98.9812,0.729854
99.0479,0.729854
99.1145,0.729854
99.1811,0.729854
99.2477,0.729854
99.3143,0.729854
99.3809,0.748954
99.4475,0.748954
99.5141,0.748954
99.5807,0.748954
99.6473,0.748954
99.7139,0.748954
99.7806,0.748954
99.8472,0.748954
99.9138,0.748954
99.9804,0.748954
100.047,0.748954
100.114,0.748954
100.18,0.748954
100.247,0.748954
100.313,0.748954
100.38,0.748954
100.447,0.748954
100.513,0.748954
100.58,0.748954
100.646,0.748954
100.713,0.748954
100.78,0.761839
100.846,0.761839
100.913,0.761839
100.98,0.761839
101.046,0.761839
101.113,0.761839
101.179,0.761839
101.246,0.761839
101.313,0.761839
101.379,0.761839
101.446,0.761839
101.512,0.761839
101.579,0.761839
101.646,0.761839
101.712,0.761839
101.779,0.761839
101.845,0.761839
101.912,0.761839
101.979,0.761839
102.045,0.761839
102.112,0.761839
102.178,0.656166
102.245,0.656166
102.312,0.656166
102.378,0.656166
102.445,0.656166
102.512,0.656166
102.578,0.656166
102.645,0.656166
102.711,0.656166
102.778,0.656166
102.845,0.656166
102.911,0.656166
102.978,0.656166
103.044,0.656166
103.111,0.656166
103.178,0.656166
103.244,0.656166
103.311,0.656166
103.377,0.656166
103.444,0.656166
103.511,0.656166
103.577,0.598874
103.644,0.598874
103.71,0.598874
103.777,0.598874
103.844,0.598874
103.91,0.598874
103.977,0.598874
104.044,0.598874
104.11,0.598874
104.177,0.598874
104.243,0.598874
104.31,0.598874
104.377,0.598874
104.443,0.598874
104.51,0.598874
104.576,0.598874
104.643,0.598874
104.71,0.598874
104.776,0.598874
104.843,0.598874
104.909,0.598874
104.976,0.57756
105.043,0.57756
105.109,0.57756
105.176,0.57756
105.243,0.57756
105.309,0.57756
105.376,0.57756
105.442,0.57756
105.509,0.57756
105.576,0.57756
105.642,0.57756
105.709,0.57756
105.775,0.57756
105.842,0.57756
105.909,0.57756
105.975,0.57756
106.042,0.57756
106.108,0.57756
106.175,0.57756
106.242,0.57756
106.308,0.57756
106.375,0.596969
106.441,0.596969
106.508,0.596969
106.575,0.596969
106.641,0.596969
106.708,0.596969
106.775,0.596969
106.841,0.596969
106.908,0.596969
106.974,0.596969
107.041,0.596969
107.108,0.596969
107.174,0.596969
107.241,0.596969
107.307,0.596969
107.374,0.596969
107.441,0.596969
107.507,0.596969
107.574,0.596969
107.64,0.596969
107.707,0.596969
107.774,0.559565
107.84,0.559565
107.907,0.559565
107.973,0.559565
108.04,0.559565
108.107,0.559565
108.173,0.559565
108.24,0.559565
108.307,0.559565
108.373,0.559565
108.44,0.559565
108.506,0.559565
108.573,0.559565
108.64,0.559565
108.706,0.559565
108.773,0.559565
108.839,0.559565
108.906,0.559565
108.973,0.559565
109.039,0.559565
109.106,0.559565
109.172,0.565028
109.239,0.565028
109.306,0.565028
109.372,0.565028
109.439,0.565028
109.505,0.565028
109.572,0.565028
109.639,0.565028
109.705,0.565028
109.772,0.565028
109.839,0.565028
109.905,0.565028
109.972,0.565028
110.038,0.565028
110.105,0.565028
110.172,0.565028
110.238,0.565028
110.305,0.565028
110.371,0.565028
110.438,0.565028
110.505,0.565028
110.571,0.554894
110.638,0.554894
110.704,0.554894
110.771,0.554894
110.838,0.554894
110.904,0.554894
110.971,0.554894
111.038,0.554894
111.104,0.554894
111.171,0.554894
111.237,0.554894
111.304,0.554894
111.371,0.554894
111.437,0.554894
111.504,0.554894
111.57,0.554894
111.637,0.554894
111.704,0.554894
111.77,0.554894
111.837,0.554894
111.903,0.554894
111.97,0.506764
112.037,0.506764
112.103,0.506764
112.17,0.506764
112.236,0.506764
112.303,0.506764
112.37,0.506764
112.436,0.506764
112.503,0.506764
112.57,0.506764
112.636,0.506764
112.703,0.506764
112.769,0.506764
112.836,0.506764
112.903,0.506764
112.969,0.506764
113.036,0.506764
113.102,0.506764
113.169,0.506764
113.236,0.506764
113.302,0.506764
113.369,0.56252
113.435,0.56252
113.502,0.56252
113.569,0.56252
113.635,0.56252
113.702,0.56252
113.768,0.56252
113.835,0.56252
113.902,0.56252
113.968,0.56252
114.035,0.56252
114.102,0.56252
114.168,0.56252
114.235,0.56252
114.301,0.56252
114.368,0.56252
114.435,0.56252
114.501,0.56252
114.568,0.56252
114.634,0.56252
114.701,0.56252
114.768,0.524089
114.834,0.524089
114.901,0.524089
114.967,0.524089
115.034,0.524089
115.101,0.524089
115.167,0.524089
115.234,0.524089
115.3,0.524089
115.367,0.524089
115.434,0.524089
115.5,0.524089
115.567,0.524089
115.634,0.524089
115.7,0.524089
115.767,0.524089
115.833,0.524089
115.9,0.524089
115.967,0.524089
116.033,0.524089
116.1,0.524089
116.166,0.368989
116.233,0.368989
116.3,0.368989
116.366,0.368989
116.433,0.368989
116.499,0.368989
116.566,0.368989
116.633,0.368989
116.699,0.368989
116.766,0.368989
116.833,0.368989
116.899,0.368989
116.966,0.368989
117.032,0.368989
117.099,0.368989
117.166,0.368989
117.232,0.368989
117.299,0.368989
117.365,0.368989
117.432,0.368989
117.499,0.368989
117.565,0.31618
117.632,0.31618
117.698,0.31618
117.765,0.31618
117.832,0.31618
117.898,0.31618
117.965,0.31618
118.031,0.31618
118.098,0.31618
118.165,0.31618
118.231,0.31618
118.298,0.31618
118.365,0.31618
118.431,0.31618
118.498,0.31618
118.564,0.31618
118.631,0.31618
118.698,0.31618
118.764,0.31618
118.831,0.31618
118.897,0.31618
118.964,0.299298
119.031,0.299298
119.097,0.299298
119.164,0.299298
119.23,0.299298
119.297,0.299298
119.364,0.299298
119.43,0.299298
119.497,0.299298
119.563,0.299298
119.63,0.299298
119.697,0.299298
119.763,0.299298
119.83,0.299298
119.897,0.299298
119.963,0.299298
120.03,0.299298
120.096,0.299298
120.163,0.299298
120.23,0.299298
120.296,0.299298
120.363,0.240321
120.429,0.240321
120.496,0.240321
120.563,0.240321
120.629,0.240321
120.696,0.240321
120.762,0.240321
120.829,0.240321
120.896,0.240321
120.962,0.240321
121.029,0.240321
121.095,0.240321
121.162,0.240321
121.229,0.240321
121.295,0.240321
121.362,0.240321
121.429,0.240321
121.495,0.240321
121.562,0.240321
121.628,0.240321
121.695,0.240321
121.762,0.256105
121.828,0.256105
121.895,0.256105
121.961,0.256105
122.028,0.256105
122.095,0.256105
122.161,0.256105
122.228,0.256105
122.294,0.256105
122.361,0.256105
122.428,0.256105
122.494,0.256105
122.561,0.256105
122.628,0.256105
122.694,0.256105
122.761,0.256105
122.827,0.256105
122.894,0.256105
122.961,0.256105
123.027,0.256105
123.094,0.256105
123.16,0.186238
123.227,0.186238
123.294,0.186238
123.36,0.186238
123.427,0.186238
123.493,0.186238
123.56,0.186238
123.627,0.186238
123.693,0.186238
123.76,0.186238
123.826,0.186238
123.893,0.186238
123.96,0.186238
124.026,0.186238
124.093,0.186238
124.16,0.186238
124.226,0.186238
124.293,0.186238
124.359,0.186238
124.426,0.186238
124.493,0.186238
124.559,0.172601
124.626,0.172601
124.692,0.172601
124.759,0.172601
124.826,0.172601
124.892,0.172601
124.959,0.172601
125.025,0.172601
125.092,0.172601
125.159,0.172601
125.225,0.172601
125.292,0.172601
125.358,0.172601
125.425,0.172601
125.492,0.172601
125.558,0.172601
125.625,0.172601
125.692,0.172601
125.758,0.172601
125.825,0.172601
125.891,0.172601
125.958,0.213466
126.025,0.213466
126.091,0.213466
126.158,0.213466
126.224,0.213466
126.291,0.213466
126.358,0.213466
126.424,0.213466
126.491,0.213466
126.557,0.213466
126.624,0.213466
126.691,0.213466
126.757,0.213466
126.824,0.213466
126.89,0.213466
126.957,0.213466
127.024,0.213466
127.09,0.213466
127.157,0.213466
127.224,0.213466
127.29,0.213466
127.357,0.289771
127.423,0.289771
127.49,0.289771
127.557,0.289771
127.623,0.289771
127.69,0.289771
127.756,0.289771
127.823,0.289771
127.89,0.289771
127.956,0.289771
128.023,0.289771
128.089,0.289771
128.156,0.289771
128.223,0.289771
128.289,0.289771
128.356,0.289771
128.422,0.289771
128.489,0.289771
128.556,0.289771
128.622,0.289771
128.689,0.289771
128.756,0.195467
128.822,0.195467
128.889,0.195467
128.955,0.195467
129.022,0.195467
129.089,0.195467
129.155,0.195467
129.222,0.195467
129.288,0.195467
129.355,0.195467
129.422,0.195467
129.488,0.195467
129.555,0.195467
129.621,0.195467
129.688,0.195467
129.755,0.195467
129.821,0.195467
129.888,0.195467
129.955,0.195467
130.021,0.195467
130.088,0.195467
130.154,0.0929251
130.221,0.0929251
130.288,0.0929251
130.354,0.0929251
130.421,0.0929251
130.487,0.0929251
130.554,0.0929251
130.621,0.0929251
130.687,0.0929251
130.754,0.0929251
130.82,0.0929251
130.887,0.0929251
130.954,0.0929251
131.02,0.0929251
131.087,0.0929251
131.153,0.0929251
131.22,0.0929251
131.287,0.0929251
131.353,0.0929251
131.42,0.0929251
131.487,0.0929251
131.553,0.0152792
131.62,0.0152792
131.686,0.0152792
131.753,0.0152792
131.82,0.0152792
131.886,0.0152792
131.953,0.0152792
132.019,0.0152792
132.086,0.0152792
132.153,0.0152792
132.219,0.0152792
132.286,0.0152792
132.352,0.0152792
132.419,0.0152792
132.486,0.0152792
132.552,0.0152792
132.619,0.0152792
132.685,0.0152792
132.752,0.0152792
132.819,0.0152792
132.885,0.0152792
132.952,0.00505126
133.019,0.00505126
133.085,0.00505126
133.152,0.00505126
133.218,0.00505126
133.285,0.00505126
133.352,0.00505126
133.418,0.00505126
133.485,0.00505126
133.551,0.00505126
133.618,0.00505126
133.685,0.00505126
133.751,0.00505126
133.818,0.00505126
133.884,0.00505126
133.951,0.00505126
134.018,0.00505126
134.084,0.00505126
134.151,0.00505126
134.217,0.00505126
134.284,0.00505126
134.351,0.137661
134.417,0.137661
134.484,0.137661
134.551,0.137661
134.617,0.137661
134.684,0.137661
134.75,0.137661
134.817,0.137661
134.884,0.137661
134.95,0.137661
135.017,0.137661
135.083,0.137661
135.15,0.137661
135.217,0.137661
135.283,0.137661
135.35,0.137661
135.416,0.137661
135.483,0.137661
135.55,0.137661
135.616,0.137661
135.683,0.137661
135.75,0.219967
135.816,0.219967
135.883,0.219967
135.949,0.219967
136.016,0.219967
136.083,0.219967
136.149,0.219967
136.216,0.219967
136.282,0.219967
136.349,0.219967
136.416,0.219967
136.482,0.219967
136.549,0.219967
136.615,0.219967
136.682,0.219967
136.749,0.219967
136.815,0.219967
136.882,0.219967
136.948,0.219967
137.015,0.219967
137.082,0.219967
137.148,0.0841706
137.215,0.0841706
137.282,0.0841706
137.348,0.0841706
137.415,0.0841706
137.481,0.0841706
137.548,0.0841706
137.615,0.0841706
137.681,0.0841706
137.748,0.0841706
137.814,0.0841706
137.881,0.0841706
137.948,0.0841706
138.014,0.0841706
138.081,0.0841706
138.147,0.0841706
138.214,0.0841706
138.281,0.0841706
138.347,0.0841706
138.414,0.0841706
138.48,0.0841706
138.547,0.0246058
138.614,0.0246058
138.68,0.0246058
138.747,0.0246058
138.814,0.0246058
138.88,0.0246058
138.947,0.0246058
139.013,0.0246058
139.08,0.0246058
139.147,0.0246058
139.213,0.0246058
139.28,0.0246058
139.346,0.0246058
139.413,0.0246058
139.48,0.0246058
139.546,0.0246058
139.613,0.0246058
139.679,0.0246058
139.746,0.0246058
139.813,0.0246058
139.879,0.0246058
139.946,0.0142564
140.012,0.0142564
140.079,0.0142564
140.146,0.0142564
140.212,0.0142564
140.279,0.0142564
140.346,0.0142564
140.412,0.0142564
140.479,0.0142564
140.545,0.0142564
140.612,0.0142564
140.679,0.0142564
140.745,0.0142564
140.812,0.0142564
140.878,0.0142564
140.945,0.0142564
141.012,0.0142564
141.078,0.0142564
141.145,0.0142564
141.211,0.0142564
141.278,0.0142564
141.345,0.117268
141.411,0.117268
141.478,0.117268
141.545,0.117268
141.611,0.117268
141.678,0.117268
141.744,0.117268
141.811,0.117268
141.878,0.117268
141.944,0.117268
142.011,0.117268
142.077,0.117268
142.144,0.117268
142.211,0.117268
142.277,0.117268
142.344,0.117268
142.41,0.117268
142.477,0.117268
142.544,0.117268
142.61,0.117268
142.677,0.117268
142.743,0.218337
142.81,0.218337
142.877,0.218337
142.943,0.218337
143.01,0.218337
143.077,0.218337
143.143,0.218337
143.21,0.218337
143.276,0.218337
143.343,0.218337
143.41,0.218337
143.476,0.218337
143.543,0.218337
143.609,0.218337
143.676,0.218337
143.743,0.218337
143.809,0.218337
143.876,0.218337
143.942,0.218337
144.009,0.218337
144.076,0.218337
144.142,0.232307
144.209,0.232307
144.275,0.232307
144.342,0.232307
144.409,0.232307
144.475,0.232307
144.542,0.232307
144.609,0.232307
144.675,0.232307
144.742,0.232307
144.808,0.232307
144.875,0.232307
144.942,0.232307
145.008,0.232307
145.075,0.232307
145.141,0.232307
145.208,0.232307
145.275,0.232307
145.341,0.232307
145.408,0.232307
145.474,0.232307
145.541,0.114204
145.608,0.114204
145.674,0.114204
145.741,0.114204
145.807,0.114204
145.874,0.114204
145.941,0.114204
146.007,0.114204
146.074,0.114204
146.141,0.114204
146.207,0.114204
146.274,0.114204
146.34,0.114204
146.407,0.114204
146.474,0.114204
146.54,0.114204
146.607,0.114204
146.673,0.114204
146.74,0.114204
146.807,0.114204
146.873,0.114204
146.94,0.0227914
147.006,0.0227914
147.073,0.0227914
147.14,0.0227914
147.206,0.0227914
147.273,0.0227914
147.34,0.0227914
147.406,0.0227914
147.473,0.0227914
147.539,0.0227914
147.606,0.0227914
147.673,0.0227914
147.739,0.0227914
147.806,0.0227914
147.872,0.0227914
147.939,0.0227914
148.006,0.0227914
148.072,0.0227914
148.139,0.0227914
148.205,0.0227914
148.272,0.0227914
148.339,0.0145229
148.405,0.0145229
148.472,0.0145229
148.538,0.0145229
148.605,0.0145229
148.672,0.0145229
148.738,0.0145229
148.805,0.0145229
148.872,0.0145229
148.938,0.0145229
149.005,0.0145229
149.071,0.0145229
149.138,0.0145229
149.205,0.0145229
149.271,0.0145229
149.338,0.0145229
149.404,0.0145229
149.471,0.0145229
149.538,0.0145229
149.604,0.0145229
149.671,0.0145229
149.737,0.0174815
149.804,0.0174815
149.871,0.0174815
149.937,0.0174815
150.004,0.0174815
150.07,0.0174815
150.137,0.0174815
150.204,0.0174815
150.27,0.0174815
150.337,0.0174815
150.404,0.0174815
150.47,0.0174815
150.537,0.0174815
150.603,0.0174815
150.67,0.0174815
150.737,0.0174815
150.803,0.0174815
150.87,0.0174815
150.936,0.0174815
151.003,0.0174815
151.07,0.0174815
151.136,0.0258598
151.203,0.0258598
151.269,0.0258598
151.336,0.0258598
151.403,0.0258598
151.469,0.0258598
151.536,0.0258598
151.602,0.0258598
151.669,0.0258598
151.736,0.0258598
151.802,0.0258598
151.869,0.0258598
151.936,0.0258598
152.002,0.0258598
152.069,0.0258598
152.135,0.0258598
152.202,0.0258598
152.269,0.0258598
152.335,0.0258598
152.402,0.0258598
152.468,0.0258598
152.535,0.082078
152.602,0.082078
152.668,0.082078
152.735,0.082078
152.801,0.082078
152.868,0.082078
152.935,0.082078
153.001,0.082078
153.068,0.082078
153.135,0.082078
153.201,0.082078
153.268,0.082078
153.334,0.082078
153.401,0.082078
153.468,0.082078
153.534,0.082078
153.601,0.082078
153.667,0.082078
153.734,0.082078
153.801,0.082078
153.867,0.082078
153.934,0.0932268
154,0.0932268
154.067,0.0932268
154.134,0.0932268
154.2,0.0932268
154.267,0.0932268
154.333,0.0932268
154.4,0.0932268
154.467,0.0932268
154.533,0.0932268
154.6,0.0932268
154.667,0.0932268
154.733,0.0932268
154.8,0.0932268
154.866,0.0932268
154.933,0.0932268
155,0.0932268
155.066,0.0932268
155.133,0.0932268
155.199,0.0932268
155.266,0.0932268
155.333,0.0476519
155.399,0.0476519
155.466,0.0476519
155.532,0.0476519
155.599,0.0476519
155.666,0.0476519
155.732,0.0476519
155.799,0.0476519
155.865,0.0476519
155.932,0.0476519
155.999,0.0476519
156.065,0.0476519
156.132,0.0476519
156.199,0.0476519
156.265,0.0476519
156.332,0.0476519
156.398,0.0476519
156.465,0.0476519
156.532,0.0476519
156.598,0.0476519
156.665,0.0476519
156.731,0.0271138
156.798,0.0271138
156.865,0.0271138
156.931,0.0271138
156.998,0.0271138
157.064,0.0271138
157.131,0.0271138
157.198,0.0271138
157.264,0.0271138
157.331,0.0271138
157.397,0.0271138
157.464,0.0271138
157.531,0.0271138
157.597,0.0271138
157.664,0.0271138
157.731,0.0271138
157.797,0.0271138
157.864,0.0271138
157.93,0.0271138
157.997,0.0271138
158.064,0.0271138
158.13,0.0199346
158.197,0.0199346
158.263,0.0199346
158.33,0.0199346
158.397,0.0199346
158.463,0.0199346
158.53,0.0199346
158.596,0.0199346
158.663,0.0199346
158.73,0.0199346
158.796,0.0199346
158.863,0.0199346
158.93,0.0199346
158.996,0.0199346
159.063,0.0199346
159.129,0.0199346
159.196,0.0199346
159.263,0.0199346
159.329,0.0199346
159.396,0.0199346
159.462,0.0199346
159.529,0.0798208
159.596,0.0798208
159.662,0.0798208
159.729,0.0798208
159.795,0.0798208
159.862,0.0798208
159.929,0.0798208
159.995,0.0798208
160.062,0.0798208
160.128,0.0798208
160.195,0.0798208
160.262,0.0798208
160.328,0.0798208
160.395,0.0798208
160.462,0.0798208
160.528,0.0798208
160.595,0.0798208
160.661,0.0798208
160.728,0.0798208
160.795,0.0798208
160.861,0.0798208
160.928,0.0535143
160.994,0.0535143
161.061,0.0535143
161.128,0.0535143
161.194,0.0535143
161.261,0.0535143
161.327,0.0535143
161.394,0.0535143
161.461,0.0535143
161.527,0.0535143
161.594,0.0535143
161.66,0.0535143
161.727,0.0535143
161.794,0.0535143
161.86,0.0535143
161.927,0.0535143
161.994,0.0535143
162.06,0.0535143
162.127,0.0535143
162.193,0.0535143
162.26,0.0535143
162.327,0.0554306
162.393,0.0554306
162.46,0.0554306
162.526,0.0554306
162.593,0.0554306
162.66,0.0554306
162.726,0.0554306
162.793,0.0554306
162.859,0.0554306
162.926,0.0554306
162.993,0.0554306
163.059,0.0554306
163.126,0.0554306
163.192,0.0554306
163.259,0.0554306
163.326,0.0554306
163.392,0.0554306
163.459,0.0554306
163.526,0.0554306
163.592,0.0554306
163.659,0.0554306
163.725,0.055074
163.792,0.055074
163.859,0.055074
163.925,0.055074
163.992,0.055074
164.058,0.055074
164.125,0.055074
164.192,0.055074
164.258,0.055074
164.325,0.055074
164.391,0.055074
164.458,0.055074
164.525,0.055074
164.591,0.055074
164.658,0.055074
164.725,0.055074
164.791,0.055074
164.858,0.055074
164.924,0.055074
164.991,0.055074
165.058,0.055074
165.124,0.0286734
165.191,0.0286734
165.257,0.0286734
165.324,0.0286734
165.391,0.0286734
165.457,0.0286734
165.524,0.0286734
165.59,0.0286734
165.657,0.0286734
165.724,0.0286734
165.79,0.0286734
165.857,0.0286734
165.923,0.0286734
165.99,0.0286734
166.057,0.0286734
166.123,0.0286734
166.19,0.0286734
166.257,0.0286734
166.323,0.0286734
166.39,0.0286734
166.456,0.0286734
166.523,0.0273567
166.59,0.0273567
166.656,0.0273567
166.723,0.0273567
166.789,0.0273567
166.856,0.0273567
166.923,0.0273567
166.989,0.0273567
167.056,0.0273567
167.122,0.0273567
167.189,0.0273567
167.256,0.0273567
167.322,0.0273567
167.389,0.0273567
167.455,0.0273567
167.522,0.0273567
167.589,0.0273567
167.655,0.0273567
167.722,0.0273567
167.789,0.0273567
167.855,0.0273567
167.922,0.0775754
167.988,0.0775754
168.055,0.0775754
168.122,0.0775754
168.188,0.0775754
168.255,0.0775754
168.321,0.0775754
168.388,0.0775754
168.455,0.0775754
168.521,0.0775754
168.588,0.0775754
168.654,0.0775754
168.721,0.0775754
168.788,0.0775754
168.854,0.0775754
168.921,0.0775754
168.987,0.0775754
169.054,0.0775754
169.121,0.0775754
169.187,0.0775754
169.254,0.0775754
169.321,0.078704
169.387,0.078704
169.454,0.078704
169.52,0.078704
169.587,0.078704
169.654,0.078704
169.72,0.078704
169.787,0.078704
169.853,0.078704
169.92,0.078704
169.987,0.078704
170.053,0.078704
170.12,0.078704
170.186,0.078704
170.253,0.078704
170.32,0.078704
170.386,0.078704
170.453,0.078704
170.52,0.078704
170.586,0.078704
170.653,0.078704
170.719,0.0364756
170.786,0.0364756
170.853,0.0364756
170.919,0.0364756
170.986,0.0364756
171.052,0.0364756
171.119,0.0364756
171.186,0.0364756
171.252,0.0364756
171.319,0.0364756
171.385,0.0364756
171.452,0.0364756
171.519,0.0364756
171.585,0.0364756
171.652,0.0364756
171.718,0.0364756
171.785,0.0364756
171.852,0.0364756
171.918,0.0364756
171.985,0.0364756
172.052,0.0364756
172.118,0.0143387
172.185,0.0143387
172.251,0.0143387
172.318,0.0143387
172.385,0.0143387
172.451,0.0143387
172.518,0.0143387
172.584,0.0143387
172.651,0.0143387
172.718,0.0143387
172.784,0.0143387
172.851,0.0143387
172.917,0.0143387
172.984,0.0143387
173.051,0.0143387
173.117,0.0143387
173.184,0.0143387
173.25,0.0143387
173.317,0.0143387
173.384,0.0143387
173.45,0.0143387
173.517,0.0141427
173.584,0.0141427
173.65,0.0141427
173.717,0.0141427
173.783,0.0141427
173.85,0.0141427
173.917,0.0141427
173.983,0.0141427
174.05,0.0141427
174.116,0.0141427
174.183,0.0141427
174.25,0.0141427
174.316,0.0141427
174.383,0.0141427
174.449,0.0141427
174.516,0.0141427
174.583,0.0141427
174.649,0.0141427
174.716,0.0141427
174.782,0.0141427
174.849,0.0141427
174.916,0.0230814
174.982,0.0230814
175.049,0.0230814
175.116,0.0230814
175.182,0.0230814
175.249,0.0230814
175.315,0.0230814
175.382,0.0230814
175.449,0.0230814
175.515,0.0230814
175.582,0.0230814
175.648,0.0230814
175.715,0.0230814
175.782,0.0230814
175.848,0.0230814
175.915,0.0230814
175.981,0.0230814
176.048,0.0230814
176.115,0.0230814
176.181,0.0230814
176.248,0.0230814
176.315,0.156436
176.381,0.156436
176.448,0.156436
176.514,0.156436
176.581,0.156436
176.648,0.156436
176.714,0.156436
176.781,0.156436
176.847,0.156436
176.914,0.156436
176.981,0.156436
177.047,0.156436
177.114,0.156436
177.18,0.156436
177.247,0.156436
177.314,0.156436
177.38,0.156436
177.447,0.156436
177.513,0.156436
177.58,0.156436
177.647,0.156436
177.713,0.157275
177.78,0.157275
177.847,0.157275
177.913,0.157275
177.98,0.157275
178.046,0.157275
178.113,0.157275
178.18,0.157275
178.246,0.157275
178.313,0.157275
178.379,0.157275
178.446,0.157275
178.513,0.157275
178.579,0.157275
178.646,0.157275
178.712,0.157275
178.779,0.157275
178.846,0.157275
178.912,0.157275
178.979,0.157275
179.045,0.157275
179.112,0.126285
179.179,0.126285
179.245,0.126285
179.312,0.126285
179.379,0.126285
179.445,0.126285
179.512,0.126285
179.578,0.126285
179.645,0.126285
179.712,0.126285
179.778,0.126285
179.845,0.126285
179.911,0.126285
179.978,0.126285
180.045,0.126285
180.111,0.126285
180.178,0.126285
180.244,0.126285
180.311,0.126285
180.378,0.126285
180.444,0.126285
180.511,0.0610853
180.577,0.0610853
180.644,0.0610853
180.711,0.0610853
180.777,0.0610853
180.844,0.0610853
180.911,0.0610853
180.977,0.0610853
181.044,0.0610853
181.11,0.0610853
181.177,0.0610853
181.244,0.0610853
181.31,0.0610853
181.377,0.0610853
181.443,0.0610853
181.51,0.0610853
181.577,0.0610853
181.643,0.0610853
181.71,0.0610853
181.776,0.0610853
181.843,0.0610853
181.91,0.0778654
181.976,0.0778654
182.043,0.0778654
182.109,0.0778654
182.176,0.0778654
182.243,0.0778654
182.309,0.0778654
182.376,0.0778654
182.443,0.0778654
182.509,0.0778654
182.576,0.0778654
182.642,0.0778654
182.709,0.0778654
182.776,0.0778654
182.842,0.0778654
182.909,0.0778654
182.975,0.0778654
183.042,0.0778654
183.109,0.0778654
183.175,0.0778654
183.242,0.0778654
183.308,0.0985642
183.375,0.0985642
183.442,0.0985642
183.508,0.0985642
183.575,0.0985642
183.642,0.0985642
183.708,0.0985642
183.775,0.0985642
183.841,0.0985642
183.908,0.0985642
183.975,0.0985642
184.041,0.0985642
184.108,0.0985642
184.174,0.0985642
184.241,0.0985642
184.308,0.0985642
184.374,0.0985642
184.441,0.0985642
184.507,0.0985642
184.574,0.0985642
184.641,0.0985642
184.707,0.108004
184.774,0.108004
184.84,0.108004
184.907,0.108004
184.974,0.108004
185.04,0.108004
185.107,0.108004
185.174,0.108004
185.24,0.108004
185.307,0.108004
185.373,0.108004
185.44,0.108004
185.507,0.108004
185.573,0.108004
185.64,0.108004
185.706,0.108004
185.773,0.108004
185.84,0.108004
185.906,0.108004
185.973,0.108004
186.039,0.108004
186.106,0.107342
186.173,0.107342
186.239,0.107342
186.306,0.107342
186.372,0.107342
186.439,0.107342
186.506,0.107342
186.572,0.107342
186.639,0.107342
186.706,0.107342
186.772,0.107342
186.839,0.107342
186.905,0.107342
186.972,0.107342
187.039,0.107342
187.105,0.107342
187.172,0.107342
187.238,0.107342
187.305,0.107342
187.372,0.107342
187.438,0.107342
187.505,0.109666
187.571,0.109666
187.638,0.109666
187.705,0.109666
187.771,0.109666
187.838,0.109666
187.904,0.109666
187.971,0.109666
188.038,0.109666
188.104,0.109666
188.171,0.109666
188.238,0.109666
188.304,0.109666
188.371,0.109666
188.437,0.109666
188.504,0.109666
188.571,0.109666
188.637,0.109666
188.704,0.109666
188.77,0.109666
188.837,0.109666
188.904,0.112252
188.97,0.112252
189.037,0.112252
189.103,0.112252
189.17,0.112252
189.237,0.112252
189.303,0.112252
189.37,0.112252
189.437,0.112252
189.503,0.112252
189.57,0.112252
189.636,0.112252
189.703,0.112252
189.77,0.112252
189.836,0.112252
189.903,0.112252
189.969,0.112252
190.036,0.112252
190.103,0.112252
190.169,0.112252
190.236,0.112252
190.302,0.111026
190.369,0.111026
190.436,0.111026
190.502,0.111026
190.569,0.111026
190.635,0.111026
190.702,0.111026
190.769,0.111026
190.835,0.111026
190.902,0.111026
190.969,0.111026
191.035,0.111026
191.102,0.111026
191.168,0.111026
191.235,0.111026
191.302,0.111026
191.368,0.111026
191.435,0.111026
191.501,0.111026
191.568,0.111026
191.635,0.111026
191.701,0.112617
191.768,0.112617
191.834,0.112617
191.901,0.112617
191.968,0.112617
192.034,0.112617
192.101,0.112617
192.167,0.112617
192.234,0.112617
192.301,0.112617
192.367,0.112617
192.434,0.112617
192.501,0.112617
192.567,0.112617
192.634,0.112617
192.7,0.112617
192.767,0.112617
192.834,0.112617
192.9,0.112617
192.967,0.112617
193.033,0.112617
193.1,0.112648
193.167,0.112648
193.233,0.112648
193.3,0.112648
193.366,0.112648
193.433,0.112648
193.5,0.112648
193.566,0.112648
193.633,0.112648
193.699,0.112648
193.766,0.112648
193.833,0.112648
193.899,0.112648
193.966,0.112648
194.033,0.112648
194.099,0.112648
194.166,0.112648
194.232,0.112648
194.299,0.112648
194.366,0.112648
194.432,0.112648
194.499,0.110364
194.565,0.110364
194.632,0.110364
194.699,0.110364
194.765,0.110364
194.832,0.110364
194.898,0.110364
194.965,0.110364
195.032,0.110364
195.098,0.110364
195.165,0.110364
195.232,0.110364
195.298,0.110364
195.365,0.110364
195.431,0.110364
195.498,0.110364
195.565,0.110364
195.631,0.110364
195.698,0.110364
195.764,0.110364
195.831,0.110364
195.898,0.116598
195.964,0.116598
196.031,0.116598
196.097,0.116598
196.164,0.116598
196.231,0.116598
196.297,0.116598
196.364,0.116598
196.43,0.116598
196.497,0.116598
196.564,0.116598
196.63,0.116598
196.697,0.116598
196.764,0.116598
196.83,0.116598
196.897,0.116598
196.963,0.116598
197.03,0.116598
197.097,0.116598
197.163,0.116598
197.23,0.116598
197.296,0.141631
197.363,0.141631
197.43,0.141631
197.496,0.141631
197.563,0.141631
197.629,0.141631
197.696,0.141631
197.763,0.141631
197.829,0.141631
197.896,0.141631
197.962,0.141631
198.029,0.141631
198.096,0.141631
198.162,0.141631
198.229,0.141631
198.296,0.141631
198.362,0.141631
198.429,0.141631
198.495,0.141631
198.562,0.141631
198.629,0.141631
198.695,0.199777
198.762,0.199777
198.828,0.199777
198.895,0.199777
198.962,0.199777
199.028,0.199777
199.095,0.199777
199.161,0.199777
199.228,0.199777
199.295,0.199777
199.361,0.199777
199.428,0.199777
199.494,0.199777
199.561,0.199777
199.628,0.199777
199.694,0.199777
199.761,0.199777
199.828,0.199777
199.894,0.199777
199.961,0.199777
200.027,0.199777
200.094,0.325271
200.161,0.325271
200.227,0.325271
200.294,0.325271
200.36,0.325271
200.427,0.325271
200.494,0.325271
200.56,0.325271
200.627,0.325271
200.693,0.325271
200.76,0.325271
200.827,0.325271
200.893,0.325271
200.96,0.325271
201.027,0.325271
201.093,0.325271
201.16,0.325271
201.226,0.325271
201.293,0.325271
201.36,0.325271
201.426,0.325271
201.493,0.497629
201.559,0.497629
201.626,0.497629
201.693,0.497629
201.759,0.497629
201.826,0.497629
201.892,0.497629
201.959,0.497629
202.026,0.497629
202.092,0.497629
202.159,0.497629
202.225,0.497629
202.292,0.497629
202.359,0.497629
202.425,0.497629
202.492,0.497629
202.559,0.497629
202.625,0.497629
202.692,0.497629
202.758,0.497629
202.825,0.497629
202.892,0.473329
202.958,0.473329
203.025,0.473329
203.091,0.473329
203.158,0.473329
203.225,0.473329
203.291,0.473329
203.358,0.473329
203.424,0.473329
203.491,0.473329
203.558,0.473329
203.624,0.473329
203.691,0.473329
203.757,0.473329
203.824,0.473329
203.891,0.473329
203.957,0.473329
204.024,0.473329
204.091,0.473329
204.157,0.473329
204.224,0.473329
204.29,0.518054
204.357,0.518054
204.424,0.518054
204.49,0.518054
204.557,0.518054
204.623,0.518054
204.69,0.518054
204.757,0.518054
204.823,0.518054
204.89,0.518054
204.956,0.518054
205.023,0.518054
205.09,0.518054
205.156,0.518054
205.223,0.518054
205.289,0.518054
205.356,0.518054
205.423,0.518054
205.489,0.518054
205.556,0.518054
205.623,0.518054
205.689,0.580025
205.756,0.580025
205.822,0.580025
205.889,0.580025
205.956,0.580025
206.022,0.580025
206.089,0.580025
206.155,0.580025
206.222,0.580025
206.289,0.580025
206.355,0.580025
206.422,0.580025
206.488,0.580025
206.555,0.580025
206.622,0.580025
206.688,0.580025
206.755,0.580025
206.822,0.580025
206.888,0.580025
206.955,0.580025
207.021,0.580025
207.088,0.563926
207.155,0.563926
207.221,0.563926
207.288,0.563926
207.354,0.563926
207.421,0.563926
207.488,0.563926
207.554,0.563926
207.621,0.563926
207.687,0.563926
207.754,0.563926
207.821,0.563926
207.887,0.563926
207.954,0.563926
208.02,0.563926
208.087,0.563926
208.154,0.563926
208.22,0.563926
208.287,0.563926
208.354,0.563926
208.42,0.563926
208.487,0.565839
208.553,0.565839
208.62,0.565839
208.687,0.565839
208.753,0.565839
208.82,0.565839
208.886,0.565839
208.953,0.565839
209.02,0.565839
209.086,0.565839
209.153,0.565839
209.219,0.565839
209.286,0.565839
209.353,0.565839
209.419,0.565839
209.486,0.565839
209.552,0.565839
209.619,0.565839
209.686,0.565839
209.752,0.565839
209.819,0.565839
209.886,0.592968
209.952,0.592968
210.019,0.592968
210.085,0.592968
210.152,0.592968
210.219,0.592968
210.285,0.592968
210.352,0.592968
210.418,0.592968
210.485,0.592968
210.552,0.592968
210.618,0.592968
210.685,0.592968
210.751,0.592968
210.818,0.592968
210.885,0.592968
210.951,0.592968
211.018,0.592968
211.084,0.592968
211.151,0.592968
211.218,0.592968
211.284,0.595006
211.351,0.595006
211.418,0.595006
211.484,0.595006
211.551,0.595006
211.617,0.595006
211.684,0.595006
211.751,0.595006
211.817,0.595006
211.884,0.595006
211.95,0.595006
212.017,0.595006
212.084,0.595006
212.15,0.595006
212.217,0.595006
212.283,0.595006
212.35,0.595006
212.417,0.595006
212.483,0.595006
212.55,0.595006
212.617,0.595006
212.683,0.616853
212.75,0.616853
212.816,0.616853
212.883,0.616853
212.95,0.616853
213.016,0.616853
213.083,0.616853
213.149,0.616853
213.216,0.616853
213.283,0.616853
213.349,0.616853
213.416,0.616853
213.482,0.616853
213.549,0.616853
213.616,0.616853
213.682,0.616853
213.749,0.616853
213.815,0.616853
213.882,0.616853
213.949,0.616853
214.015,0.616853
214.082,0.616947
214.149,0.616947
214.215,0.616947
214.282,0.616947
214.348,0.616947
214.415,0.616947
214.482,0.616947
214.548,0.616947
214.615,0.616947
214.681,0.616947
214.748,0.616947
214.815,0.616947
214.881,0.616947
214.948,0.616947
215.014,0.616947
215.081,0.616947
215.148,0.616947
215.214,0.616947
215.281,0.616947
215.347,0.616947
215.414,0.616947
215.481,0.612821
215.547,0.612821
215.614,0.612821
215.681,0.612821
215.747,0.612821
215.814,0.612821
215.88,0.612821
215.947,0.612821
216.014,0.612821
216.08,0.612821
216.147,0.612821
216.213,0.612821
216.28,0.612821
216.347,0.612821
216.413,0.612821
216.48,0.612821
216.546,0.612821
216.613,0.612821
216.68,0.612821
216.746,0.612821
216.813,0.612821
216.879,0.611539
216.946,0.611539
217.013,0.611539
217.079,0.611539
217.146,0.611539
217.213,0.611539
217.279,0.611539
217.346,0.611539
217.412,0.611539
217.479,0.611539
217.546,0.611539
217.612,0.611539
217.679,0.611539
217.745,0.611539
217.812,0.611539
217.879,0.611539
217.945,0.611539
218.012,0.611539
218.078,0.611539
218.145,0.611539
218.212,0.611539
218.278,0.61438
218.345,0.61438
218.412,0.61438
218.478,0.61438
218.545,0.61438
218.611,0.61438
218.678,0.61438
218.745,0.61438
218.811,0.61438
218.878,0.61438
218.944,0.61438
219.011,0.61438
219.078,0.61438
219.144,0.61438
219.211,0.61438
219.277,0.61438
219.344,0.61438
219.411,0.61438
219.477,0.61438
219.544,0.61438
219.61,0.61438
219.677,0.614596
219.744,0.614596
219.81,0.614596
219.877,0.614596
219.944,0.614596
220.01,0.614596
220.077,0.614596
220.143,0.614596
220.21,0.614596
220.277,0.614596
220.343,0.614596
220.41,0.614596
220.476,0.614596
220.543,0.614596
220.61,0.614596
220.676,0.614596
220.743,0.614596
220.809,0.614596
220.876,0.614596
220.943,0.614596
221.009,0.614596
221.076,0.613886
221.142,0.613886
221.209,0.613886
221.276,0.613886
221.342,0.613886
221.409,0.613886
221.476,0.613886
221.542,0.613886
221.609,0.613886
221.675,0.613886
221.742,0.613886
221.809,0.613886
221.875,0.613886
221.942,0.613886
222.008,0.613886
222.075,0.613886
222.142,0.613886
222.208,0.613886
222.275,0.613886
222.341,0.613886
222.408,0.613886
222.475,0.611179
222.541,0.611179
222.608,0.611179
222.674,0.611179
222.741,0.611179
222.808,0.611179
222.874,0.611179
222.941,0.611179
223.008,0.611179
223.074,0.611179
223.141,0.611179
223.207,0.611179
223.274,0.611179
223.341,0.611179
223.407,0.611179
223.474,0.611179
223.54,0.611179
223.607,0.611179
223.674,0.611179
223.74,0.611179
223.807,0.611179
223.873,0.614259
223.94,0.614259
224.007,0.614259
224.073,0.614259
224.14,0.614259
224.207,0.614259
224.273,0.614259
224.34,0.614259
224.406,0.614259
224.473,0.614259
224.54,0.614259
224.606,0.614259
224.673,0.614259
224.739,0.614259
224.806,0.614259
224.873,0.614259
224.939,0.614259
225.006,0.614259
225.072,0.614259
225.139,0.614259
225.206,0.614259
225.272,0.607644
225.339,0.607644
225.405,0.607644
225.472,0.607644
225.539,0.607644
225.605,0.607644
225.672,0.607644
225.739,0.607644
225.805,0.607644
225.872,0.607644
225.938,0.607644
226.005,0.607644
226.072,0.607644
226.138,0.607644
226.205,0.607644
226.271,0.607644
226.338,0.607644
226.405,0.607644
226.471,0.607644
226.538,0.607644
226.604,0.607644
226.671,0.608251
226.738,0.608251
226.804,0.608251
226.871,0.608251
226.937,0.608251
227.004,0.608251
227.071,0.608251
227.137,0.608251
227.204,0.608251
227.271,0.608251
227.337,0.608251
227.404,0.608251
227.47,0.608251
227.537,0.608251
227.604,0.608251
227.67,0.608251
227.737,0.608251
227.803,0.608251
227.87,0.608251
227.937,0.608251
228.003,0.608251
228.07,0.613212
228.136,0.613212
228.203,0.613212
228.27,0.613212
228.336,0.613212
228.403,0.613212
228.469,0.613212
228.536,0.613212
228.603,0.613212
228.669,0.613212
228.736,0.613212
228.803,0.613212
228.869,0.613212
228.936,0.613212
229.002,0.613212
229.069,0.613212
229.136,0.613212
229.202,0.613212
229.269,0.613212
229.335,0.613212
229.402,0.613212
229.469,0.622849
229.535,0.622849
229.602,0.622849
229.668,0.622849
229.735,0.622849
229.802,0.622849
229.868,0.622849
229.935,0.622849
230.001,0.622849
230.068,0.622849
230.135,0.622849
230.201,0.622849
230.268,0.622849
230.335,0.622849
230.401,0.622849
230.468,0.622849
230.534,0.622849
230.601,0.622849
230.668,0.622849
230.734,0.622849
230.801,0.622849
230.867,0.626975
230.934,0.626975
231.001,0.626975
231.067,0.626975
231.134,0.626975
231.2,0.626975
231.267,0.626975
231.334,0.626975
231.4,0.626975
231.467,0.626975
231.534,0.626975
231.6,0.626975
231.667,0.626975
231.733,0.626975
231.8,0.626975
231.867,0.626975
231.933,0.626975
232,0.626975
232.066,0.626975
232.133,0.626975
232.2,0.626975
232.266,0.622578
232.333,0.622578
232.399,0.622578
232.466,0.622578
232.533,0.622578
232.599,0.622578
232.666,0.622578
232.732,0.622578
232.799,0.622578
232.866,0.622578
232.932,0.622578
232.999,0.622578
233.066,0.622578
233.132,0.622578
233.199,0.622578
233.265,0.622578
233.332,0.622578
233.399,0.622578
233.465,0.622578
233.532,0.622578
233.598,0.622578
233.665,0.621791
233.732,0.621791
233.798,0.621791
233.865,0.621791
233.931,0.621791
233.998,0.621791
234.065,0.621791
234.131,0.621791
234.198,0.621791
234.264,0.621791
234.331,0.621791
234.398,0.621791
234.464,0.621791
234.531,0.621791
234.598,0.621791
234.664,0.621791
234.731,0.621791
234.797,0.621791
234.864,0.621791
234.931,0.621791
234.997,0.621791
235.064,0.620051
235.13,0.620051
235.197,0.620051
235.264,0.620051
235.33,0.620051
235.397,0.620051
235.463,0.620051
235.53,0.620051
235.597,0.620051
235.663,0.620051
235.73,0.620051
235.796,0.620051
235.863,0.620051
235.93,0.620051
235.996,0.620051
236.063,0.620051
236.13,0.620051
236.196,0.620051
236.263,0.620051
236.329,0.620051
236.396,0.620051
236.463,0.624036
236.529,0.624036
236.596,0.624036
236.662,0.624036
236.729,0.624036
236.796,0.624036
236.862,0.624036
236.929,0.624036
236.995,0.624036
237.062,0.624036
237.129,0.624036
237.195,0.624036
237.262,0.624036
237.329,0.624036
237.395,0.624036
237.462,0.624036
237.528,0.624036
237.595,0.624036
237.662,0.624036
237.728,0.624036
237.795,0.624036
237.861,0.622327
237.928,0.622327
237.995,0.622327
238.061,0.622327
238.128,0.622327
238.194,0.622327
238.261,0.622327
238.328,0.622327
238.394,0.622327
238.461,0.622327
238.527,0.622327
238.594,0.622327
238.661,0.622327
238.727,0.622327
238.794,0.622327
238.861,0.622327
238.927,0.622327
238.994,0.622327
239.06,0.622327
239.127,0.622327
239.194,0.622327
239.26,0.624882
239.327,0.624882
239.393,0.624882
239.46,0.624882
239.527,0.624882
239.593,0.624882
239.66,0.624882
239.726,0.624882
239.793,0.624882
239.86,0.624882
239.926,0.624882
239.993,0.624882
240.059,0.624882
240.126,0.624882
240.193,0.624882
240.259,0.624882
240.326,0.624882
240.393,0.624882
240.459,0.624882
240.526,0.624882
240.592,0.624882
240.659,0.625227
240.726,0.625227
240.792,0.625227
240.859,0.625227
240.925,0.625227
240.992,0.625227
241.059,0.625227
241.125,0.625227
241.192,0.625227
241.258,0.625227
241.325,0.625227
241.392,0.625227
241.458,0.625227
241.525,0.625227
241.591,0.625227
241.658,0.625227
241.725,0.625227
241.791,0.625227
241.858,0.625227
241.925,0.625227
241.991,0.625227
242.058,0.63531
242.124,0.63531
242.191,0.63531
242.258,0.63531
242.324,0.63531
242.391,0.63531
242.457,0.63531
242.524,0.63531
242.591,0.63531
242.657,0.63531
242.724,0.63531
242.79,0.63531
242.857,0.63531
242.924,0.63531
242.99,0.63531
243.057,0.63531
243.124,0.63531
243.19,0.63531
243.257,0.63531
243.323,0.63531
243.39,0.63531
243.457,0.632156
243.523,0.632156
243.59,0.632156
243.656,0.632156
243.723,0.632156
243.79,0.632156
243.856,0.632156
243.923,0.632156
243.989,0.632156
244.056,0.632156
244.123,0.632156
244.189,0.632156
244.256,0.632156
244.322,0.632156
244.389,0.632156
244.456,0.632156
244.522,0.632156
244.589,0.632156
244.656,0.632156
244.722,0.632156
244.789,0.632156
244.855,0.629154
244.922,0.629154
244.989,0.629154
245.055,0.629154
245.122,0.629154
245.188,0.629154
245.255,0.629154
245.322,0.629154
245.388,0.629154
245.455,0.629154
245.521,0.629154
245.588,0.629154
245.655,0.629154
245.721,0.629154
245.788,0.629154
245.854,0.629154
245.921,0.629154
245.988,0.629154
246.054,0.629154
246.121,0.629154
246.188,0.629154
246.254,0.626101
246.321,0.626101
246.387,0.626101
246.454,0.626101
246.521,0.626101
246.587,0.626101
246.654,0.626101
246.72,0.626101
246.787,0.626101
246.854,0.626101
246.92,0.626101
246.987,0.626101
247.053,0.626101
247.12,0.626101
247.187,0.626101
247.253,0.626101
247.32,0.626101
247.386,0.626101
247.453,0.626101
247.52,0.626101
247.586,0.626101
247.653,0.623864
247.72,0.623864
247.786,0.623864
247.853,0.623864
247.919,0.623864
247.986,0.623864
248.053,0.623864
248.119,0.623864
248.186,0.623864
248.252,0.623864
248.319,0.623864
248.386,0.623864
248.452,0.623864
248.519,0.623864
248.585,0.623864
248.652,0.623864
248.719,0.623864
248.785,0.623864
248.852,0.623864
248.919,0.623864
248.985,0.623864
249.052,0.621865
249.118,0.621865
249.185,0.621865
249.252,0.621865
249.318,0.621865
249.385,0.621865
249.451,0.621865
249.518,0.621865
249.585,0.621865
249.651,0.621865
249.718,0.621865
249.784,0.621865
249.851,0.621865
249.918,0.621865
249.984,0.621865
250.051,0.621865
250.117,0.621865
250.184,0.621865
250.251,0.621865
250.317,0.621865
250.384,0.621865
250.451,0.61862
250.517,0.61862
250.584,0.61862
250.65,0.61862
250.717,0.61862
250.784,0.61862
250.85,0.61862
250.917,0.61862
250.983,0.61862
251.05,0.61862
251.117,0.61862
251.183,0.61862
251.25,0.61862
251.316,0.61862
251.383,0.61862
251.45,0.61862
251.516,0.61862
251.583,0.61862
251.649,0.61862
251.716,0.61862
251.783,0.61862
251.849,0.620047
251.916,0.620047
251.983,0.620047
252.049,0.620047
252.116,0.620047
252.182,0.620047
252.249,0.620047
252.316,0.620047
252.382,0.620047
252.449,0.620047
252.515,0.620047
252.582,0.620047
252.649,0.620047
252.715,0.620047
252.782,0.620047
252.848,0.620047
252.915,0.620047
252.982,0.620047
253.048,0.620047
253.115,0.620047
253.181,0.620047
253.248,0.615717
253.315,0.615717
253.381,0.615717
253.448,0.615717
253.515,0.615717
253.581,0.615717
253.648,0.615717
253.714,0.615717
253.781,0.615717
253.848,0.615717
253.914,0.615717
253.981,0.615717
254.047,0.615717
254.114,0.615717
254.181,0.615717
254.247,0.615717
254.314,0.615717
254.38,0.615717
254.447,0.615717
254.514,0.615717
254.58,0.615717
254.647,0.648477
254.714,0.648477
254.78,0.648477
254.847,0.648477
254.913,0.648477
254.98,0.648477
255.047,0.648477
255.113,0.648477
255.18,0.648477
255.246,0.648477
255.313,0.648477
255.38,0.648477
255.446,0.648477
255.513,0.648477
255.579,0.648477
255.646,0.648477
255.713,0.648477
255.779,0.648477
255.846,0.648477
255.912,0.648477
255.979,0.648477
256.046,0.655868
256.112,0.655868
256.179,0.655868
256.246,0.655868
256.312,0.655868
256.379,0.655868
256.445,0.655868
256.512,0.655868
256.579,0.655868
256.645,0.655868
256.712,0.655868
256.778,0.655868
256.845,0.655868
256.912,0.655868
256.978,0.655868
257.045,0.655868
257.111,0.655868
257.178,0.655868
257.245,0.655868
257.311,0.655868
257.378,0.655868
257.444,0.662933
257.511,0.662933
257.578,0.662933
257.644,0.662933
257.711,0.662933
257.778,0.662933
257.844,0.662933
257.911,0.662933
257.977,0.662933
258.044,0.662933
258.111,0.662933
258.177,0.662933
258.244,0.662933
258.31,0.662933
258.377,0.662933
258.444,0.662933
258.51,0.662933
258.577,0.662933
258.643,0.662933
258.71,0.662933
258.777,0.662933
258.843,0.660116
258.91,0.660116
258.976,0.660116
259.043,0.660116
259.11,0.660116
259.176,0.660116
259.243,0.660116
259.31,0.660116
259.376,0.660116
259.443,0.660116
259.509,0.660116
259.576,0.660116
259.643,0.660116
259.709,0.660116
259.776,0.660116
259.842,0.660116
259.909,0.660116
259.976,0.660116
260.042,0.660116
260.109,0.660116
260.175,0.660116
260.242,0.659179
260.309,0.659179
260.375,0.659179
260.442,0.659179
260.509,0.659179
260.575,0.659179
260.642,0.659179
260.708,0.659179
260.775,0.659179
260.842,0.659179
260.908,0.659179
260.975,0.659179
261.041,0.659179
261.108,0.659179
261.175,0.659179
261.241,0.659179
261.308,0.659179
261.374,0.659179
261.441,0.659179
261.508,0.659179
261.574,0.659179
261.641,0.656538
261.707,0.656538
261.774,0.656538
261.841,0.656538
261.907,0.656538
261.974,0.656538
262.041,0.656538
262.107,0.656538
262.174,0.656538
262.24,0.656538
262.307,0.656538
262.374,0.656538
262.44,0.656538
262.507,0.656538
262.573,0.656538
262.64,0.656538
262.707,0.656538
262.773,0.656538
262.84,0.656538
262.906,0.656538
262.973,0.656538
263.04,0.660359
263.106,0.660359
263.173,0.660359
263.239,0.660359
263.306,0.660359
263.373,0.660359
263.439,0.660359
263.506,0.660359
263.573,0.660359
263.639,0.660359
263.706,0.660359
263.772,0.660359
263.839,0.660359
263.906,0.660359
263.972,0.660359
264.039,0.660359
264.105,0.660359
264.172,0.660359
264.239,0.660359
264.305,0.660359
264.372,0.660359
264.438,0.67074
264.505,0.67074
264.572,0.67074
264.638,0.67074
264.705,0.67074
264.771,0.67074
264.838,0.67074
264.905,0.67074
264.971,0.67074
265.038,0.67074
265.105,0.67074
265.171,0.67074
265.238,0.67074
265.304,0.67074
265.371,0.67074
265.438,0.67074
265.504,0.67074
265.571,0.67074
265.637,0.67074
265.704,0.67074
265.771,0.67074
265.837,0.667287
265.904,0.667287
265.97,0.667287
266.037,0.667287
266.104,0.667287
266.17,0.667287
266.237,0.667287
266.304,0.667287
266.37,0.667287
266.437,0.667287
266.503,0.667287
266.57,0.667287
266.637,0.667287
266.703,0.667287
266.77,0.667287
266.836,0.667287
266.903,0.667287
266.97,0.667287
267.036,0.667287
267.103,0.667287
267.169,0.667287
267.236,0.665316
267.303,0.665316
267.369,0.665316
267.436,0.665316
267.502,0.665316
267.569,0.665316
267.636,0.665316
267.702,0.665316
267.769,0.665316
267.836,0.665316
267.902,0.665316
267.969,0.665316
268.035,0.665316
268.102,0.665316
268.169,0.665316
268.235,0.665316
268.302,0.665316
268.368,0.665316
268.435,0.665316
268.502,0.665316
268.568,0.665316
268.635,0.662048
268.701,0.662048
268.768,0.662048
268.835,0.662048
268.901,0.662048
268.968,0.662048
269.034,0.662048
269.101,0.662048
269.168,0.662048
269.234,0.662048
269.301,0.662048
269.368,0.662048
269.434,0.662048
269.501,0.662048
269.567,0.662048
269.634,0.662048
269.701,0.662048
269.767,0.662048
269.834,0.662048
269.9,0.662048
269.967,0.662048
270.034,0.655778
270.1,0.655778
270.167,0.655778
270.233,0.655778
270.3,0.655778
270.367,0.655778
270.433,0.655778
270.5,0.655778
270.566,0.655778
270.633,0.655778
270.7,0.655778
270.766,0.655778
270.833,0.655778
270.9,0.655778
270.966,0.655778
271.033,0.655778
271.099,0.655778
271.166,0.655778
271.233,0.655778
271.299,0.655778
271.366,0.655778
271.432,0.682958
271.499,0.682958
271.566,0.682958
271.632,0.682958
271.699,0.682958
271.765,0.682958
271.832,0.682958
271.899,0.682958
271.965,0.682958
272.032,0.682958
272.099,0.682958
272.165,0.682958
272.232,0.682958
272.298,0.682958
272.365,0.682958
272.432,0.682958
272.498,0.682958
272.565,0.682958
272.631,0.682958
272.698,0.682958
272.765,0.682958
272.831,0.672358
272.898,0.672358
272.964,0.672358
273.031,0.672358
273.098,0.672358
273.164,0.672358
273.231,0.672358
273.297,0.672358
273.364,0.672358
273.431,0.672358
273.497,0.672358
273.564,0.672358
273.631,0.672358
273.697,0.672358
273.764,0.672358
273.83,0.672358
273.897,0.672358
273.964,0.672358
274.03,0.672358
274.097,0.672358
274.163,0.672358
274.23,0.672429
274.297,0.672429
274.363,0.672429
274.43,0.672429
274.496,0.672429
274.563,0.672429
274.63,0.672429
274.696,0.672429
274.763,0.672429
274.829,0.672429
274.896,0.672429
274.963,0.672429
275.029,0.672429
275.096,0.672429
275.163,0.672429
275.229,0.672429
275.296,0.672429
275.362,0.672429
275.429,0.672429
275.496,0.672429
275.562,0.672429
275.629,0.678369
275.695,0.678369
275.762,0.678369
275.829,0.678369
275.895,0.678369
275.962,0.678369
276.028,0.678369
276.095,0.678369
276.162,0.678369
276.228,0.678369
276.295,0.678369
276.361,0.678369
276.428,0.678369
276.495,0.678369
276.561,0.678369
276.628,0.678369
276.695,0.678369
276.761,0.678369
276.828,0.678369
276.894,0.678369
276.961,0.678369
277.028,0.690749
277.094,0.690749
277.161,0.690749
277.227,0.690749
277.294,0.690749
277.361,0.690749
277.427,0.690749
277.494,0.690749
277.56,0.690749
277.627,0.690749
277.694,0.690749
277.76,0.690749
277.827,0.690749
277.894,0.690749
277.96,0.690749
278.027,0.690749
278.093,0.690749
278.16,0.690749
278.227,0.690749
278.293,0.690749
278.36,0.690749
278.426,0.722808
278.493,0.722808
278.56,0.722808
278.626,0.722808
278.693,0.722808
278.759,0.722808
278.826,0.722808
278.893,0.722808
278.959,0.722808
279.026,0.722808
279.092,0.722808
279.159,0.722808
279.226,0.722808
279.292,0.722808
279.359,0.722808
279.426,0.722808
279.492,0.722808
279.559,0.722808
279.625,0.722808
279.692,0.722808
279.759,0.722808
279.825,0.76562
279.892,0.76562
279.958,0.76562
280.025,0.76562
280.092,0.76562
280.158,0.76562
280.225,0.76562
280.291,0.76562
280.358,0.76562
280.425,0.76562
280.491,0.76562
280.558,0.76562
280.624,0.76562
280.691,0.76562
280.758,0.76562
280.824,0.76562
280.891,0.76562
280.958,0.76562
281.024,0.76562
281.091,0.76562
281.157,0.76562
281.224,0.794877
281.291,0.794877
281.357,0.794877
281.424,0.794877
281.49,0.794877
281.557,0.794877
281.624,0.794877
281.69,0.794877
281.757,0.794877
281.823,0.794877
281.89,0.794877
281.957,0.794877
282.023,0.794877
282.09,0.794877
282.156,0.794877
282.223,0.794877
282.29,0.794877
282.356,0.794877
282.423,0.794877
282.49,0.794877
282.556,0.794877
282.623,0.762842
282.689,0.762842
282.756,0.762842
282.823,0.762842
282.889,0.762842
282.956,0.762842
283.022,0.762842
283.089,0.762842
283.156,0.762842
283.222,0.762842
283.289,0.762842
283.355,0.762842
283.422,0.762842
283.489,0.762842
283.555,0.762842
283.622,0.762842
283.688,0.762842
283.755,0.762842
283.822,0.762842
283.888,0.762842
283.955,0.762842
284.022,0.578379
284.088,0.578379
284.155,0.578379
284.221,0.578379
284.288,0.578379
284.355,0.578379
284.421,0.578379
284.488,0.578379
284.554,0.578379
284.621,0.578379
284.688,0.578379
284.754,0.578379
284.821,0.578379
284.887,0.578379
284.954,0.578379
285.021,0.578379
285.087,0.578379
285.154,0.578379
285.221,0.578379
285.287,0.578379
285.354,0.578379
285.42,0.60938
285.487,0.60938
285.554,0.60938
285.62,0.60938
285.687,0.60938
285.753,0.60938
285.82,0.60938
285.887,0.60938
285.953,0.60938
286.02,0.60938
286.086,0.60938
286.153,0.60938
286.22,0.60938
286.286,0.60938
286.353,0.60938
286.419,0.60938
286.486,0.60938
286.553,0.60938
286.619,0.60938
286.686,0.60938
286.753,0.60938
286.819,0.598423
286.886,0.598423
286.952,0.598423
287.019,0.598423
287.086,0.598423
287.152,0.598423
287.219,0.598423
287.285,0.598423
287.352,0.598423
287.419,0.598423
287.485,0.598423
287.552,0.598423
287.618,0.598423
287.685,0.598423
287.752,0.598423
287.818,0.598423
287.885,0.598423
287.951,0.598423
288.018,0.598423
288.085,0.598423
288.151,0.598423
288.218,0.545983
288.285,0.545983
288.351,0.545983
288.418,0.545983
288.484,0.545983
288.551,0.545983
288.618,0.545983
288.684,0.545983
288.751,0.545983
288.817,0.545983
288.884,0.545983
288.951,0.545983
289.017,0.545983
289.084,0.545983
289.15,0.545983
289.217,0.545983
289.284,0.545983
289.35,0.545983
289.417,0.545983
289.483,0.545983
289.55,0.545983
289.617,0.498895
289.683,0.498895
289.75,0.498895
289.817,0.498895
289.883,0.498895
289.95,0.498895
290.016,0.498895
290.083,0.498895
290.15,0.498895
290.216,0.498895
290.283,0.498895
290.349,0.498895
290.416,0.498895
290.483,0.498895
290.549,0.498895
290.616,0.498895
290.682,0.498895
290.749,0.498895
290.816,0.498895
290.882,0.498895
290.949,0.498895
291.016,0.448304
291.082,0.448304
291.149,0.448304
291.215,0.448304
291.282,0.448304
291.349,0.448304
291.415,0.448304
291.482,0.448304
291.548,0.448304
291.615,0.448304
291.682,0.448304
291.748,0.448304
291.815,0.448304
291.881,0.448304
291.948,0.448304
292.015,0.448304
292.081,0.448304
292.148,0.448304
292.214,0.448304
292.281,0.448304
292.348,0.448304
292.414,0.415814
292.481,0.415814
292.548,0.415814
292.614,0.415814
292.681,0.415814
292.747,0.415814
292.814,0.415814
292.881,0.415814
292.947,0.415814
293.014,0.415814
293.08,0.415814
293.147,0.415814
293.214,0.415814
293.28,0.415814
293.347,0.415814
293.413,0.415814
293.48,0.415814
293.547,0.415814
293.613,0.415814
293.68,0.415814
293.746,0.415814
293.813,0.362233
293.88,0.362233
293.946,0.362233
294.013,0.362233
294.08,0.362233
294.146,0.362233
294.213,0.362233
294.279,0.362233
294.346,0.362233
294.413,0.362233
294.479,0.362233
294.546,0.362233
294.612,0.362233
294.679,0.362233
294.746,0.362233
294.812,0.362233
294.879,0.362233
294.945,0.362233
295.012,0.362233
295.079,0.362233
295.145,0.362233
295.212,0.374839
295.278,0.374839
295.345,0.374839
295.412,0.374839
295.478,0.374839
295.545,0.374839
295.612,0.374839
295.678,0.374839
295.745,0.374839
295.811,0.374839
295.878,0.374839
295.945,0.374839
296.011,0.374839
296.078,0.374839
296.144,0.374839
296.211,0.374839
296.278,0.374839
296.344,0.374839
296.411,0.374839
296.477,0.374839
296.544,0.374839
296.611,0.453669
296.677,0.453669
296.744,0.453669
296.811,0.453669
296.877,0.453669
296.944,0.453669
297.01,0.453669
297.077,0.453669
297.144,0.453669
297.21,0.453669
297.277,0.453669
297.343,0.453669
297.41,0.453669
297.477,0.453669
297.543,0.453669
297.61,0.453669
297.676,0.453669
297.743,0.453669
297.81,0.453669
297.876,0.453669
297.943,0.453669
298.009,0.476762
298.076,0.476762
298.143,0.476762
298.209,0.476762
298.276,0.476762
298.343,0.476762
298.409,0.476762
298.476,0.476762
298.542,0.476762
298.609,0.476762
298.676,0.476762
298.742,0.476762
298.809,0.476762
298.875,0.476762
298.942,0.476762
299.009,0.476762
299.075,0.476762
299.142,0.476762
299.208,0.476762
299.275,0.476762
299.342,0.476762
299.408,0.381607
299.475,0.381607
299.541,0.381607
299.608,0.381607
299.675,0.381607
299.741,0.381607
299.808,0.381607
299.875,0.381607
299.941,0.381607
300.008,0.381607
300.074,0.381607
300.141,0.381607
300.208,0.381607
300.274,0.381607
300.341,0.381607
300.407,0.381607
300.474,0.381607
300.541,0.381607
300.607,0.381607
300.674,0.381607
300.74,0.381607
300.807,0.515522
300.874,0.515522
300.94,0.515522
301.007,0.515522
301.073,0.515522
301.14,0.515522
301.207,0.515522
301.273,0.515522
301.34,0.515522
301.407,0.515522
301.473,0.515522
301.54,0.515522
301.606,0.515522
301.673,0.515522
301.74,0.515522
301.806,0.515522
301.873,0.515522
301.939,0.515522
302.006,0.515522
302.073,0.515522
302.139,0.515522
302.206,0.616026
302.272,0.616026
302.339,0.616026
302.406,0.616026
302.472,0.616026
302.539,0.616026
302.606,0.616026
302.672,0.616026
302.739,0.616026
302.805,0.616026
302.872,0.616026
302.939,0.616026
303.005,0.616026
303.072,0.616026
303.138,0.616026
303.205,0.616026
303.272,0.616026
303.338,0.616026
303.405,0.616026
303.471,0.616026
303.538,0.616026
303.605,0.487292
303.671,0.487292
303.738,0.487292
303.804,0.487292
303.871,0.487292
303.938,0.487292
304.004,0.487292
304.071,0.487292
304.138,0.487292
304.204,0.487292
304.271,0.487292
304.337,0.487292
304.404,0.487292
304.471,0.487292
304.537,0.487292
304.604,0.487292
304.67,0.487292
304.737,0.487292
304.804,0.487292
304.87,0.487292
304.937,0.487292
305.003,0.445271
305.07,0.445271
305.137,0.445271
305.203,0.445271
305.27,0.445271
305.336,0.445271
305.403,0.445271
305.47,0.445271
305.536,0.445271
305.603,0.445271
305.67,0.445271
305.736,0.445271
305.803,0.445271
305.869,0.445271
305.936,0.445271
306.003,0.445271
306.069,0.445271
306.136,0.445271
306.202,0.445271
306.269,0.445271
306.336,0.445271
306.402,0.448696
306.469,0.448696
306.535,0.448696
306.602,0.448696
306.669,0.448696
306.735,0.448696
306.802,0.448696
306.868,0.448696
306.935,0.448696
307.002,0.448696
307.068,0.448696
307.135,0.448696
307.202,0.448696
307.268,0.448696
307.335,0.448696
307.401,0.448696
307.468,0.448696
307.535,0.448696
307.601,0.448696
307.668,0.448696
307.734,0.448696
307.801,0.364878
307.868,0.364878
307.934,0.364878
308.001,0.364878
308.067,0.364878
308.134,0.364878
308.201,0.364878
308.267,0.364878
308.334,0.364878
308.401,0.364878
308.467,0.364878
308.534,0.364878
308.6,0.364878
308.667,0.364878
308.734,0.364878
308.8,0.364878
308.867,0.364878
308.933,0.364878
309,0.364878
309.067,0.364878
309.133,0.364878
309.2,0.347804
309.266,0.347804
309.333,0.347804
309.4,0.347804
309.466,0.347804
309.533,0.347804
309.599,0.347804
309.666,0.347804
309.733,0.347804
309.799,0.347804
309.866,0.347804
309.933,0.347804
309.999,0.347804
310.066,0.347804
310.132,0.347804
310.199,0.347804
310.266,0.347804
310.332,0.347804
310.399,0.347804
310.465,0.347804
310.532,0.347804
310.599,0.367057
310.665,0.367057
310.732,0.367057
310.798,0.367057
310.865,0.367057
310.932,0.367057
310.998,0.367057
311.065,0.367057
311.131,0.367057
311.198,0.367057
311.265,0.367057
311.331,0.367057
311.398,0.367057
311.465,0.367057
311.531,0.367057
311.598,0.367057
311.664,0.367057
311.731,0.367057
311.798,0.367057
311.864,0.367057
311.931,0.367057
311.997,0.246548
312.064,0.246548
312.131,0.246548
312.197,0.246548
312.264,0.246548
312.33,0.246548
312.397,0.246548
312.464,0.246548
312.53,0.246548
312.597,0.246548
312.663,0.246548
312.73,0.246548
312.797,0.246548
312.863,0.246548
312.93,0.246548
312.997,0.246548
313.063,0.246548
313.13,0.246548
313.196,0.246548
313.263,0.246548
313.33,0.246548
313.396,0.212125
313.463,0.212125
313.529,0.212125
313.596,0.212125
313.663,0.212125
313.729,0.212125
313.796,0.212125
313.862,0.212125
313.929,0.212125
313.996,0.212125
314.062,0.212125
314.129,0.212125
314.196,0.212125
314.262,0.212125
314.329,0.212125
314.395,0.212125
314.462,0.212125
314.529,0.212125
314.595,0.212125
314.662,0.212125
314.728,0.212125
314.795,0.294278
314.862,0.294278
314.928,0.294278
314.995,0.294278
315.061,0.294278
315.128,0.294278
315.195,0.294278
315.261,0.294278
315.328,0.294278
315.394,0.294278
315.461,0.294278
315.528,0.294278
315.594,0.294278
315.661,0.294278
315.728,0.294278
315.794,0.294278
315.861,0.294278
315.927,0.294278
315.994,0.294278
316.061,0.294278
316.127,0.294278
316.194,0.253202
316.26,0.253202
316.327,0.253202
316.394,0.253202
316.46,0.253202
316.527,0.253202
316.593,0.253202
316.66,0.253202
316.727,0.253202
316.793,0.253202
316.86,0.253202
316.926,0.253202
316.993,0.253202
317.06,0.253202
317.126,0.253202
317.193,0.253202
317.26,0.253202
317.326,0.253202
317.393,0.253202
317.459,0.253202
317.526,0.253202
317.593,0.1385
317.659,0.1385
317.726,0.1385
317.792,0.1385
317.859,0.1385
317.926,0.1385
317.992,0.1385
318.059,0.1385
318.125,0.1385
318.192,0.1385
318.259,0.1385
318.325,0.1385
318.392,0.1385
318.458,0.1385
318.525,0.1385
318.592,0.1385
318.658,0.1385
318.725,0.1385
318.792,0.1385
318.858,0.1385
318.925,0.1385
318.991,0.0455319
319.058,0.0455319
319.125,0.0455319
319.191,0.0455319
319.258,0.0455319
319.324,0.0455319
319.391,0.0455319
319.458,0.0455319
319.524,0.0455319
319.591,0.0455319
319.657,0.0455319
319.724,0.0455319
319.791,0.0455319
319.857,0.0455319
319.924,0.0455319
319.991,0.0455319
320.057,0.0455319
320.124,0.0455319
320.19,0.0455319
320.257,0.0455319
320.324,0.0455319
320.39,0.0104748
320.457,0.0104748
320.523,0.0104748
320.59,0.0104748
320.657,0.0104748
320.723,0.0104748
320.79,0.0104748
320.856,0.0104748
320.923,0.0104748
320.99,0.0104748
321.056,0.0104748
321.123,0.0104748
321.189,0.0104748
321.256,0.0104748
321.323,0.0104748
321.389,0.0104748
321.456,0.0104748
321.523,0.0104748
321.589,0.0104748
321.656,0.0104748
321.722,0.0104748
321.789,0.0115603
321.856,0.0115603
321.922,0.0115603
321.989,0.0115603
322.055,0.0115603
322.122,0.0115603
322.189,0.0115603
322.255,0.0115603
322.322,0.0115603
322.388,0.0115603
322.455,0.0115603
322.522,0.0115603
322.588,0.0115603
322.655,0.0115603
322.721,0.0115603
322.788,0.0115603
322.855,0.0115603
322.921,0.0115603
322.988,0.0115603
323.055,0.0115603
323.121,0.0115603
323.188,0.0144993
323.254,0.0144993
323.321,0.0144993
323.388,0.0144993
323.454,0.0144993
323.521,0.0144993
323.587,0.0144993
323.654,0.0144993
323.721,0.0144993
323.787,0.0144993
323.854,0.0144993
323.92,0.0144993
323.987,0.0144993
324.054,0.0144993
324.12,0.0144993
324.187,0.0144993
324.253,0.0144993
324.32,0.0144993
324.387,0.0144993
324.453,0.0144993
324.52,0.0144993
324.587,0.0135432
324.653,0.0135432
324.72,0.0135432
324.786,0.0135432
324.853,0.0135432
324.92,0.0135432
324.986,0.0135432
325.053,0.0135432
325.119,0.0135432
325.186,0.0135432
325.253,0.0135432
325.319,0.0135432
325.386,0.0135432
325.452,0.0135432
325.519,0.0135432
325.586,0.0135432
325.652,0.0135432
325.719,0.0135432
325.786,0.0135432
325.852,0.0135432
325.919,0.0135432
325.985,0.013696
326.052,0.013696
326.119,0.013696
326.185,0.013696
326.252,0.013696
326.318,0.013696
326.385,0.013696
326.452,0.013696
326.518,0.013696
326.585,0.013696
326.651,0.013696
326.718,0.013696
326.785,0.013696
326.851,0.013696
326.918,0.013696
326.984,0.013696
327.051,0.013696
327.118,0.013696
327.184,0.013696
327.251,0.013696
327.318,0.013696
327.384,0.00990266
327.451,0.00990266
327.517,0.00990266
327.584,0.00990266
327.651,0.00990266
327.717,0.00990266
327.784,0.00990266
327.85,0.00990266
327.917,0.00990266
327.984,0.00990266
328.05,0.00990266
328.117,0.00990266
328.183,0.00990266
328.25,0.00990266
328.317,0.00990266
328.383,0.00990266
328.45,0.00990266
328.516,0.00990266
328.583,0.00990266
328.65,0.00990266
328.716,0.00990266
328.783,0.11177
328.85,0.11177
328.916,0.11177
328.983,0.11177
329.049,0.11177
329.116,0.11177
329.183,0.11177
329.249,0.11177
329.316,0.11177
329.382,0.11177
329.449,0.11177
329.516,0.11177
329.582,0.11177
329.649,0.11177
329.715,0.11177
329.782,0.11177
329.849,0.11177
329.915,0.11177
329.982,0.11177
330.048,0.11177
330.115,0.11177
330.182,0.0765918
330.248,0.0765918
330.315,0.0765918
330.382,0.0765918
330.448,0.0765918
330.515,0.0765918
330.581,0.0765918
330.648,0.0765918
330.715,0.0765918
330.781,0.0765918
330.848,0.0765918
330.914,0.0765918
330.981,0.0765918
331.048,0.0765918
331.114,0.0765918
331.181,0.0765918
331.247,0.0765918
331.314,0.0765918
331.381,0.0765918
331.447,0.0765918
331.514,0.0765918
331.581,0.118201
331.647,0.118201
331.714,0.118201
331.78,0.118201
331.847,0.118201
331.914,0.118201
331.98,0.118201
332.047,0.118201
332.113,0.118201
332.18,0.118201
332.247,0.118201
332.313,0.118201
332.38,0.118201
332.446,0.118201
332.513,0.118201
332.58,0.118201
332.646,0.118201
332.713,0.118201
332.779,0.118201
332.846,0.118201
332.913,0.118201
332.979,0.0859458
333.046,0.0859458
333.113,0.0859458
333.179,0.0859458
333.246,0.0859458
333.312,0.0859458
333.379,0.0859458
333.446,0.0859458
333.512,0.0859458
333.579,0.0859458
333.645,0.0859458
333.712,0.0859458
333.779,0.0859458
333.845,0.0859458
333.912,0.0859458
333.978,0.0859458
334.045,0.0859458
334.112,0.0859458
334.178,0.0859458
334.245,0.0859458
334.311,0.0859458
334.378,0.0359388
334.445,0.0359388
334.511,0.0359388
334.578,0.0359388
334.645,0.0359388
334.711,0.0359388
334.778,0.0359388
334.844,0.0359388
334.911,0.0359388
334.978,0.0359388
335.044,0.0359388
335.111,0.0359388
335.177,0.0359388
335.244,0.0359388
335.311,0.0359388
335.377,0.0359388
335.444,0.0359388
335.51,0.0359388
335.577,0.0359388
335.644,0.0359388
335.71,0.0359388
335.777,0.0202716
335.843,0.0202716
335.91,0.0202716
335.977,0.0202716
336.043,0.0202716
336.11,0.0202716
336.177,0.0202716
336.243,0.0202716
336.31,0.0202716
336.376,0.0202716
336.443,0.0202716
336.51,0.0202716
336.576,0.0202716
336.643,0.0202716
336.709,0.0202716
336.776,0.0202716
336.843,0.0202716
336.909,0.0202716
336.976,0.0202716
337.042,0.0202716
337.109,0.0202716
337.176,0.0568727
337.242,0.0568727
337.309,0.0568727
337.375,0.0568727
337.442,0.0568727
337.509,0.0568727
337.575,0.0568727
337.642,0.0568727
337.709,0.0568727
337.775,0.0568727
337.842,0.0568727
337.908,0.0568727
337.975,0.0568727
338.042,0.0568727
338.108,0.0568727
338.175,0.0568727
338.241,0.0568727
338.308,0.0568727
338.375,0.0568727
338.441,0.0568727
338.508,0.0568727
338.574,0.149649
338.641,0.149649
338.708,0.149649
338.774,0.149649
338.841,0.149649
338.908,0.149649
338.974,0.149649
339.041,0.149649
339.107,0.149649
339.174,0.149649
339.241,0.149649
339.307,0.149649
339.374,0.149649
339.44,0.149649
339.507,0.149649
339.574,0.149649
339.64,0.149649
339.707,0.149649
339.773,0.149649
339.84,0.149649
339.907,0.149649
339.973,0.0775127
340.04,0.0775127
340.106,0.0775127
340.173,0.0775127
340.24,0.0775127
340.306,0.0775127
340.373,0.0775127
340.44,0.0775127
340.506,0.0775127
340.573,0.0775127
340.639,0.0775127
340.706,0.0775127
340.773,0.0775127
340.839,0.0775127
340.906,0.0775127
340.972,0.0775127
341.039,0.0775127
341.106,0.0775127
341.172,0.0775127
341.239,0.0775127
341.305,0.0775127
341.372,0.0233792
341.439,0.0233792
341.505,0.0233792
341.572,0.0233792
341.638,0.0233792
341.705,0.0233792
341.772,0.0233792
341.838,0.0233792
341.905,0.0233792
341.972,0.0233792
342.038,0.0233792
342.105,0.0233792
342.171,0.0233792
342.238,0.0233792
342.305,0.0233792
342.371,0.0233792
342.438,0.0233792
342.504,0.0233792
342.571,0.0233792
342.638,0.0233792
342.704,0.0233792
342.771,0.00767681
342.837,0.00767681
342.904,0.00767681
342.971,0.00767681
343.037,0.00767681
343.104,0.00767681
343.17,0.00767681
343.237,0.00767681
343.304,0.00767681
343.37,0.00767681
343.437,0.00767681
343.504,0.00767681
343.57,0.00767681
343.637,0.00767681
343.703,0.00767681
343.77,0.00767681
343.837,0.00767681
343.903,0.00767681
343.97,0.00767681
344.036,0.00767681
344.103,0.00767681
344.17,0.00770816
344.236,0.00770816
344.303,0.00770816
344.369,0.00770816
344.436,0.00770816
344.503,0.00770816
344.569,0.00770816
344.636,0.00770816
344.703,0.00770816
344.769,0.00770816
344.836,0.00770816
344.902,0.00770816
344.969,0.00770816
345.036,0.00770816
345.102,0.00770816
345.169,0.00770816
345.235,0.00770816
345.302,0.00770816
345.369,0.00770816
345.435,0.00770816
345.502,0.00770816
345.568,0.00779046
345.635,0.00779046
345.702,0.00779046
345.768,0.00779046
345.835,0.00779046
345.901,0.00779046
345.968,0.00779046
346.035,0.00779046
346.101,0.00779046
346.168,0.00779046
346.235,0.00779046
346.301,0.00779046
346.368,0.00779046
346.434,0.00779046
346.501,0.00779046
346.568,0.00779046
346.634,0.00779046
346.701,0.00779046
346.767,0.00779046
346.834,0.00779046
346.901,0.00779046
346.967,0.00788059
347.034,0.00788059
347.1,0.00788059
347.167,0.00788059
347.234,0.00788059
347.3,0.00788059
347.367,0.00788059
347.433,0.00788059
347.5,0.00788059
347.567,0.00788059
347.633,0.00788059
347.7,0.00788059
347.767,0.00788059
347.833,0.00788059
347.9,0.00788059
347.966,0.00788059
348.033,0.00788059
348.1,0.00788059
348.166,0.00788059
348.233,0.00788059
348.299,0.00788059
348.366,0.00759844
348.433,0.00759844
348.499,0.00759844
348.566,0.00759844
348.632,0.00759844
348.699,0.00759844
348.766,0.00759844
348.832,0.00759844
348.899,0.00759844
348.965,0.00759844
349.032,0.00759844
349.099,0.00759844
349.165,0.00759844
349.232,0.00759844
349.299,0.00759844
349.365,0.00759844
349.432,0.00759844
349.498,0.00759844
349.565,0.00759844
349.632,0.00759844
349.698,0.00759844
349.765,0.00755141
349.831,0.00755141
349.898,0.00755141
349.965,0.00755141
350.031,0.00755141
350.098,0.00755141
350.164,0.00755141
350.231,0.00755141
350.298,0.00755141
350.364,0.00755141
350.431,0.00755141
350.498,0.00755141
350.564,0.00755141
350.631,0.00755141
350.697,0.00755141
350.764,0.00755141
350.831,0.00755141
350.897,0.00755141
350.964,0.00755141
351.03,0.00755141
351.097,0.00755141
351.164,0.0700436
351.23,0.0700436
351.297,0.0700436
351.363,0.0700436
351.43,0.0700436
351.497,0.0700436
351.563,0.0700436
351.63,0.0700436
351.696,0.0700436
351.763,0.0700436
351.83,0.0700436
351.896,0.0700436
351.963,0.0700436
352.03,0.0700436
352.096,0.0700436
352.163,0.0700436
352.229,0.0700436
352.296,0.0700436
352.363,0.0700436
352.429,0.0700436
352.496,0.0700436
352.562,0.109204
352.629,0.109204
352.696,0.109204
352.762,0.109204
352.829,0.109204
352.895,0.109204
352.962,0.109204
353.029,0.109204
353.095,0.109204
353.162,0.109204
353.228,0.109204
353.295,0.109204
353.362,0.109204
353.428,0.109204
353.495,0.109204
353.562,0.109204
353.628,0.109204
353.695,0.109204
353.761,0.109204
353.828,0.109204
353.895,0.109204
353.961,0.129577
354.028,0.129577
354.094,0.129577
354.161,0.129577
354.228,0.129577
354.294,0.129577
354.361,0.129577
354.427,0.129577
354.494,0.129577
354.561,0.129577
354.627,0.129577
354.694,0.129577
354.76,0.129577
354.827,0.129577
354.894,0.129577
354.96,0.129577
355.027,0.129577
355.094,0.129577
355.16,0.129577
355.227,0.129577
355.293,0.129577
355.36,0.157384
355.427,0.157384
355.493,0.157384
355.56,0.157384
355.626,0.157384
355.693,0.157384
355.76,0.157384
355.826,0.157384
355.893,0.157384
355.959,0.157384
356.026,0.157384
356.093,0.157384
356.159,0.157384
356.226,0.157384
356.293,0.157384
356.359,0.157384
356.426,0.157384
356.492,0.157384
356.559,0.157384
356.626,0.157384
356.692,0.157384
356.759,0.205511
356.825,0.205511
356.892,0.205511
356.959,0.205511
357.025,0.205511
357.092,0.205511
357.158,0.205511
357.225,0.205511
357.292,0.205511
357.358,0.205511
357.425,0.205511
357.491,0.205511
357.558,0.205511
357.625,0.205511
357.691,0.205511
357.758,0.205511
357.825,0.205511
357.891,0.205511
357.958,0.205511
358.024,0.205511
358.091,0.205511
358.158,0.21461
358.224,0.21461
358.291,0.21461
358.357,0.21461
358.424,0.21461
358.491,0.21461
358.557,0.21461
358.624,0.21461
358.69,0.21461
358.757,0.21461
358.824,0.21461
358.89,0.21461
358.957,0.21461
359.023,0.21461
359.09,0.21461
359.157,0.21461
359.223,0.21461
359.29,0.21461
359.357,0.21461
359.423,0.21461
359.49,0.21461
359.556,0.259675
359.623,0.259675
359.69,0.259675
359.756,0.259675
359.823,0.259675
359.889,0.259675
359.956,0.259675
360.023,0.259675
360.089,0.259675
360.156,0.259675
360.222,0.259675
360.289,0.259675
360.356,0.259675
360.422,0.259675
360.489,0.259675
360.555,0.259675
360.622,0.259675
360.689,0.259675
360.755,0.259675
360.822,0.259675
360.889,0.259675
360.955,0.277611
361.022,0.277611
361.088,0.277611
361.155,0.277611
361.222,0.277611
361.288,0.277611
361.355,0.277611
361.421,0.277611
361.488,0.277611
361.555,0.277611
361.621,0.277611
361.688,0.277611
361.754,0.277611
361.821,0.277611
361.888,0.277611
361.954,0.277611
362.021,0.277611
362.088,0.277611
362.154,0.277611
362.221,0.277611
362.287,0.277611
362.354,0.302958
362.421,0.302958
362.487,0.302958
362.554,0.302958
362.62,0.302958
362.687,0.302958
362.754,0.302958
362.82,0.302958
362.887,0.302958
362.953,0.302958
363.02,0.302958
363.087,0.302958
363.153,0.302958
363.22,0.302958
363.286,0.302958
363.353,0.302958
363.42,0.302958
363.486,0.302958
363.553,0.302958
363.62,0.302958
363.686,0.302958
363.753,0.315894
363.819,0.315894
363.886,0.315894
363.953,0.315894
364.019,0.315894
364.086,0.315894
364.152,0.315894
364.219,0.315894
364.286,0.315894
364.352,0.315894
364.419,0.315894
364.485,0.315894
364.552,0.315894
364.619,0.315894
364.685,0.315894
364.752,0.315894
364.818,0.315894
364.885,0.315894
364.952,0.315894
365.018,0.315894
365.085,0.315894
365.152,0.306316
365.218,0.306316
365.285,0.306316
365.351,0.306316
365.418,0.306316
365.485,0.306316
365.551,0.306316
365.618,0.306316
365.684,0.306316
365.751,0.306316
365.818,0.306316
365.884,0.306316
365.951,0.306316
366.017,0.306316
366.084,0.306316
366.151,0.306316
366.217,0.306316
366.284,0.306316
366.35,0.306316
366.417,0.306316
366.484,0.306316
366.55,0.363961
366.617,0.363961
366.684,0.363961
366.75,0.363961
366.817,0.363961
366.883,0.363961
366.95,0.363961
367.017,0.363961
367.083,0.363961
367.15,0.363961
367.216,0.363961
367.283,0.363961
367.35,0.363961
367.416,0.363961
367.483,0.363961
367.549,0.363961
367.616,0.363961
367.683,0.363961
367.749,0.363961
367.816,0.363961
367.883,0.363961
367.949,0.42186
368.016,0.42186
368.082,0.42186
368.149,0.42186
368.216,0.42186
368.282,0.42186
368.349,0.42186
368.415,0.42186
368.482,0.42186
368.549,0.42186
368.615,0.42186
368.682,0.42186
368.748,0.42186
368.815,0.42186
368.882,0.42186
368.948,0.42186
369.015,0.42186
369.081,0.42186
369.148,0.42186
369.215,0.42186
369.281,0.42186
369.348,0.536589
369.415,0.536589
369.481,0.536589
369.548,0.536589
369.614,0.536589
369.681,0.536589
369.748,0.536589
369.814,0.536589
369.881,0.536589
369.947,0.536589
370.014,0.536589
370.081,0.536589
370.147,0.536589
370.214,0.536589
370.28,0.536589
370.347,0.536589
370.414,0.536589
370.48,0.536589
370.547,0.536589
370.613,0.536589
370.68,0.536589
370.747,0.586424
370.813,0.586424
370.88,0.586424
370.947,0.586424
371.013,0.586424
371.08,0.586424
371.146,0.586424
371.213,0.586424
371.28,0.586424
371.346,0.586424
371.413,0.586424
371.479,0.586424
371.546,0.586424
371.613,0.586424
371.679,0.586424
371.746,0.586424
371.812,0.586424
371.879,0.586424
371.946,0.586424
372.012,0.586424
372.079,0.586424
372.145,0.641784
372.212,0.641784
372.279,0.641784
372.345,0.641784
372.412,0.641784
372.479,0.641784
372.545,0.641784
372.612,0.641784
372.678,0.641784
372.745,0.641784
372.812,0.641784
372.878,0.641784
372.945,0.641784
373.011,0.641784
373.078,0.641784
373.145,0.641784
373.211,0.641784
373.278,0.641784
373.344,0.641784
373.411,0.641784
373.478,0.641784
373.544,0.666652
373.611,0.666652
373.678,0.666652
373.744,0.666652
373.811,0.666652
373.877,0.666652
373.944,0.666652
374.011,0.666652
374.077,0.666652
374.144,0.666652
374.21,0.666652
374.277,0.666652
374.344,0.666652
374.41,0.666652
374.477,0.666652
374.543,0.666652
374.61,0.666652
374.677,0.666652
374.743,0.666652
374.81,0.666652
374.876,0.666652
374.943,0.659642
375.01,0.659642
375.076,0.659642
375.143,0.659642
375.21,0.659642
375.276,0.659642
375.343,0.659642
375.409,0.659642
375.476,0.659642
375.543,0.659642
375.609,0.659642
375.676,0.659642
375.742,0.659642
375.809,0.659642
375.876,0.659642
375.942,0.659642
376.009,0.659642
376.075,0.659642
376.142,0.659642
376.209,0.659642
376.275,0.659642
376.342,0.682555
376.408,0.682555
376.475,0.682555
376.542,0.682555
376.608,0.682555
376.675,0.682555
376.742,0.682555
376.808,0.682555
376.875,0.682555
376.941,0.682555
377.008,0.682555
377.075,0.682555
377.141,0.682555
377.208,0.682555
377.274,0.682555
377.341,0.682555
377.408,0.682555
377.474,0.682555
377.541,0.682555
377.607,0.682555
377.674,0.682555
377.741,0.690384
377.807,0.690384
377.874,0.690384
377.94,0.690384
378.007,0.690384
378.074,0.690384
378.14,0.690384
378.207,0.690384
378.274,0.690384
378.34,0.690384
378.407,0.690384
378.473,0.690384
378.54,0.690384
378.607,0.690384
378.673,0.690384
378.74,0.690384
378.806,0.690384
378.873,0.690384
378.94,0.690384
379.006,0.690384
379.073,0.690384
379.139,0.695153
379.206,0.695153
379.273,0.695153
379.339,0.695153
379.406,0.695153
379.473,0.695153
379.539,0.695153
379.606,0.695153
379.672,0.695153
379.739,0.695153
379.806,0.695153
379.872,0.695153
379.939,0.695153
380.005,0.695153
380.072,0.695153
380.139,0.695153
380.205,0.695153
380.272,0.695153
380.338,0.695153
380.405,0.695153
380.472,0.695153
380.538,0.767105
380.605,0.767105
380.671,0.767105
380.738,0.767105
380.805,0.767105
380.871,0.767105
380.938,0.767105
381.005,0.767105
381.071,0.767105
381.138,0.767105
381.204,0.767105
381.271,0.767105
381.338,0.767105
381.404,0.767105
381.471,0.767105
381.537,0.767105
381.604,0.767105
381.671,0.767105
381.737,0.767105
381.804,0.767105
381.87,0.767105
381.937,0.801187
382.004,0.801187
382.07,0.801187
382.137,0.801187
