0,0
0.0666092,0.0652039
0.133218,0.0652039
0.199828,0.0652039
0.266437,0.0652039
0.333046,0.0652039
0.399655,0.0652039
0.466264,0.0893042
0.532873,0.0893042
0.599483,0.0893042
0.666092,0.0893042
0.732701,0.0893042
0.79931,0.0893042
0.865919,0.0984309
0.932529,0.0984309
0.999138,0.0984309
1.06575,0.0984309
1.13236,0.0984309
1.19897,0.0984309
1.26557,0.101405
1.33218,0.101405
1.39879,0.101405
1.4654,0.101405
1.53201,0.101405
1.59862,0.101405
1.66523,0.10532
1.73184,0.10532
1.79845,0.10532
1.86506,0.10532
1.93167,0.10532
1.99828,0.10532
2.06488,0.111324
2.13149,0.111324
2.1981,0.111324
2.26471,0.111324
2.33132,0.111324
2.39793,0.111324
2.46454,0.111214
2.53115,0.111214
2.59776,0.111214
2.66437,0.111214
2.73098,0.111214
2.79759,0.111214
2.86419,0.113471
2.9308,0.113471
2.99741,0.113471
3.06402,0.113471
3.13063,0.113471
3.19724,0.113471
3.26385,0.114972
3.33046,0.114972
3.39707,0.114972
3.46368,0.114972
3.53029,0.114972
3.5969,0.114972
3.6635,0.115944
3.73011,0.115944
3.79672,0.115944
3.86333,0.115944
3.92994,0.115944
3.99655,0.115944
4.06316,0.118213
4.12977,0.118213
4.19638,0.118213
4.26299,0.118213
4.3296,0.118213
4.39621,0.118213
4.46282,0.122465
4.52942,0.122465
4.59603,0.122465
4.66264,0.122465
4.72925,0.122465
4.79586,0.122465
4.86247,0.12489
4.92908,0.12489
4.99569,0.12489
5.0623,0.12489
5.12891,0.12489
5.19552,0.12489
5.26213,0.122335
5.32873,0.122335
5.39534,0.122335
5.46195,0.122335
5.52856,0.122335
5.59517,0.122335
5.66178,0.137442
5.72839,0.137442
5.795,0.137442
5.86161,0.137442
5.92822,0.137442
5.99483,0.137442
6.06144,0.165351
6.12804,0.165351
6.19465,0.165351
6.26126,0.165351
6.32787,0.165351
6.39448,0.165351
6.46109,0.163776
6.5277,0.163776
6.59431,0.163776
6.66092,0.163776
6.72753,0.163776
6.79414,0.163776
6.86075,0.166931
6.92735,0.166931
6.99396,0.166931
7.06057,0.166931
7.12718,0.166931
7.19379,0.166931
7.2604,0.17978
7.32701,0.17978
7.39362,0.17978
7.46023,0.17978
7.52684,0.17978
7.59345,0.17978
7.66006,0.200518
7.72666,0.200518
7.79327,0.200518
7.85988,0.200518
7.92649,0.200518
7.9931,0.200518
8.05971,0.201988
8.12632,0.201988
8.19293,0.201988
8.25954,0.201988
8.32615,0.201988
8.39276,0.201988
8.45937,0.203332
8.52598,0.203332
8.59258,0.203332
8.65919,0.203332
8.7258,0.203332
8.79241,0.203332
8.85902,0.204848
8.92563,0.204848
8.99224,0.204848
9.05885,0.204848
9.12546,0.204848
9.19207,0.204848
9.25868,0.206094
9.32529,0.206094
9.39189,0.206094
9.4585,0.206094
9.52511,0.206094
9.59172,0.206094
9.65833,0.204946
9.72494,0.204946
9.79155,0.204946
9.85816,0.204946
9.92477,0.204946
9.99138,0.204946
10.058,0.202187
10.1246,0.202187
10.1912,0.202187
10.2578,0.202187
10.3244,0.202187
10.391,0.202187
10.4576,0.194428
10.5243,0.194428
10.5909,0.194428
10.6575,0.194428
10.7241,0.194428
10.7907,0.194428
10.8573,0.190286
10.9239,0.190286
10.9905,0.190286
11.0571,0.190286
11.1237,0.190286
11.1903,0.190286
11.257,0.185874
11.3236,0.185874
11.3902,0.185874
11.4568,0.185874
11.5234,0.185874
11.59,0.185874
11.6566,0.183111
11.7232,0.183111
11.7898,0.183111
11.8564,0.183111
11.923,0.183111
11.9897,0.183111
12.0563,0.182163
12.1229,0.182163
12.1895,0.182163
12.2561,0.182163
12.3227,0.182163
12.3893,0.182163
12.4559,0.180666
12.5225,0.180666
12.5891,0.180666
12.6557,0.180666
12.7224,0.180666
12.789,0.180666
12.8556,0.179224
12.9222,0.179224
12.9888,0.179224
13.0554,0.179224
13.122,0.179224
13.1886,0.179224
13.2552,0.182151
13.3218,0.182151
13.3884,0.182151
13.4551,0.182151
13.5217,0.182151
13.5883,0.182151
13.6549,0.183338
13.7215,0.183338
13.7881,0.183338
13.8547,0.183338
13.9213,0.183338
13.9879,0.183338
14.0545,0.183307
14.1211,0.183307
14.1878,0.183307
14.2544,0.183307
14.321,0.183307
14.3876,0.183307
14.4542,0.181982
14.5208,0.181982
14.5874,0.181982
14.654,0.181982
14.7206,0.181982
14.7872,0.181982
14.8538,0.181661
14.9205,0.181661
14.9871,0.181661
15.0537,0.181661
15.1203,0.181661
15.1869,0.181661
15.2535,0.181755
15.3201,0.181755
15.3867,0.181755
15.4533,0.181755
15.5199,0.181755
15.5865,0.181755
15.6532,0.183111
15.7198,0.183111
15.7864,0.183111
15.853,0.183111
15.9196,0.183111
15.9862,0.183111
16.0528,0.179639
16.1194,0.179639
16.186,0.179639
16.2526,0.179639
16.3192,0.179639
16.3859,0.179639
16.4525,0.179753
16.5191,0.179753
16.5857,0.179753
16.6523,0.179753
16.7189,0.179753
16.7855,0.179753
16.8521,0.178746
16.9187,0.178746
16.9853,0.178746
17.052,0.178746
17.1186,0.178746
17.1852,0.178746
17.2518,0.179012
17.3184,0.179012
17.385,0.179012
17.4516,0.179012
17.5182,0.179012
17.5848,0.179012
17.6514,0.17938
17.718,0.17938
17.7847,0.17938
17.8513,0.17938
17.9179,0.17938
17.9845,0.17938
18.0511,0.179384
18.1177,0.179384
18.1843,0.179384
18.2509,0.179384
18.3175,0.179384
18.3841,0.179384
18.4507,0.178847
18.5174,0.178847
18.584,0.178847
18.6506,0.178847
18.7172,0.178847
18.7838,0.178847
18.8504,0.176814
18.917,0.176814
18.9836,0.176814
19.0502,0.176814
19.1168,0.176814
19.1834,0.176814
19.2501,0.177233
19.3167,0.177233
19.3833,0.177233
19.4499,0.177233
19.5165,0.177233
19.5831,0.177233
19.6497,0.176449
19.7163,0.176449
19.7829,0.176449
19.8495,0.176449
19.9161,0.176449
19.9828,0.176449
20.0494,0.176782
20.116,0.176782
20.1826,0.176782
20.2492,0.176782
20.3158,0.176782
20.3824,0.176782
20.449,0.177343
20.5156,0.177343
20.5822,0.177343
20.6488,0.177343
20.7155,0.177343
20.7821,0.177343
20.8487,0.179427
20.9153,0.179427
20.9819,0.179427
21.0485,0.179427
21.1151,0.179427
21.1817,0.179427
21.2483,0.18034
21.3149,0.18034
21.3815,0.18034
21.4482,0.18034
21.5148,0.18034
21.5814,0.18034
21.648,0.181046
21.7146,0.181046
21.7812,0.181046
21.8478,0.181046
21.9144,0.181046
21.981,0.181046
22.0476,0.181128
22.1142,0.181128
22.1809,0.181128
22.2475,0.181128
22.3141,0.181128
22.3807,0.181128
22.4473,0.180478
22.5139,0.180478
22.5805,0.180478
22.6471,0.180478
22.7137,0.180478
22.7803,0.180478
22.8469,0.187759
22.9136,0.187759
22.9802,0.187759
23.0468,0.187759
23.1134,0.187759
23.18,0.187759
23.2466,0.190216
23.3132,0.190216
23.3798,0.190216
23.4464,0.190216
23.513,0.190216
23.5796,0.190216
23.6463,0.188264
23.7129,0.188264
23.7795,0.188264
23.8461,0.188264
23.9127,0.188264
23.9793,0.188264
24.0459,0.188652
24.1125,0.188652
24.1791,0.188652
24.2457,0.188652
24.3124,0.188652
24.379,0.188652
24.4456,0.189322
24.5122,0.189322
24.5788,0.189322
24.6454,0.189322
24.712,0.189322
24.7786,0.189322
24.8452,0.189871
24.9118,0.189871
24.9784,0.189871
25.0451,0.189871
25.1117,0.189871
25.1783,0.189871
25.2449,0.188484
25.3115,0.188484
25.3781,0.188484
25.4447,0.188484
25.5113,0.188484
25.5779,0.188484
25.6445,0.18681
25.7111,0.18681
25.7778,0.18681
25.8444,0.18681
25.911,0.18681
25.9776,0.18681
26.0442,0.185936
26.1108,0.185936
26.1774,0.185936
26.244,0.185936
26.3106,0.185936
26.3772,0.185936
26.4438,0.190416
26.5105,0.190416
26.5771,0.190416
26.6437,0.190416
26.7103,0.190416
26.7769,0.190416
26.8435,0.193758
26.9101,0.193758
26.9767,0.193758
27.0433,0.193758
27.1099,0.193758
27.1765,0.193758
27.2432,0.198092
27.3098,0.198092
27.3764,0.198092
27.443,0.198092
27.5096,0.198092
27.5762,0.198092
27.6428,0.210413
27.7094,0.210413
27.776,0.210413
27.8426,0.210413
27.9092,0.210413
27.9759,0.210413
28.0425,0.218944
28.1091,0.218944
28.1757,0.218944
28.2423,0.218944
28.3089,0.218944
28.3755,0.218944
28.4421,0.229771
28.5087,0.229771
28.5753,0.229771
28.6419,0.229771
28.7086,0.229771
28.7752,0.229771
28.8418,0.241167
28.9084,0.241167
28.975,0.241167
29.0416,0.241167
29.1082,0.241167
29.1748,0.241167
29.2414,0.252061
29.308,0.252061
29.3746,0.252061
29.4413,0.252061
29.5079,0.252061
29.5745,0.252061
29.6411,0.259703
29.7077,0.259703
29.7743,0.259703
29.8409,0.259703
29.9075,0.259703
29.9741,0.259703
30.0407,0.270954
30.1073,0.270954
30.174,0.270954
30.2406,0.270954
30.3072,0.270954
30.3738,0.270954
30.4404,0.275895
30.507,0.275895
30.5736,0.275895
30.6402,0.275895
30.7068,0.275895
30.7734,0.275895
30.8401,0.279477
30.9067,0.279477
30.9733,0.279477
31.0399,0.279477
31.1065,0.279477
31.1731,0.279477
31.2397,0.280688
31.3063,0.280688
31.3729,0.280688
31.4395,0.280688
31.5061,0.280688
31.5728,0.280688
31.6394,0.284947
31.706,0.284947
31.7726,0.284947
31.8392,0.284947
31.9058,0.284947
31.9724,0.284947
32.039,0.284587
32.1056,0.284587
32.1722,0.284587
32.2388,0.284587
32.3055,0.284587
32.3721,0.284587
32.4387,0.28434
32.5053,0.28434
32.5719,0.28434
32.6385,0.28434
32.7051,0.28434
32.7717,0.28434
32.8383,0.283345
32.9049,0.283345
32.9715,0.283345
33.0382,0.283345
33.1048,0.283345
33.1714,0.283345
33.238,0.285735
33.3046,0.285735
33.3712,0.285735
33.4378,0.285735
33.5044,0.285735
33.571,0.285735
33.6376,0.314561
33.7042,0.314561
33.7709,0.314561
33.8375,0.314561
33.9041,0.314561
33.9707,0.314561
34.0373,0.340832
34.1039,0.340832
34.1705,0.340832
34.2371,0.340832
34.3037,0.340832
34.3703,0.340832
34.4369,0.350747
34.5036,0.350747
34.5702,0.350747
34.6368,0.350747
34.7034,0.350747
34.77,0.350747
34.8366,0.366896
34.9032,0.366896
34.9698,0.366896
35.0364,0.366896
35.103,0.366896
35.1696,0.366896
35.2363,0.373969
35.3029,0.373969
35.3695,0.373969
35.4361,0.373969
35.5027,0.373969
35.5693,0.373969
35.6359,0.37846
35.7025,0.37846
35.7691,0.37846
35.8357,0.37846
35.9023,0.37846
35.969,0.37846
36.0356,0.379597
36.1022,0.379597
36.1688,0.379597
36.2354,0.379597
36.302,0.379597
36.3686,0.379597
36.4352,0.378159
36.5018,0.378159
36.5684,0.378159
36.635,0.378159
36.7017,0.378159
36.7683,0.378159
36.8349,0.37112
36.9015,0.37112
36.9681,0.37112
37.0347,0.37112
37.1013,0.37112
37.1679,0.37112
37.2345,0.366026
37.3011,0.366026
37.3678,0.366026
37.4344,0.366026
37.501,0.366026
37.5676,0.366026
37.6342,0.360885
37.7008,0.360885
37.7674,0.360885
37.834,0.360885
37.9006,0.360885
37.9672,0.360885
38.0338,0.371438
38.1005,0.371438
38.1671,0.371438
38.2337,0.371438
38.3003,0.371438
38.3669,0.371438
38.4335,0.387219
38.5001,0.387219
38.5667,0.387219
38.6333,0.387219
38.6999,0.387219
38.7665,0.387219
38.8332,0.406487
38.8998,0.406487
38.9664,0.406487
39.033,0.406487
39.0996,0.406487
39.1662,0.406487
39.2328,0.422871
39.2994,0.422871
39.366,0.422871
39.4326,0.422871
39.4992,0.422871
39.5659,0.422871
39.6325,0.446051
39.6991,0.446051
39.7657,0.446051
39.8323,0.446051
39.8989,0.446051
39.9655,0.446051
40.0321,0.469685
40.0987,0.469685
40.1653,0.469685
40.2319,0.469685
40.2986,0.469685
40.3652,0.469685
40.4318,0.495462
40.4984,0.495462
40.565,0.495462
40.6316,0.495462
40.6982,0.495462
40.7648,0.495462
40.8314,0.522521
40.898,0.522521
40.9646,0.522521
41.0313,0.522521
41.0979,0.522521
41.1645,0.522521
41.2311,0.536836
41.2977,0.536836
41.3643,0.536836
41.4309,0.536836
41.4975,0.536836
41.5641,0.536836
41.6307,0.553248
41.6973,0.553248
41.764,0.553248
41.8306,0.553248
41.8972,0.553248
41.9638,0.553248
42.0304,0.5619
42.097,0.5619
42.1636,0.5619
42.2302,0.5619
42.2968,0.5619
42.3634,0.5619
42.43,0.565948
42.4967,0.565948
42.5633,0.565948
42.6299,0.565948
42.6965,0.565948
42.7631,0.565948
42.8297,0.561203
42.8963,0.561203
42.9629,0.561203
43.0295,0.561203
43.0961,0.561203
43.1627,0.561203
43.2294,0.568178
43.296,0.568178
43.3626,0.568178
43.4292,0.568178
43.4958,0.568178
43.5624,0.568178
43.629,0.570416
43.6956,0.570416
43.7622,0.570416
43.8288,0.570416
43.8954,0.570416
43.9621,0.570416
44.0287,0.569859
44.0953,0.569859
44.1619,0.569859
44.2285,0.569859
44.2951,0.569859
44.3617,0.569859
44.4283,0.57406
44.4949,0.57406
44.5615,0.57406
44.6282,0.57406
44.6948,0.57406
44.7614,0.57406
44.828,0.575984
44.8946,0.575984
44.9612,0.575984
45.0278,0.575984
45.0944,0.575984
45.161,0.575984
45.2276,0.580569
45.2942,0.580569
45.3609,0.580569
45.4275,0.580569
45.4941,0.580569
45.5607,0.580569
45.6273,0.585628
45.6939,0.585628
45.7605,0.585628
45.8271,0.585628
45.8937,0.585628
45.9603,0.585628
46.0269,0.59075
46.0936,0.59075
46.1602,0.59075
46.2268,0.59075
46.2934,0.59075
46.36,0.59075
46.4266,0.595668
46.4932,0.595668
46.5598,0.595668
46.6264,0.595668
46.693,0.595668
46.7596,0.595668
46.8263,0.598016
46.8929,0.598016
46.9595,0.598016
47.0261,0.598016
47.0927,0.598016
47.1593,0.598016
47.2259,0.599618
47.2925,0.599618
47.3591,0.599618
47.4257,0.599618
47.4923,0.599618
47.559,0.599618
47.6256,0.601456
47.6922,0.601456
47.7588,0.601456
47.8254,0.601456
47.892,0.601456
47.9586,0.601456
48.0252,0.602514
48.0918,0.602514
48.1584,0.602514
48.225,0.602514
48.2917,0.602514
48.3583,0.602514
48.4249,0.602616
48.4915,0.602616
48.5581,0.602616
48.6247,0.602616
48.6913,0.602616
48.7579,0.602616
48.8245,0.602181
48.8911,0.602181
48.9577,0.602181
49.0244,0.602181
49.091,0.602181
49.1576,0.602181
49.2242,0.601538
49.2908,0.601538
49.3574,0.601538
49.424,0.601538
49.4906,0.601538
49.5572,0.601538
49.6238,0.60523
49.6904,0.60523
49.7571,0.60523
49.8237,0.60523
49.8903,0.60523
49.9569,0.60523
50.0235,0.60541
50.0901,0.60541
50.1567,0.60541
50.2233,0.60541
50.2899,0.60541
50.3565,0.60541
50.4231,0.604466
50.4898,0.604466
50.5564,0.604466
50.623,0.604466
50.6896,0.604466
50.7562,0.604466
50.8228,0.604086
50.8894,0.604086
50.956,0.604086
51.0226,0.604086
51.0892,0.604086
51.1559,0.604086
51.2225,0.602926
51.2891,0.602926
51.3557,0.602926
51.4223,0.602926
51.4889,0.602926
51.5555,0.602926
51.6221,0.606292
51.6887,0.606292
51.7553,0.606292
51.8219,0.606292
51.8886,0.606292
51.9552,0.606292
52.0218,0.606703
52.0884,0.606703
52.155,0.606703
52.2216,0.606703
52.2882,0.606703
52.3548,0.606703
52.4214,0.611998
52.488,0.611998
52.5546,0.611998
52.6213,0.611998
52.6879,0.611998
52.7545,0.611998
52.8211,0.626752
52.8877,0.626752
52.9543,0.626752
53.0209,0.626752
53.0875,0.626752
53.1541,0.626752
53.2207,0.63473
53.2873,0.63473
53.354,0.63473
53.4206,0.63473
53.4872,0.63473
53.5538,0.63473
53.6204,0.633414
53.687,0.633414
53.7536,0.633414
53.8202,0.633414
53.8868,0.633414
53.9534,0.633414
54.02,0.632465
54.0867,0.632465
54.1533,0.632465
54.2199,0.632465
54.2865,0.632465
54.3531,0.632465
54.4197,0.636259
54.4863,0.636259
54.5529,0.636259
54.6195,0.636259
54.6861,0.636259
54.7527,0.636259
54.8194,0.641506
54.886,0.641506
54.9526,0.641506
55.0192,0.641506
55.0858,0.641506
55.1524,0.641506
55.219,0.646463
55.2856,0.646463
55.3522,0.646463
55.4188,0.646463
55.4854,0.646463
55.5521,0.646463
55.6187,0.648442
55.6853,0.648442
55.7519,0.648442
55.8185,0.648442
55.8851,0.648442
55.9517,0.648442
56.0183,0.649958
56.0849,0.649958
56.1515,0.649958
56.2181,0.649958
56.2848,0.649958
56.3514,0.649958
56.418,0.654657
56.4846,0.654657
56.5512,0.654657
56.6178,0.654657
56.6844,0.654657
56.751,0.654657
56.8176,0.654195
56.8842,0.654195
56.9508,0.654195
57.0175,0.654195
57.0841,0.654195
57.1507,0.654195
57.2173,0.652901
57.2839,0.652901
57.3505,0.652901
57.4171,0.652901
57.4837,0.652901
57.5503,0.652901
57.6169,0.652658
57.6836,0.652658
57.7502,0.652658
57.8168,0.652658
57.8834,0.652658
57.95,0.652658
58.0166,0.65305
58.0832,0.65305
58.1498,0.65305
58.2164,0.65305
58.283,0.65305
58.3496,0.65305
58.4163,0.652858
58.4829,0.652858
58.5495,0.652858
58.6161,0.652858
58.6827,0.652858
58.7493,0.652858
58.8159,0.650527
58.8825,0.650527
58.9491,0.650527
59.0157,0.650527
59.0823,0.650527
59.149,0.650527
59.2156,0.651232
59.2822,0.651232
59.3488,0.651232
59.4154,0.651232
59.482,0.651232
59.5486,0.651232
59.6152,0.651354
59.6818,0.651354
59.7484,0.651354
59.815,0.651354
59.8817,0.651354
59.9483,0.651354
60.0149,0.652098
60.0815,0.652098
60.1481,0.652098
60.2147,0.652098
60.2813,0.652098
60.3479,0.652098
60.4145,0.653477
60.4811,0.653477
60.5477,0.653477
60.6144,0.653477
60.681,0.653477
60.7476,0.653477
60.8142,0.651906
60.8808,0.651906
60.9474,0.651906
61.014,0.651906
61.0806,0.651906
61.1472,0.651906
61.2138,0.648556
61.2804,0.648556
61.3471,0.648556
61.4137,0.648556
61.4803,0.648556
61.5469,0.648556
61.6135,0.648642
61.6801,0.648642
61.7467,0.648642
61.8133,0.648642
61.8799,0.648642
61.9465,0.648642
62.0131,0.650993
62.0798,0.650993
62.1464,0.650993
62.213,0.650993
62.2796,0.650993
62.3462,0.650993
62.4128,0.653336
62.4794,0.653336
62.546,0.653336
62.6126,0.653336
62.6792,0.653336
62.7458,0.653336
62.8125,0.654998
62.8791,0.654998
62.9457,0.654998
63.0123,0.654998
63.0789,0.654998
63.1455,0.654998
63.2121,0.655406
63.2787,0.655406
63.3453,0.655406
63.4119,0.655406
63.4785,0.655406
63.5452,0.655406
63.6118,0.657287
63.6784,0.657287
63.745,0.657287
63.8116,0.657287
63.8782,0.657287
63.9448,0.657287
64.0114,0.656138
64.078,0.656138
64.1446,0.656138
64.2112,0.656138
64.2779,0.656138
64.3445,0.656138
64.4111,0.656072
64.4777,0.656072
64.5443,0.656072
64.6109,0.656072
64.6775,0.656072
64.7441,0.656072
64.8107,0.657471
64.8773,0.657471
64.944,0.657471
65.0106,0.657471
65.0772,0.657471
65.1438,0.657471
65.2104,0.656761
65.277,0.656761
65.3436,0.656761
65.4102,0.656761
65.4768,0.656761
65.5434,0.656761
65.61,0.653383
65.6767,0.653383
65.7433,0.653383
65.8099,0.653383
65.8765,0.653383
65.9431,0.653383
66.0097,0.651589
66.0763,0.651589
66.1429,0.651589
66.2095,0.651589
66.2761,0.651589
66.3427,0.651589
66.4094,0.650895
66.476,0.650895
66.5426,0.650895
66.6092,0.650895
66.6758,0.650895
66.7424,0.650895
66.809,0.653046
66.8756,0.653046
66.9422,0.653046
67.0088,0.653046
67.0754,0.653046
67.1421,0.653046
67.2087,0.652596
67.2753,0.652596
67.3419,0.652596
67.4085,0.652596
67.4751,0.652596
67.5417,0.652596
67.6083,0.651334
67.6749,0.651334
67.7415,0.651334
67.8081,0.651334
67.8748,0.651334
67.9414,0.651334
68.008,0.650734
68.0746,0.650734
68.1412,0.650734
68.2078,0.650734
68.2744,0.650734
68.341,0.650734
68.4076,0.649633
68.4742,0.649633
68.5408,0.649633
68.6075,0.649633
68.6741,0.649633
68.7407,0.649633
68.8073,0.648367
68.8739,0.648367
68.9405,0.648367
69.0071,0.648367
69.0737,0.648367
69.1403,0.648367
69.2069,0.646012
69.2735,0.646012
69.3402,0.646012
69.4068,0.646012
69.4734,0.646012
69.54,0.646012
69.6066,0.646557
69.6732,0.646557
69.7398,0.646557
69.8064,0.646557
69.873,0.646557
69.9396,0.646557
70.0062,0.645914
70.0729,0.645914
70.1395,0.645914
70.2061,0.645914
70.2727,0.645914
70.3393,0.645914
70.4059,0.644876
70.4725,0.644876
70.5391,0.644876
70.6057,0.644876
70.6723,0.644876
70.7389,0.644876
70.8056,0.64325
70.8722,0.64325
70.9388,0.64325
71.0054,0.64325
71.072,0.64325
71.1386,0.64325
71.2052,0.641588
71.2718,0.641588
71.3384,0.641588
71.405,0.641588
71.4717,0.641588
71.5383,0.641588
71.6049,0.641807
71.6715,0.641807
71.7381,0.641807
71.8047,0.641807
71.8713,0.641807
71.9379,0.641807
72.0045,0.642258
72.0711,0.642258
72.1377,0.642258
72.2044,0.642258
72.271,0.642258
72.3376,0.642258
72.4042,0.651322
72.4708,0.651322
72.5374,0.651322
72.604,0.651322
72.6706,0.651322
72.7372,0.651322
72.8038,0.65066
72.8704,0.65066
72.9371,0.65066
73.0037,0.65066
73.0703,0.65066
73.1369,0.65066
73.2035,0.649727
73.2701,0.649727
73.3367,0.649727
73.4033,0.649727
73.4699,0.649727
73.5365,0.649727
73.6031,0.647976
73.6698,0.647976
73.7364,0.647976
73.803,0.647976
73.8696,0.647976
73.9362,0.647976
74.0028,0.648634
74.0694,0.648634
74.136,0.648634
74.2026,0.648634
74.2692,0.648634
74.3358,0.648634
74.4025,0.646024
74.4691,0.646024
74.5357,0.646024
74.6023,0.646024
74.6689,0.646024
74.7355,0.646024
74.8021,0.645914
74.8687,0.645914
74.9353,0.645914
75.0019,0.645914
75.0685,0.645914
75.1352,0.645914
75.2018,0.647411
75.2684,0.647411
75.335,0.647411
75.4016,0.647411
75.4682,0.647411
75.5348,0.647411
75.6014,0.649112
75.668,0.649112
75.7346,0.649112
75.8012,0.649112
75.8679,0.649112
75.9345,0.649112
76.0011,0.650229
76.0677,0.650229
76.1343,0.650229
76.2009,0.650229
76.2675,0.650229
76.3341,0.650229
76.4007,0.649335
76.4673,0.649335
76.5339,0.649335
76.6006,0.649335
76.6672,0.649335
76.7338,0.649335
76.8004,0.646514
76.867,0.646514
76.9336,0.646514
77.0002,0.646514
77.0668,0.646514
77.1334,0.646514
77.2,0.646294
77.2666,0.646294
77.3333,0.646294
77.3999,0.646294
77.4665,0.646294
77.5331,0.646294
77.5997,0.645291
77.6663,0.645291
77.7329,0.645291
77.7995,0.645291
77.8661,0.645291
77.9327,0.645291
77.9994,0.644942
78.066,0.644942
78.1326,0.644942
78.1992,0.644942
78.2658,0.644942
78.3324,0.644942
78.399,0.643877
78.4656,0.643877
78.5322,0.643877
78.5988,0.643877
78.6654,0.643877
78.7321,0.643877
78.7987,0.644214
78.8653,0.644214
78.9319,0.644214
78.9985,0.644214
79.0651,0.644214
79.1317,0.644214
79.1983,0.65209
79.2649,0.65209
79.3315,0.65209
79.3981,0.65209
79.4648,0.65209
79.5314,0.65209
79.598,0.653462
79.6646,0.653462
79.7312,0.653462
79.7978,0.653462
79.8644,0.653462
79.931,0.653462
79.9976,0.655974
80.0642,0.655974
80.1308,0.655974
80.1975,0.655974
80.2641,0.655974
80.3307,0.655974
80.3973,0.655358
80.4639,0.655358
80.5305,0.655358
80.5971,0.655358
80.6637,0.655358
80.7303,0.655358
80.7969,0.65771
80.8635,0.65771
80.9302,0.65771
80.9968,0.65771
81.0634,0.65771
81.13,0.65771
81.1966,0.656001
81.2632,0.656001
81.3298,0.656001
81.3964,0.656001
81.463,0.656001
81.5296,0.656001
81.5962,0.656275
81.6629,0.656275
81.7295,0.656275
81.7961,0.656275
81.8627,0.656275
81.9293,0.656275
81.9959,0.6578
82.0625,0.6578
82.1291,0.6578
82.1957,0.6578
82.2623,0.6578
82.3289,0.6578
82.3956,0.659262
82.4622,0.659262
82.5288,0.659262
82.5954,0.659262
82.662,0.659262
82.7286,0.659262
82.7952,0.661844
82.8618,0.661844
82.9284,0.661844
82.995,0.661844
83.0616,0.661844
83.1283,0.661844
83.1949,0.662263
83.2615,0.662263
83.3281,0.662263
83.3947,0.662263
83.4613,0.662263
83.5279,0.662263
83.5945,0.660978
83.6611,0.660978
83.7277,0.660978
83.7943,0.660978
83.861,0.660978
83.9276,0.660978
83.9942,0.657643
84.0608,0.657643
84.1274,0.657643
84.194,0.657643
84.2606,0.657643
84.3272,0.657643
84.3938,0.657592
84.4604,0.657592
84.527,0.657592
84.5937,0.657592
84.6603,0.657592
84.7269,0.657592
84.7935,0.655974
84.8601,0.655974
84.9267,0.655974
84.9933,0.655974
85.0599,0.655974
85.1265,0.655974
85.1931,0.656938
85.2598,0.656938
85.3264,0.656938
85.393,0.656938
85.4596,0.656938
85.5262,0.656938
85.5928,0.656103
85.6594,0.656103
85.726,0.656103
85.7926,0.656103
85.8592,0.656103
85.9258,0.656103
85.9925,0.657455
86.0591,0.657455
86.1257,0.657455
86.1923,0.657455
86.2589,0.657455
86.3255,0.657455
86.3921,0.655014
86.4587,0.655014
86.5253,0.655014
86.5919,0.655014
86.6585,0.655014
86.7252,0.655014
86.7918,0.653258
86.8584,0.653258
86.925,0.653258
86.9916,0.653258
87.0582,0.653258
87.1248,0.653258
87.1914,0.652729
87.258,0.652729
87.3246,0.652729
87.3912,0.652729
87.4579,0.652729
87.5245,0.652729
87.5911,0.651851
87.6577,0.651851
87.7243,0.651851
87.7909,0.651851
87.8575,0.651851
87.9241,0.651851
87.9907,0.650895
88.0573,0.650895
88.1239,0.650895
88.1906,0.650895
88.2572,0.650895
88.3238,0.650895
88.3904,0.650472
88.457,0.650472
88.5236,0.650472
88.5902,0.650472
88.6568,0.650472
88.7234,0.650472
88.79,0.650946
88.8566,0.650946
88.9233,0.650946
88.9899,0.650946
89.0565,0.650946
89.1231,0.650946
89.1897,0.649449
89.2563,0.649449
89.3229,0.649449
89.3895,0.649449
89.4561,0.649449
89.5227,0.649449
89.5893,0.648908
89.656,0.648908
89.7226,0.648908
89.7892,0.648908
89.8558,0.648908
89.9224,0.648908
89.989,0.649461
90.0556,0.649461
90.1222,0.649461
90.1888,0.649461
90.2554,0.649461
90.322,0.649461
90.3887,0.65131
90.4553,0.65131
90.5219,0.65131
90.5885,0.65131
90.6551,0.65131
90.7217,0.65131
90.7883,0.654496
90.8549,0.654496
90.9215,0.654496
90.9881,0.654496
91.0547,0.654496
91.1214,0.654496
91.188,0.656726
91.2546,0.656726
91.3212,0.656726
91.3878,0.656726
91.4544,0.656726
91.521,0.656726
91.5876,0.65845
91.6542,0.65845
91.7208,0.65845
91.7875,0.65845
91.8541,0.65845
91.9207,0.65845
91.9873,0.658544
92.0539,0.658544
92.1205,0.658544
92.1871,0.658544
92.2537,0.658544
92.3203,0.658544
92.3869,0.65914
92.4535,0.65914
92.5202,0.65914
92.5868,0.65914
92.6534,0.65914
92.72,0.65914
92.7866,0.658513
92.8532,0.658513
92.9198,0.658513
92.9864,0.658513
93.053,0.658513
93.1196,0.658513
93.1862,0.655182
93.2529,0.655182
93.3195,0.655182
93.3861,0.655182
93.4527,0.655182
93.5193,0.655182
93.5859,0.654814
93.6525,0.654814
93.7191,0.654814
93.7857,0.654814
93.8523,0.654814
93.9189,0.654814
93.9856,0.651953
94.0522,0.651953
94.1188,0.651953
94.1854,0.651953
94.252,0.651953
94.3186,0.651953
94.3852,0.653191
94.4518,0.653191
94.5184,0.653191
94.585,0.653191
94.6516,0.653191
94.7183,0.653191
94.7849,0.655754
94.8515,0.655754
94.9181,0.655754
94.9847,0.655754
95.0513,0.655754
95.1179,0.655754
95.1845,0.663314
95.2511,0.663314
95.3177,0.663314
95.3843,0.663314
95.451,0.663314
95.5176,0.663314
95.5842,0.673377
95.6508,0.673377
95.7174,0.673377
95.784,0.673377
95.8506,0.673377
95.9172,0.673377
95.9838,0.684765
96.0504,0.684765
96.117,0.684765
96.1837,0.684765
96.2503,0.684765
96.3169,0.684765
96.3835,0.692802
96.4501,0.692802
96.5167,0.692802
96.5833,0.692802
96.6499,0.692802
96.7165,0.692802
96.7831,0.701568
96.8497,0.701568
96.9164,0.701568
96.983,0.701568
97.0496,0.701568
97.1162,0.701568
97.1828,0.713368
97.2494,0.713368
97.316,0.713368
97.3826,0.713368
97.4492,0.713368
97.5158,0.713368
97.5824,0.722134
97.6491,0.722134
97.7157,0.722134
97.7823,0.722134
97.8489,0.722134
97.9155,0.722134
97.9821,0.729854
98.0487,0.729854
98.1153,0.729854
98.1819,0.729854
98.2485,0.729854
98.3152,0.729854
98.3818,0.735505
98.4484,0.735505
98.515,0.735505
98.5816,0.735505
98.6482,0.735505
98.7148,0.735505
98.7814,0.741108
98.848,0.741108
98.9146,0.741108
98.9812,0.741108
99.0479,0.741108
99.1145,0.741108
99.1811,0.745991
99.2477,0.745991
99.3143,0.745991
99.3809,0.745991
99.4475,0.745991
99.5141,0.745991
99.5807,0.749177
99.6473,0.749177
99.7139,0.749177
99.7806,0.749177
99.8472,0.749177
99.9138,0.749177
99.9804,0.757716
100.047,0.757716
100.114,0.757716
100.18,0.757716
100.247,0.757716
100.313,0.757716
100.38,0.7531
100.447,0.7531
100.513,0.7531
100.58,0.7531
100.646,0.7531
100.713,0.7531
100.78,0.761839
100.846,0.761839
100.913,0.761839
100.98,0.761839
101.046,0.761839
101.113,0.761839
101.179,0.732652
101.246,0.732652
101.313,0.732652
101.379,0.732652
101.446,0.732652
101.512,0.732652
101.579,0.669356
101.646,0.669356
101.712,0.669356
101.779,0.669356
101.845,0.669356
101.912,0.669356
101.979,0.659889
102.045,0.659889
102.112,0.659889
102.178,0.659889
102.245,0.659889
102.312,0.659889
102.378,0.651091
102.445,0.651091
102.512,0.651091
102.578,0.651091
102.645,0.651091
102.711,0.651091
102.778,0.656515
102.845,0.656515
102.911,0.656515
102.978,0.656515
103.044,0.656515
103.111,0.656515
103.178,0.660602
103.244,0.660602
103.311,0.660602
103.377,0.660602
103.444,0.660602
103.511,0.660602
103.577,0.598874
103.644,0.598874
103.71,0.598874
103.777,0.598874
103.844,0.598874
103.91,0.598874
103.977,0.581337
104.044,0.581337
104.11,0.581337
104.177,0.581337
104.243,0.581337
104.31,0.581337
104.377,0.573182
104.443,0.573182
104.51,0.573182
104.576,0.573182
104.643,0.573182
104.71,0.573182
104.776,0.57328
104.843,0.57328
104.909,0.57328
104.976,0.57328
105.043,0.57328
105.109,0.57328
105.176,0.588916
105.243,0.588916
105.309,0.588916
105.376,0.588916
105.442,0.588916
105.509,0.588916
105.576,0.596534
105.642,0.596534
105.709,0.596534
105.775,0.596534
105.842,0.596534
105.909,0.596534
105.975,0.594085
106.042,0.594085
106.108,0.594085
106.175,0.594085
106.242,0.594085
106.308,0.594085
106.375,0.596969
106.441,0.596969
106.508,0.596969
106.575,0.596969
106.641,0.596969
106.708,0.596969
106.775,0.602385
106.841,0.602385
106.908,0.602385
106.974,0.602385
107.041,0.602385
107.108,0.602385
107.174,0.600614
107.241,0.600614
107.307,0.600614
107.374,0.600614
107.441,0.600614
107.507,0.600614
107.574,0.572297
107.64,0.572297
107.707,0.572297
107.774,0.572297
107.84,0.572297
107.907,0.572297
107.973,0.548106
108.04,0.548106
108.107,0.548106
108.173,0.548106
108.24,0.548106
108.307,0.548106
108.373,0.550164
108.44,0.550164
108.506,0.550164
108.573,0.550164
108.64,0.550164
108.706,0.550164
108.773,0.570772
108.839,0.570772
108.906,0.570772
108.973,0.570772
109.039,0.570772
109.106,0.570772
109.172,0.565028
109.239,0.565028
109.306,0.565028
109.372,0.565028
109.439,0.565028
109.505,0.565028
109.572,0.548851
109.639,0.548851
109.705,0.548851
109.772,0.548851
109.839,0.548851
109.905,0.548851
109.972,0.54072
110.038,0.54072
110.105,0.54072
110.172,0.54072
110.238,0.54072
110.305,0.54072
110.371,0.549596
110.438,0.549596
110.505,0.549596
110.571,0.549596
110.638,0.549596
110.704,0.549596
110.771,0.554443
110.838,0.554443
110.904,0.554443
110.971,0.554443
111.038,0.554443
111.104,0.554443
111.171,0.547836
111.237,0.547836
111.304,0.547836
111.371,0.547836
111.437,0.547836
111.504,0.547836
111.57,0.520472
111.637,0.520472
111.704,0.520472
111.77,0.520472
111.837,0.520472
111.903,0.520472
111.97,0.506764
112.037,0.506764
112.103,0.506764
112.17,0.506764
112.236,0.506764
112.303,0.506764
112.37,0.489948
112.436,0.489948
112.503,0.489948
112.57,0.489948
112.636,0.489948
112.703,0.489948
112.769,0.512132
112.836,0.512132
112.903,0.512132
112.969,0.512132
113.036,0.512132
113.102,0.512132
113.169,0.549082
113.236,0.549082
113.302,0.549082
113.369,0.549082
113.435,0.549082
113.502,0.549082
113.569,0.570318
113.635,0.570318
113.702,0.570318
113.768,0.570318
113.835,0.570318
113.902,0.570318
113.968,0.553134
114.035,0.553134
114.102,0.553134
114.168,0.553134
114.235,0.553134
114.301,0.553134
114.368,0.541695
114.435,0.541695
114.501,0.541695
114.568,0.541695
114.634,0.541695
114.701,0.541695
114.768,0.524089
114.834,0.524089
114.901,0.524089
114.967,0.524089
115.034,0.524089
115.101,0.524089
115.167,0.528779
115.234,0.528779
115.3,0.528779
115.367,0.528779
115.434,0.528779
115.5,0.528779
115.567,0.466726
115.634,0.466726
115.7,0.466726
115.767,0.466726
115.833,0.466726
115.9,0.466726
115.967,0.393242
116.033,0.393242
116.1,0.393242
116.166,0.393242
116.233,0.393242
116.3,0.393242
116.366,0.355348
116.433,0.355348
116.499,0.355348
116.566,0.355348
116.633,0.355348
116.699,0.355348
116.766,0.329786
116.833,0.329786
116.899,0.329786
116.966,0.329786
117.032,0.329786
117.099,0.329786
117.166,0.327568
117.232,0.327568
117.299,0.327568
117.365,0.327568
117.432,0.327568
117.499,0.327568
117.565,0.31618
117.632,0.31618
117.698,0.31618
117.765,0.31618
117.832,0.31618
117.898,0.31618
117.965,0.324629
118.031,0.324629
118.098,0.324629
118.165,0.324629
118.231,0.324629
118.298,0.324629
118.365,0.322156
118.431,0.322156
118.498,0.322156
118.564,0.322156
118.631,0.322156
118.698,0.322156
118.764,0.308499
118.831,0.308499
118.897,0.308499
118.964,0.308499
119.031,0.308499
119.097,0.308499
119.164,0.283952
119.23,0.283952
119.297,0.283952
119.364,0.283952
119.43,0.283952
119.497,0.283952
119.563,0.255913
119.63,0.255913
119.697,0.255913
119.763,0.255913
119.83,0.255913
119.897,0.255913
119.963,0.242037
120.03,0.242037
120.096,0.242037
120.163,0.242037
120.23,0.242037
120.296,0.242037
120.363,0.240321
120.429,0.240321
120.496,0.240321
120.563,0.240321
120.629,0.240321
120.696,0.240321
120.762,0.23603
120.829,0.23603
120.896,0.23603
120.962,0.23603
121.029,0.23603
121.095,0.23603
121.162,0.232562
121.229,0.232562
121.295,0.232562
121.362,0.232562
121.429,0.232562
121.495,0.232562
121.562,0.254256
121.628,0.254256
121.695,0.254256
121.762,0.254256
121.828,0.254256
121.895,0.254256
121.961,0.253315
122.028,0.253315
122.095,0.253315
122.161,0.253315
122.228,0.253315
122.294,0.253315
122.361,0.228666
122.428,0.228666
122.494,0.228666
122.561,0.228666
122.628,0.228666
122.694,0.228666
122.761,0.209504
122.827,0.209504
122.894,0.209504
122.961,0.209504
123.027,0.209504
123.094,0.209504
123.16,0.186238
123.227,0.186238
123.294,0.186238
123.36,0.186238
123.427,0.186238
123.493,0.186238
123.56,0.164395
123.627,0.164395
123.693,0.164395
123.76,0.164395
123.826,0.164395
123.893,0.164395
123.96,0.167032
124.026,0.167032
124.093,0.167032
124.16,0.167032
124.226,0.167032
124.293,0.167032
124.359,0.162573
124.426,0.162573
124.493,0.162573
124.559,0.162573
124.626,0.162573
124.692,0.162573
124.759,0.175834
124.826,0.175834
124.892,0.175834
124.959,0.175834
125.025,0.175834
125.092,0.175834
125.159,0.174368
125.225,0.174368
125.292,0.174368
125.358,0.174368
125.425,0.174368
125.492,0.174368
125.558,0.185501
125.625,0.185501
125.692,0.185501
125.758,0.185501
125.825,0.185501
125.891,0.185501
125.958,0.213466
126.025,0.213466
126.091,0.213466
126.158,0.213466
126.224,0.213466
126.291,0.213466
126.358,0.243272
126.424,0.243272
126.491,0.243272
126.557,0.243272
126.624,0.243272
126.691,0.243272
126.757,0.286856
126.824,0.286856
126.89,0.286856
126.957,0.286856
127.024,0.286856
127.09,0.286856
127.157,0.293921
127.224,0.293921
127.29,0.293921
127.357,0.293921
127.423,0.293921
127.49,0.293921
127.557,0.279379
127.623,0.279379
127.69,0.279379
127.756,0.279379
127.823,0.279379
127.89,0.279379
127.956,0.257853
128.023,0.257853
128.089,0.257853
128.156,0.257853
128.223,0.257853
128.289,0.257853
128.356,0.227573
128.422,0.227573
128.489,0.227573
128.556,0.227573
128.622,0.227573
128.689,0.227573
128.756,0.195467
128.822,0.195467
128.889,0.195467
128.955,0.195467
129.022,0.195467
129.089,0.195467
129.155,0.166115
129.222,0.166115
129.288,0.166115
129.355,0.166115
129.422,0.166115
129.488,0.166115
129.555,0.14653
129.621,0.14653
129.688,0.14653
129.755,0.14653
129.821,0.14653
129.888,0.14653
129.955,0.111813
130.021,0.111813
130.088,0.111813
130.154,0.111813
130.221,0.111813
130.288,0.111813
130.354,0.075859
130.421,0.075859
130.487,0.075859
130.554,0.075859
130.621,0.075859
130.687,0.075859
130.754,0.0540003
130.82,0.0540003
130.887,0.0540003
130.954,0.0540003
131.02,0.0540003
131.087,0.0540003
131.153,0.0347318
131.22,0.0347318
131.287,0.0347318
131.353,0.0347318
131.42,0.0347318
131.487,0.0347318
131.553,0.0152792
131.62,0.0152792
131.686,0.0152792
131.753,0.0152792
131.82,0.0152792
131.886,0.0152792
131.953,0.000391874
132.019,0.000391874
132.086,0.000391874
132.153,0.000391874
132.219,0.000391874
132.286,0.000391874
132.352,0.00402063
132.419,0.00402063
132.486,0.00402063
132.552,0.00402063
132.619,0.00402063
132.685,0.00402063
132.752,0.00451831
132.819,0.00451831
132.885,0.00451831
132.952,0.00451831
133.019,0.00451831
133.085,0.00451831
133.152,0.00601919
133.218,0.00601919
133.285,0.00601919
133.352,0.00601919
133.418,0.00601919
133.485,0.00601919
133.551,0.0278897
133.618,0.0278897
133.685,0.0278897
133.751,0.0278897
133.818,0.0278897
133.884,0.0278897
133.951,0.0839002
134.018,0.0839002
134.084,0.0839002
134.151,0.0839002
134.217,0.0839002
134.284,0.0839002
134.351,0.137661
134.417,0.137661
134.484,0.137661
134.551,0.137661
134.617,0.137661
134.684,0.137661
134.75,0.18873
134.817,0.18873
134.884,0.18873
134.95,0.18873
135.017,0.18873
135.083,0.18873
135.15,0.231676
135.217,0.231676
135.283,0.231676
135.35,0.231676
135.416,0.231676
135.483,0.231676
135.55,0.237926
135.616,0.237926
135.683,0.237926
135.75,0.237926
135.816,0.237926
135.883,0.237926
135.949,0.203171
136.016,0.203171
136.083,0.203171
136.149,0.203171
136.216,0.203171
136.282,0.203171
136.349,0.157185
136.416,0.157185
136.482,0.157185
136.549,0.157185
136.615,0.157185
136.682,0.157185
136.749,0.119561
136.815,0.119561
136.882,0.119561
136.948,0.119561
137.015,0.119561
137.082,0.119561
137.148,0.0841706
137.215,0.0841706
137.282,0.0841706
137.348,0.0841706
137.415,0.0841706
137.481,0.0841706
137.548,0.0557911
137.615,0.0557911
137.681,0.0557911
137.748,0.0557911
137.814,0.0557911
137.881,0.0557911
137.948,0.0430709
138.014,0.0430709
138.081,0.0430709
138.147,0.0430709
138.214,0.0430709
138.281,0.0430709
138.347,0.0312089
138.414,0.0312089
138.48,0.0312089
138.547,0.0312089
138.614,0.0312089
138.68,0.0312089
138.747,0.0154242
138.814,0.0154242
138.88,0.0154242
138.947,0.0154242
139.013,0.0154242
139.08,0.0154242
139.147,0.0146757
139.213,0.0146757
139.28,0.0146757
139.346,0.0146757
139.413,0.0146757
139.48,0.0146757
139.546,0.0137822
139.613,0.0137822
139.679,0.0137822
139.746,0.0137822
139.813,0.0137822
139.879,0.0137822
139.946,0.0142564
140.012,0.0142564
140.079,0.0142564
140.146,0.0142564
140.212,0.0142564
140.279,0.0142564
140.346,0.0266905
140.412,0.0266905
140.479,0.0266905
140.545,0.0266905
140.612,0.0266905
140.679,0.0266905
140.745,0.0561595
140.812,0.0561595
140.878,0.0561595
140.945,0.0561595
141.012,0.0561595
141.078,0.0561595
141.145,0.0915927
141.211,0.0915927
141.278,0.0915927
141.345,0.0915927
141.411,0.0915927
141.478,0.0915927
141.545,0.144919
141.611,0.144919
141.678,0.144919
141.744,0.144919
141.811,0.144919
141.878,0.144919
141.944,0.194072
142.011,0.194072
142.077,0.194072
142.144,0.194072
142.211,0.194072
142.277,0.194072
142.344,0.213246
142.41,0.213246
142.477,0.213246
142.544,0.213246
142.61,0.213246
142.677,0.213246
142.743,0.218337
142.81,0.218337
142.877,0.218337
142.943,0.218337
143.01,0.218337
143.077,0.218337
143.143,0.211361
143.21,0.211361
143.276,0.211361
143.343,0.211361
143.41,0.211361
143.476,0.211361
143.543,0.217275
143.609,0.217275
143.676,0.217275
143.743,0.217275
143.809,0.217275
143.876,0.217275
143.942,0.231727
144.009,0.231727
144.076,0.231727
144.142,0.231727
144.209,0.231727
144.275,0.231727
144.342,0.222573
144.409,0.222573
144.475,0.222573
144.542,0.222573
144.609,0.222573
144.675,0.222573
144.742,0.198461
144.808,0.198461
144.875,0.198461
144.942,0.198461
145.008,0.198461
145.075,0.198461
145.141,0.154751
145.208,0.154751
145.275,0.154751
145.341,0.154751
145.408,0.154751
145.474,0.154751
145.541,0.114204
145.608,0.114204
145.674,0.114204
145.741,0.114204
145.807,0.114204
145.874,0.114204
145.941,0.076921
146.007,0.076921
146.074,0.076921
146.141,0.076921
146.207,0.076921
146.274,0.076921
146.34,0.04514
146.407,0.04514
146.474,0.04514
146.54,0.04514
146.607,0.04514
146.673,0.04514
146.74,0.0254522
146.807,0.0254522
146.873,0.0254522
146.94,0.0254522
147.006,0.0254522
147.073,0.0254522
147.14,0.0214002
147.206,0.0214002
147.273,0.0214002
147.34,0.0214002
147.406,0.0214002
147.473,0.0214002
147.539,0.014323
147.606,0.014323
147.673,0.014323
147.739,0.014323
147.806,0.014323
147.872,0.014323
147.939,0.0128417
148.006,0.0128417
148.072,0.0128417
148.139,0.0128417
148.205,0.0128417
148.272,0.0128417
148.339,0.0145229
148.405,0.0145229
148.472,0.0145229
148.538,0.0145229
148.605,0.0145229
148.672,0.0145229
148.738,0.0145111
148.805,0.0145111
148.872,0.0145111
148.938,0.0145111
149.005,0.0145111
149.071,0.0145111
149.138,0.0153575
149.205,0.0153575
149.271,0.0153575
149.338,0.0153575
149.404,0.0153575
149.471,0.0153575
149.538,0.0172581
149.604,0.0172581
149.671,0.0172581
149.737,0.0172581
149.804,0.0172581
149.871,0.0172581
149.937,0.0180693
150.004,0.0180693
150.07,0.0180693
150.137,0.0180693
150.204,0.0180693
150.27,0.0180693
150.337,0.0205616
150.404,0.0205616
150.47,0.0205616
150.537,0.0205616
150.603,0.0205616
150.67,0.0205616
150.737,0.0208869
150.803,0.0208869
150.87,0.0208869
150.936,0.0208869
151.003,0.0208869
151.07,0.0208869
151.136,0.0258598
151.203,0.0258598
151.269,0.0258598
151.336,0.0258598
151.403,0.0258598
151.469,0.0258598
151.536,0.0499639
151.602,0.0499639
151.669,0.0499639
151.736,0.0499639
151.802,0.0499639
151.869,0.0499639
151.936,0.064671
152.002,0.064671
152.069,0.064671
152.135,0.064671
152.202,0.064671
152.269,0.064671
152.335,0.078414
152.402,0.078414
152.468,0.078414
152.535,0.078414
152.602,0.078414
152.668,0.078414
152.735,0.0837435
152.801,0.0837435
152.868,0.0837435
152.935,0.0837435
153.001,0.0837435
153.068,0.0837435
153.135,0.0880267
153.201,0.0880267
153.268,0.0880267
153.334,0.0880267
153.401,0.0880267
153.468,0.0880267
153.534,0.0916045
153.601,0.0916045
153.667,0.0916045
153.734,0.0916045
153.801,0.0916045
153.867,0.0916045
153.934,0.0932268
154,0.0932268
154.067,0.0932268
154.134,0.0932268
154.2,0.0932268
154.267,0.0932268
154.333,0.075134
154.4,0.075134
154.467,0.075134
154.533,0.075134
154.6,0.075134
154.667,0.075134
154.733,0.0605524
154.8,0.0605524
154.866,0.0605524
154.933,0.0605524
155,0.0605524
155.066,0.0605524
155.133,0.0516137
155.199,0.0516137
155.266,0.0516137
155.333,0.0516137
155.399,0.0516137
155.466,0.0516137
155.532,0.0430826
155.599,0.0430826
155.666,0.0430826
155.732,0.0430826
155.799,0.0430826
155.865,0.0430826
155.932,0.0331251
155.999,0.0331251
156.065,0.0331251
156.132,0.0331251
156.199,0.0331251
156.265,0.0331251
156.332,0.0269688
156.398,0.0269688
156.465,0.0269688
156.532,0.0269688
156.598,0.0269688
156.665,0.0269688
156.731,0.0271138
156.798,0.0271138
156.865,0.0271138
156.931,0.0271138
156.998,0.0271138
157.064,0.0271138
157.131,0.0220155
157.198,0.0220155
157.264,0.0220155
157.331,0.0220155
157.397,0.0220155
157.464,0.0220155
157.531,0.020158
157.597,0.020158
157.664,0.020158
157.731,0.020158
157.797,0.020158
157.864,0.020158
157.93,0.0190608
157.997,0.0190608
158.064,0.0190608
158.13,0.0190608
158.197,0.0190608
158.263,0.0190608
158.33,0.017748
158.397,0.017748
158.463,0.017748
158.53,0.017748
158.596,0.017748
158.663,0.017748
158.73,0.0226346
158.796,0.0226346
158.863,0.0226346
158.93,0.0226346
158.996,0.0226346
159.063,0.0226346
159.129,0.0823484
159.196,0.0823484
159.263,0.0823484
159.329,0.0823484
159.396,0.0823484
159.462,0.0823484
159.529,0.0798208
159.596,0.0798208
159.662,0.0798208
159.729,0.0798208
159.795,0.0798208
159.862,0.0798208
159.929,0.0729866
159.995,0.0729866
160.062,0.0729866
160.128,0.0729866
160.195,0.0729866
160.262,0.0729866
160.328,0.0691344
160.395,0.0691344
160.462,0.0691344
160.528,0.0691344
160.595,0.0691344
160.661,0.0691344
160.728,0.0642674
160.795,0.0642674
160.861,0.0642674
160.928,0.0642674
160.994,0.0642674
161.061,0.0642674
161.128,0.0475578
161.194,0.0475578
161.261,0.0475578
161.327,0.0475578
161.394,0.0475578
161.461,0.0475578
161.527,0.0283403
161.594,0.0283403
161.66,0.0283403
161.727,0.0283403
161.794,0.0283403
161.86,0.0283403
161.927,0.0127516
161.994,0.0127516
162.06,0.0127516
162.127,0.0127516
162.193,0.0127516
162.26,0.0127516
162.327,0.0554306
162.393,0.0554306
162.46,0.0554306
162.526,0.0554306
162.593,0.0554306
162.66,0.0554306
162.726,0.0600782
162.793,0.0600782
162.859,0.0600782
162.926,0.0600782
162.993,0.0600782
163.059,0.0600782
163.126,0.059267
163.192,0.059267
163.259,0.059267
163.326,0.059267
163.392,0.059267
163.459,0.059267
163.526,0.0563084
163.592,0.0563084
163.659,0.0563084
163.725,0.0563084
163.792,0.0563084
163.859,0.0563084
163.925,0.0546077
163.992,0.0546077
164.058,0.0546077
164.125,0.0546077
164.192,0.0546077
164.258,0.0546077
164.325,0.0416954
164.391,0.0416954
164.458,0.0416954
164.525,0.0416954
164.591,0.0416954
164.658,0.0416954
164.725,0.0251113
164.791,0.0251113
164.858,0.0251113
164.924,0.0251113
164.991,0.0251113
165.058,0.0251113
165.124,0.0286734
165.191,0.0286734
165.257,0.0286734
165.324,0.0286734
165.391,0.0286734
165.457,0.0286734
165.524,0.0275644
165.59,0.0275644
165.657,0.0275644
165.724,0.0275644
165.79,0.0275644
165.857,0.0275644
165.923,0.0281522
165.99,0.0281522
166.057,0.0281522
166.123,0.0281522
166.19,0.0281522
166.257,0.0281522
166.323,0.027055
166.39,0.027055
166.456,0.027055
166.523,0.027055
166.59,0.027055
166.656,0.027055
166.723,0.0271882
166.789,0.0271882
166.856,0.0271882
166.923,0.0271882
166.989,0.0271882
167.056,0.0271882
167.122,0.0465821
167.189,0.0465821
167.256,0.0465821
167.322,0.0465821
167.389,0.0465821
167.455,0.0465821
167.522,0.0806712
167.589,0.0806712
167.655,0.0806712
167.722,0.0806712
167.789,0.0806712
167.855,0.0806712
167.922,0.0775754
167.988,0.0775754
168.055,0.0775754
168.122,0.0775754
168.188,0.0775754
168.255,0.0775754
168.321,0.0794838
168.388,0.0794838
168.455,0.0794838
168.521,0.0794838
168.588,0.0794838
168.654,0.0794838
168.721,0.0826267
168.788,0.0826267
168.854,0.0826267
168.921,0.0826267
168.987,0.0826267
169.054,0.0826267
169.121,0.0821642
169.187,0.0821642
169.254,0.0821642
169.321,0.0821642
169.387,0.0821642
169.454,0.0821642
169.52,0.0774226
169.587,0.0774226
169.654,0.0774226
169.72,0.0774226
169.787,0.0774226
169.853,0.0774226
169.92,0.0724105
169.987,0.0724105
170.053,0.0724105
170.12,0.0724105
170.186,0.0724105
170.253,0.0724105
170.32,0.0585029
170.386,0.0585029
170.453,0.0585029
170.52,0.0585029
170.586,0.0585029
170.653,0.0585029
170.719,0.0364756
170.786,0.0364756
170.853,0.0364756
170.919,0.0364756
170.986,0.0364756
171.052,0.0364756
171.119,0.0183711
171.186,0.0183711
171.252,0.0183711
171.319,0.0183711
171.385,0.0183711
171.452,0.0183711
171.519,0.0143152
171.585,0.0143152
171.652,0.0143152
171.718,0.0143152
171.785,0.0143152
171.852,0.0143152
171.918,0.0143857
171.985,0.0143857
172.052,0.0143857
172.118,0.0143857
172.185,0.0143857
172.251,0.0143857
172.318,0.0142446
172.385,0.0142446
172.451,0.0142446
172.518,0.0142446
172.584,0.0142446
172.651,0.0142446
172.718,0.0143387
172.784,0.0143387
172.851,0.0143387
172.917,0.0143387
172.984,0.0143387
173.051,0.0143387
173.117,0.0140056
173.184,0.0140056
173.25,0.0140056
173.317,0.0140056
173.384,0.0140056
173.45,0.0140056
173.517,0.0141427
173.584,0.0141427
173.65,0.0141427
173.717,0.0141427
173.783,0.0141427
173.85,0.0141427
173.917,0.0142211
173.983,0.0142211
174.05,0.0142211
174.116,0.0142211
174.183,0.0142211
174.25,0.0142211
174.316,0.0141741
174.383,0.0141741
174.449,0.0141741
174.516,0.0141741
174.583,0.0141741
174.649,0.0141741
174.716,0.0141702
174.782,0.0141702
174.849,0.0141702
174.916,0.0141702
174.982,0.0141702
175.049,0.0141702
175.116,0.0396459
175.182,0.0396459
175.249,0.0396459
175.315,0.0396459
175.382,0.0396459
175.449,0.0396459
175.515,0.0566846
175.582,0.0566846
175.648,0.0566846
175.715,0.0566846
175.782,0.0566846
175.848,0.0566846
175.915,0.101589
175.981,0.101589
176.048,0.101589
176.115,0.101589
176.181,0.101589
176.248,0.101589
176.315,0.156436
176.381,0.156436
176.448,0.156436
176.514,0.156436
176.581,0.156436
176.648,0.156436
176.714,0.166472
176.781,0.166472
176.847,0.166472
176.914,0.166472
176.981,0.166472
177.047,0.166472
177.114,0.170865
177.18,0.170865
177.247,0.170865
177.314,0.170865
177.38,0.170865
177.447,0.170865
177.513,0.162032
177.58,0.162032
177.647,0.162032
177.713,0.162032
177.78,0.162032
177.847,0.162032
177.913,0.152827
177.98,0.152827
178.046,0.152827
178.113,0.152827
178.18,0.152827
178.246,0.152827
178.313,0.157847
178.379,0.157847
178.446,0.157847
178.513,0.157847
178.579,0.157847
178.646,0.157847
178.712,0.142325
178.779,0.142325
178.846,0.142325
178.912,0.142325
178.979,0.142325
179.045,0.142325
179.112,0.126285
179.179,0.126285
179.245,0.126285
179.312,0.126285
179.379,0.126285
179.445,0.126285
179.512,0.110305
179.578,0.110305
179.645,0.110305
179.712,0.110305
179.778,0.110305
179.845,0.110305
179.911,0.0894022
179.978,0.0894022
180.045,0.0894022
180.111,0.0894022
180.178,0.0894022
180.244,0.0894022
180.311,0.0687034
180.378,0.0687034
180.444,0.0687034
180.511,0.0687034
180.577,0.0687034
180.644,0.0687034
180.711,0.0580326
180.777,0.0580326
180.844,0.0580326
180.911,0.0580326
180.977,0.0580326
181.044,0.0580326
181.11,0.0579778
181.177,0.0579778
181.244,0.0579778
181.31,0.0579778
181.377,0.0579778
181.443,0.0579778
181.51,0.0563084
181.577,0.0563084
181.643,0.0563084
181.71,0.0563084
181.776,0.0563084
181.843,0.0563084
181.91,0.0778654
181.976,0.0778654
182.043,0.0778654
182.109,0.0778654
182.176,0.0778654
182.243,0.0778654
182.309,0.0953155
182.376,0.0953155
182.443,0.0953155
182.509,0.0953155
182.576,0.0953155
182.642,0.0953155
182.709,0.098764
182.776,0.098764
182.842,0.098764
182.909,0.098764
182.975,0.098764
183.042,0.098764
183.109,0.0996889
183.175,0.0996889
183.242,0.0996889
183.308,0.0996889
183.375,0.0996889
183.442,0.0996889
183.508,0.0993714
183.575,0.0993714
183.642,0.0993714
183.708,0.0993714
183.775,0.0993714
183.841,0.0993714
183.908,0.0990227
183.975,0.0990227
184.041,0.0990227
184.108,0.0990227
184.174,0.0990227
184.241,0.0990227
184.308,0.102808
184.374,0.102808
184.441,0.102808
184.507,0.102808
184.574,0.102808
184.641,0.102808
184.707,0.108004
184.774,0.108004
184.84,0.108004
184.907,0.108004
184.974,0.108004
185.04,0.108004
185.107,0.107667
185.174,0.107667
185.24,0.107667
185.307,0.107667
185.373,0.107667
185.44,0.107667
185.507,0.10782
185.573,0.10782
185.64,0.10782
185.706,0.10782
185.773,0.10782
185.84,0.10782
185.906,0.107507
185.973,0.107507
186.039,0.107507
186.106,0.107507
186.173,0.107507
186.239,0.107507
186.306,0.10755
186.372,0.10755
186.439,0.10755
186.506,0.10755
186.572,0.10755
186.639,0.10755
186.706,0.10829
186.772,0.10829
186.839,0.10829
186.905,0.10829
186.972,0.10829
187.039,0.10829
187.105,0.109133
187.172,0.109133
187.238,0.109133
187.305,0.109133
187.372,0.109133
187.438,0.109133
187.505,0.109666
187.571,0.109666
187.638,0.109666
187.705,0.109666
187.771,0.109666
187.838,0.109666
187.904,0.109709
187.971,0.109709
188.038,0.109709
188.104,0.109709
188.171,0.109709
188.238,0.109709
188.304,0.109905
188.371,0.109905
188.437,0.109905
188.504,0.109905
188.571,0.109905
188.637,0.109905
188.704,0.112178
188.77,0.112178
188.837,0.112178
188.904,0.112178
188.97,0.112178
189.037,0.112178
189.103,0.1117
189.17,0.1117
189.237,0.1117
189.303,0.1117
189.37,0.1117
189.437,0.1117
189.503,0.109791
189.57,0.109791
189.636,0.109791
189.703,0.109791
189.77,0.109791
189.836,0.109791
189.903,0.110822
189.969,0.110822
190.036,0.110822
190.103,0.110822
190.169,0.110822
190.236,0.110822
190.302,0.111026
190.369,0.111026
190.436,0.111026
190.502,0.111026
190.569,0.111026
190.635,0.111026
190.702,0.11025
190.769,0.11025
190.835,0.11025
190.902,0.11025
190.969,0.11025
191.035,0.11025
191.102,0.112942
191.168,0.112942
191.235,0.112942
191.302,0.112942
191.368,0.112942
191.435,0.112942
191.501,0.113683
191.568,0.113683
191.635,0.113683
191.701,0.113683
191.768,0.113683
191.834,0.113683
191.901,0.113459
191.968,0.113459
192.034,0.113459
192.101,0.113459
192.167,0.113459
192.234,0.113459
192.301,0.114447
192.367,0.114447
192.434,0.114447
192.501,0.114447
192.567,0.114447
192.634,0.114447
192.7,0.114682
192.767,0.114682
192.834,0.114682
192.9,0.114682
192.967,0.114682
193.033,0.114682
193.1,0.112648
193.167,0.112648
193.233,0.112648
193.3,0.112648
193.366,0.112648
193.433,0.112648
193.5,0.11083
193.566,0.11083
193.633,0.11083
193.699,0.11083
193.766,0.11083
193.833,0.11083
193.899,0.110802
193.966,0.110802
194.033,0.110802
194.099,0.110802
194.166,0.110802
194.232,0.110802
194.299,0.110849
194.366,0.110849
194.432,0.110849
194.499,0.110849
194.565,0.110849
194.632,0.110849
194.699,0.11139
194.765,0.11139
194.832,0.11139
194.898,0.11139
194.965,0.11139
195.032,0.11139
195.098,0.111621
195.165,0.111621
195.232,0.111621
195.298,0.111621
195.365,0.111621
195.431,0.111621
195.498,0.11563
195.565,0.11563
195.631,0.11563
195.698,0.11563
195.764,0.11563
195.831,0.11563
195.898,0.116598
195.964,0.116598
196.031,0.116598
196.097,0.116598
196.164,0.116598
196.231,0.116598
196.297,0.11962
196.364,0.11962
196.43,0.11962
196.497,0.11962
196.564,0.11962
196.63,0.11962
196.697,0.124628
196.764,0.124628
196.83,0.124628
196.897,0.124628
196.963,0.124628
197.03,0.124628
197.097,0.133316
197.163,0.133316
197.23,0.133316
197.296,0.133316
197.363,0.133316
197.43,0.133316
197.496,0.148074
197.563,0.148074
197.629,0.148074
197.696,0.148074
197.763,0.148074
197.829,0.148074
197.896,0.16298
197.962,0.16298
198.029,0.16298
198.096,0.16298
198.162,0.16298
198.229,0.16298
198.296,0.180654
198.362,0.180654
198.429,0.180654
198.495,0.180654
198.562,0.180654
198.629,0.180654
198.695,0.199777
198.762,0.199777
198.828,0.199777
198.895,0.199777
198.962,0.199777
199.028,0.199777
199.095,0.227604
199.161,0.227604
199.228,0.227604
199.295,0.227604
199.361,0.227604
199.428,0.227604
199.494,0.26542
199.561,0.26542
199.628,0.26542
199.694,0.26542
199.761,0.26542
199.828,0.26542
199.894,0.307997
199.961,0.307997
200.027,0.307997
200.094,0.307997
200.161,0.307997
200.227,0.307997
200.294,0.346907
200.36,0.346907
200.427,0.346907
200.494,0.346907
200.56,0.346907
200.627,0.346907
200.693,0.39196
200.76,0.39196
200.827,0.39196
200.893,0.39196
200.96,0.39196
201.027,0.39196
201.093,0.466201
201.16,0.466201
201.226,0.466201
201.293,0.466201
201.36,0.466201
201.426,0.466201
201.493,0.497629
201.559,0.497629
201.626,0.497629
201.693,0.497629
201.759,0.497629
201.826,0.497629
201.892,0.500361
201.959,0.500361
202.026,0.500361
202.092,0.500361
202.159,0.500361
202.225,0.500361
202.292,0.503605
202.359,0.503605
202.425,0.503605
202.492,0.503605
202.559,0.503605
202.625,0.503605
202.692,0.471726
202.758,0.471726
202.825,0.471726
202.892,0.471726
202.958,0.471726
203.025,0.471726
203.091,0.47427
203.158,0.47427
203.225,0.47427
203.291,0.47427
203.358,0.47427
203.424,0.47427
203.491,0.467572
203.558,0.467572
203.624,0.467572
203.691,0.467572
203.757,0.467572
203.824,0.467572
203.891,0.494863
203.957,0.494863
204.024,0.494863
204.091,0.494863
204.157,0.494863
204.224,0.494863
204.29,0.518054
204.357,0.518054
204.424,0.518054
204.49,0.518054
204.557,0.518054
204.623,0.518054
204.69,0.528501
204.757,0.528501
204.823,0.528501
204.89,0.528501
204.956,0.528501
205.023,0.528501
205.09,0.535324
205.156,0.535324
205.223,0.535324
205.289,0.535324
205.356,0.535324
205.423,0.535324
205.489,0.56656
205.556,0.56656
205.623,0.56656
205.689,0.56656
205.756,0.56656
205.822,0.56656
205.889,0.594806
205.956,0.594806
206.022,0.594806
206.089,0.594806
206.155,0.594806
206.222,0.594806
206.289,0.595515
206.355,0.595515
206.422,0.595515
206.488,0.595515
206.555,0.595515
206.622,0.595515
206.688,0.574601
206.755,0.574601
206.822,0.574601
206.888,0.574601
206.955,0.574601
207.021,0.574601
207.088,0.563926
207.155,0.563926
207.221,0.563926
207.288,0.563926
207.354,0.563926
207.421,0.563926
207.488,0.557621
207.554,0.557621
207.621,0.557621
207.687,0.557621
207.754,0.557621
207.821,0.557621
207.887,0.555086
207.954,0.555086
208.02,0.555086
208.087,0.555086
208.154,0.555086
208.22,0.555086
208.287,0.560302
208.354,0.560302
208.42,0.560302
208.487,0.560302
208.553,0.560302
208.62,0.560302
208.687,0.571952
208.753,0.571952
208.82,0.571952
208.886,0.571952
208.953,0.571952
209.02,0.571952
209.086,0.581721
209.153,0.581721
209.219,0.581721
209.286,0.581721
209.353,0.581721
209.419,0.581721
209.486,0.589292
209.552,0.589292
209.619,0.589292
209.686,0.589292
209.752,0.589292
209.819,0.589292
209.886,0.592968
209.952,0.592968
210.019,0.592968
210.085,0.592968
210.152,0.592968
210.219,0.592968
210.285,0.59414
210.352,0.59414
210.418,0.59414
210.485,0.59414
210.552,0.59414
210.618,0.59414
210.685,0.596907
210.751,0.596907
210.818,0.596907
210.885,0.596907
210.951,0.596907
211.018,0.596907
211.084,0.5955
211.151,0.5955
211.218,0.5955
211.284,0.5955
211.351,0.5955
211.418,0.5955
211.484,0.594685
211.551,0.594685
211.617,0.594685
211.684,0.594685
211.751,0.594685
211.817,0.594685
211.884,0.598306
211.95,0.598306
212.017,0.598306
212.084,0.598306
212.15,0.598306
212.217,0.598306
212.283,0.612174
212.35,0.612174
212.417,0.612174
212.483,0.612174
212.55,0.612174
212.617,0.612174
212.683,0.616853
212.75,0.616853
212.816,0.616853
212.883,0.616853
212.95,0.616853
213.016,0.616853
213.083,0.615838
213.149,0.615838
213.216,0.615838
213.283,0.615838
213.349,0.615838
213.416,0.615838
213.482,0.615709
213.549,0.615709
213.616,0.615709
213.682,0.615709
213.749,0.615709
213.815,0.615709
213.882,0.617746
213.949,0.617746
214.015,0.617746
214.082,0.617746
214.149,0.617746
214.215,0.617746
214.282,0.615928
214.348,0.615928
214.415,0.615928
214.482,0.615928
214.548,0.615928
214.615,0.615928
214.681,0.61563
214.748,0.61563
214.815,0.61563
214.881,0.61563
214.948,0.61563
215.014,0.61563
215.081,0.614443
215.148,0.614443
215.214,0.614443
215.281,0.614443
215.347,0.614443
215.414,0.614443
215.481,0.612821
215.547,0.612821
215.614,0.612821
215.681,0.612821
215.747,0.612821
215.814,0.612821
215.88,0.612507
215.947,0.612507
216.014,0.612507
216.08,0.612507
216.147,0.612507
216.213,0.612507
216.28,0.612127
216.347,0.612127
216.413,0.612127
216.48,0.612127
216.546,0.612127
216.613,0.612127
216.68,0.611896
216.746,0.611896
216.813,0.611896
216.879,0.611896
216.946,0.611896
217.013,0.611896
217.079,0.611841
217.146,0.611841
217.213,0.611841
217.279,0.611841
217.346,0.611841
217.412,0.611841
217.479,0.613005
217.546,0.613005
217.612,0.613005
217.679,0.613005
217.745,0.613005
217.812,0.613005
217.879,0.613067
217.945,0.613067
218.012,0.613067
218.078,0.613067
218.145,0.613067
218.212,0.613067
218.278,0.61438
218.345,0.61438
218.412,0.61438
218.478,0.61438
218.545,0.61438
218.611,0.61438
218.678,0.614169
218.745,0.614169
218.811,0.614169
218.878,0.614169
218.944,0.614169
219.011,0.614169
219.078,0.61632
219.144,0.61632
219.211,0.61632
219.277,0.61632
219.344,0.61632
219.411,0.61632
219.477,0.615528
219.544,0.615528
219.61,0.615528
219.677,0.615528
219.744,0.615528
219.81,0.615528
219.877,0.613945
219.944,0.613945
220.01,0.613945
220.077,0.613945
220.143,0.613945
220.21,0.613945
220.277,0.613687
220.343,0.613687
220.41,0.613687
220.476,0.613687
220.543,0.613687
220.61,0.613687
220.676,0.613412
220.743,0.613412
220.809,0.613412
220.876,0.613412
220.943,0.613412
221.009,0.613412
221.076,0.613886
221.142,0.613886
221.209,0.613886
221.276,0.613886
221.342,0.613886
221.409,0.613886
221.476,0.612738
221.542,0.612738
221.609,0.612738
221.675,0.612738
221.742,0.612738
221.809,0.612738
221.875,0.612774
221.942,0.612774
222.008,0.612774
222.075,0.612774
222.142,0.612774
222.208,0.612774
222.275,0.6115
222.341,0.6115
222.408,0.6115
222.475,0.6115
222.541,0.6115
222.608,0.6115
222.674,0.611273
222.741,0.611273
222.808,0.611273
222.874,0.611273
222.941,0.611273
223.008,0.611273
223.074,0.607424
223.141,0.607424
223.207,0.607424
223.274,0.607424
223.341,0.607424
223.407,0.607424
223.474,0.61023
223.54,0.61023
223.607,0.61023
223.674,0.61023
223.74,0.61023
223.807,0.61023
223.873,0.614259
223.94,0.614259
224.007,0.614259
224.073,0.614259
224.14,0.614259
224.207,0.614259
224.273,0.612911
224.34,0.612911
224.406,0.612911
224.473,0.612911
224.54,0.612911
224.606,0.612911
224.673,0.609055
224.739,0.609055
224.806,0.609055
224.873,0.609055
224.939,0.609055
225.006,0.609055
225.072,0.608063
225.139,0.608063
225.206,0.608063
225.272,0.608063
225.339,0.608063
225.405,0.608063
225.472,0.607812
225.539,0.607812
225.605,0.607812
225.672,0.607812
225.739,0.607812
225.805,0.607812
225.872,0.606613
225.938,0.606613
226.005,0.606613
226.072,0.606613
226.138,0.606613
226.205,0.606613
226.271,0.605638
226.338,0.605638
226.405,0.605638
226.471,0.605638
226.538,0.605638
226.604,0.605638
226.671,0.608251
226.738,0.608251
226.804,0.608251
226.871,0.608251
226.937,0.608251
227.004,0.608251
227.071,0.610461
227.137,0.610461
227.204,0.610461
227.271,0.610461
227.337,0.610461
227.404,0.610461
227.47,0.613424
227.537,0.613424
227.604,0.613424
227.67,0.613424
227.737,0.613424
227.803,0.613424
227.87,0.613451
227.937,0.613451
228.003,0.613451
228.07,0.613451
228.136,0.613451
228.203,0.613451
228.27,0.612926
228.336,0.612926
228.403,0.612926
228.469,0.612926
228.536,0.612926
228.603,0.612926
228.669,0.613326
228.736,0.613326
228.803,0.613326
228.869,0.613326
228.936,0.613326
229.002,0.613326
229.069,0.623538
229.136,0.623538
229.202,0.623538
229.269,0.623538
229.335,0.623538
229.402,0.623538
229.469,0.622849
229.535,0.622849
229.602,0.622849
229.668,0.622849
229.735,0.622849
229.802,0.622849
229.868,0.62344
229.935,0.62344
230.001,0.62344
230.068,0.62344
230.135,0.62344
230.201,0.62344
230.268,0.623585
230.335,0.623585
230.401,0.623585
230.468,0.623585
230.534,0.623585
230.601,0.623585
230.668,0.626771
230.734,0.626771
230.801,0.626771
230.867,0.626771
230.934,0.626771
231.001,0.626771
231.067,0.626113
231.134,0.626113
231.2,0.626113
231.267,0.626113
231.334,0.626113
231.4,0.626113
231.467,0.622163
231.534,0.622163
231.6,0.622163
231.667,0.622163
231.733,0.622163
231.8,0.622163
231.867,0.622661
231.933,0.622661
232,0.622661
232.066,0.622661
232.133,0.622661
232.2,0.622661
232.266,0.622578
232.333,0.622578
232.399,0.622578
232.466,0.622578
232.533,0.622578
232.599,0.622578
232.666,0.62239
232.732,0.62239
232.799,0.62239
232.866,0.62239
232.932,0.62239
232.999,0.62239
233.066,0.622406
233.132,0.622406
233.199,0.622406
233.265,0.622406
233.332,0.622406
233.399,0.622406
233.465,0.621889
233.532,0.621889
233.598,0.621889
233.665,0.621889
233.732,0.621889
233.798,0.621889
233.865,0.620105
233.931,0.620105
233.998,0.620105
234.065,0.620105
234.131,0.620105
234.198,0.620105
234.264,0.619655
234.331,0.619655
234.398,0.619655
234.464,0.619655
234.531,0.619655
234.598,0.619655
234.664,0.619353
234.731,0.619353
234.797,0.619353
234.864,0.619353
234.931,0.619353
234.997,0.619353
235.064,0.620051
235.13,0.620051
235.197,0.620051
235.264,0.620051
235.33,0.620051
235.397,0.620051
235.463,0.620309
235.53,0.620309
235.597,0.620309
235.663,0.620309
235.73,0.620309
235.796,0.620309
235.863,0.619835
235.93,0.619835
235.996,0.619835
236.063,0.619835
236.13,0.619835
236.196,0.619835
236.263,0.622566
236.329,0.622566
236.396,0.622566
236.463,0.622566
236.529,0.622566
236.596,0.622566
236.662,0.624608
236.729,0.624608
236.796,0.624608
236.862,0.624608
236.929,0.624608
236.995,0.624608
237.062,0.625263
237.129,0.625263
237.195,0.625263
237.262,0.625263
237.329,0.625263
237.395,0.625263
237.462,0.625462
237.528,0.625462
237.595,0.625462
237.662,0.625462
237.728,0.625462
237.795,0.625462
237.861,0.622327
237.928,0.622327
237.995,0.622327
238.061,0.622327
238.128,0.622327
238.194,0.622327
238.261,0.622535
238.328,0.622535
238.394,0.622535
238.461,0.622535
238.527,0.622535
238.594,0.622535
238.661,0.623707
238.727,0.623707
238.794,0.623707
238.861,0.623707
238.927,0.623707
238.994,0.623707
239.06,0.624855
239.127,0.624855
239.194,0.624855
239.26,0.624855
239.327,0.624855
239.393,0.624855
239.46,0.624596
239.527,0.624596
239.593,0.624596
239.66,0.624596
239.726,0.624596
239.793,0.624596
239.86,0.623041
239.926,0.623041
239.993,0.623041
240.059,0.623041
240.126,0.623041
240.193,0.623041
240.259,0.623229
240.326,0.623229
240.393,0.623229
240.459,0.623229
240.526,0.623229
240.592,0.623229
240.659,0.625227
240.726,0.625227
240.792,0.625227
240.859,0.625227
240.925,0.625227
240.992,0.625227
241.059,0.629718
241.125,0.629718
241.192,0.629718
241.258,0.629718
241.325,0.629718
241.392,0.629718
241.458,0.635389
241.525,0.635389
241.591,0.635389
241.658,0.635389
241.725,0.635389
241.791,0.635389
241.858,0.634405
241.925,0.634405
241.991,0.634405
242.058,0.634405
242.124,0.634405
242.191,0.634405
242.258,0.635659
242.324,0.635659
242.391,0.635659
242.457,0.635659
242.524,0.635659
242.591,0.635659
242.657,0.635663
242.724,0.635663
242.79,0.635663
242.857,0.635663
242.924,0.635663
242.99,0.635663
243.057,0.632638
243.124,0.632638
243.19,0.632638
243.257,0.632638
243.323,0.632638
243.39,0.632638
243.457,0.632156
243.523,0.632156
243.59,0.632156
243.656,0.632156
243.723,0.632156
243.79,0.632156
243.856,0.630929
243.923,0.630929
243.989,0.630929
244.056,0.630929
244.123,0.630929
244.189,0.630929
244.256,0.629217
244.322,0.629217
244.389,0.629217
244.456,0.629217
244.522,0.629217
244.589,0.629217
244.656,0.629385
244.722,0.629385
244.789,0.629385
244.855,0.629385
244.922,0.629385
244.989,0.629385
245.055,0.62884
245.122,0.62884
245.188,0.62884
245.255,0.62884
245.322,0.62884
245.388,0.62884
245.455,0.628061
245.521,0.628061
245.588,0.628061
245.655,0.628061
245.721,0.628061
245.788,0.628061
245.854,0.627351
245.921,0.627351
245.988,0.627351
246.054,0.627351
246.121,0.627351
246.188,0.627351
246.254,0.626101
246.321,0.626101
246.387,0.626101
246.454,0.626101
246.521,0.626101
246.587,0.626101
246.654,0.625588
246.72,0.625588
246.787,0.625588
246.854,0.625588
246.92,0.625588
246.987,0.625588
247.053,0.624894
247.12,0.624894
247.187,0.624894
247.253,0.624894
247.32,0.624894
247.386,0.624894
247.453,0.623264
247.52,0.623264
247.586,0.623264
247.653,0.623264
247.72,0.623264
247.786,0.623264
247.853,0.62174
247.919,0.62174
247.986,0.62174
248.053,0.62174
248.119,0.62174
248.186,0.62174
248.252,0.6217
248.319,0.6217
248.386,0.6217
248.452,0.6217
248.519,0.6217
248.585,0.6217
248.652,0.621936
248.719,0.621936
248.785,0.621936
248.852,0.621936
248.919,0.621936
248.985,0.621936
249.052,0.621865
249.118,0.621865
249.185,0.621865
249.252,0.621865
249.318,0.621865
249.385,0.621865
249.451,0.621657
249.518,0.621657
249.585,0.621657
249.651,0.621657
249.718,0.621657
249.784,0.621657
249.851,0.620258
249.918,0.620258
249.984,0.620258
250.051,0.620258
250.117,0.620258
250.184,0.620258
250.251,0.619721
250.317,0.619721
250.384,0.619721
250.451,0.619721
250.517,0.619721
250.584,0.619721
250.65,0.61737
250.717,0.61737
250.784,0.61737
250.85,0.61737
250.917,0.61737
250.983,0.61737
251.05,0.615062
251.117,0.615062
251.183,0.615062
251.25,0.615062
251.316,0.615062
251.383,0.615062
251.45,0.619341
251.516,0.619341
251.583,0.619341
251.649,0.619341
251.716,0.619341
251.783,0.619341
251.849,0.620047
251.916,0.620047
251.983,0.620047
252.049,0.620047
252.116,0.620047
252.182,0.620047
252.249,0.621328
252.316,0.621328
252.382,0.621328
252.449,0.621328
252.515,0.621328
252.582,0.621328
252.649,0.622496
252.715,0.622496
252.782,0.622496
252.848,0.622496
252.915,0.622496
252.982,0.622496
253.048,0.619051
253.115,0.619051
253.181,0.619051
253.248,0.619051
253.315,0.619051
253.381,0.619051
253.448,0.612597
253.515,0.612597
253.581,0.612597
253.648,0.612597
253.714,0.612597
253.781,0.612597
253.848,0.614447
253.914,0.614447
253.981,0.614447
254.047,0.614447
254.114,0.614447
254.181,0.614447
254.247,0.620102
254.314,0.620102
254.38,0.620102
254.447,0.620102
254.514,0.620102
254.58,0.620102
254.647,0.648477
254.714,0.648477
254.78,0.648477
254.847,0.648477
254.913,0.648477
254.98,0.648477
255.047,0.652039
255.113,0.652039
255.18,0.652039
255.246,0.652039
255.313,0.652039
255.38,0.652039
255.446,0.655261
255.513,0.655261
255.579,0.655261
255.646,0.655261
255.713,0.655261
255.779,0.655261
255.846,0.655664
255.912,0.655664
255.979,0.655664
256.046,0.655664
256.112,0.655664
256.179,0.655664
256.246,0.663404
256.312,0.663404
256.379,0.663404
256.445,0.663404
256.512,0.663404
256.579,0.663404
256.645,0.663819
256.712,0.663819
256.778,0.663819
256.845,0.663819
256.912,0.663819
256.978,0.663819
257.045,0.661965
257.111,0.661965
257.178,0.661965
257.245,0.661965
257.311,0.661965
257.378,0.661965
257.444,0.662933
257.511,0.662933
257.578,0.662933
257.644,0.662933
257.711,0.662933
257.778,0.662933
257.844,0.659085
257.911,0.659085
257.977,0.659085
258.044,0.659085
258.111,0.659085
258.177,0.659085
258.244,0.659693
258.31,0.659693
258.377,0.659693
258.444,0.659693
258.51,0.659693
258.577,0.659693
258.643,0.660194
258.71,0.660194
258.777,0.660194
258.843,0.660194
258.91,0.660194
258.976,0.660194
259.043,0.659367
259.11,0.659367
259.176,0.659367
259.243,0.659367
259.31,0.659367
259.376,0.659367
259.443,0.66282
259.509,0.66282
259.576,0.66282
259.643,0.66282
259.709,0.66282
259.776,0.66282
259.842,0.660904
259.909,0.660904
259.976,0.660904
260.042,0.660904
260.109,0.660904
260.175,0.660904
260.242,0.659179
260.309,0.659179
260.375,0.659179
260.442,0.659179
260.509,0.659179
260.575,0.659179
260.642,0.657859
260.708,0.657859
260.775,0.657859
260.842,0.657859
260.908,0.657859
260.975,0.657859
261.041,0.657819
261.108,0.657819
261.175,0.657819
261.241,0.657819
261.308,0.657819
261.374,0.657819
261.441,0.655409
261.508,0.655409
261.574,0.655409
261.641,0.655409
261.707,0.655409
261.774,0.655409
261.841,0.658411
261.907,0.658411
261.974,0.658411
262.041,0.658411
262.107,0.658411
262.174,0.658411
262.24,0.658544
262.307,0.658544
262.374,0.658544
262.44,0.658544
262.507,0.658544
262.573,0.658544
262.64,0.65836
262.707,0.65836
262.773,0.65836
262.84,0.65836
262.906,0.65836
262.973,0.65836
263.04,0.660359
263.106,0.660359
263.173,0.660359
263.239,0.660359
263.306,0.660359
263.373,0.660359
263.439,0.660555
263.506,0.660555
263.573,0.660555
263.639,0.660555
263.706,0.660555
263.772,0.660555
263.839,0.666272
263.906,0.666272
263.972,0.666272
264.039,0.666272
264.105,0.666272
264.172,0.666272
264.239,0.66559
264.305,0.66559
264.372,0.66559
264.438,0.66559
264.505,0.66559
264.572,0.66559
264.638,0.674737
264.705,0.674737
264.771,0.674737
264.838,0.674737
264.905,0.674737
264.971,0.674737
265.038,0.670277
265.105,0.670277
265.171,0.670277
265.238,0.670277
265.304,0.670277
265.371,0.670277
265.438,0.665716
265.504,0.665716
265.571,0.665716
265.637,0.665716
265.704,0.665716
265.771,0.665716
265.837,0.667287
265.904,0.667287
265.97,0.667287
266.037,0.667287
266.104,0.667287
266.17,0.667287
266.237,0.662843
266.304,0.662843
266.37,0.662843
266.437,0.662843
266.503,0.662843
266.57,0.662843
266.637,0.665155
266.703,0.665155
266.77,0.665155
266.836,0.665155
266.903,0.665155
266.97,0.665155
267.036,0.664019
267.103,0.664019
267.169,0.664019
267.236,0.664019
267.303,0.664019
267.369,0.664019
267.436,0.665532
267.502,0.665532
267.569,0.665532
267.636,0.665532
267.702,0.665532
267.769,0.665532
267.836,0.664074
267.902,0.664074
267.969,0.664074
268.035,0.664074
268.102,0.664074
268.169,0.664074
268.235,0.666688
268.302,0.666688
268.368,0.666688
268.435,0.666688
268.502,0.666688
268.568,0.666688
268.635,0.662048
268.701,0.662048
268.768,0.662048
268.835,0.662048
268.901,0.662048
268.968,0.662048
269.034,0.658599
269.101,0.658599
269.168,0.658599
269.234,0.658599
269.301,0.658599
269.368,0.658599
269.434,0.651048
269.501,0.651048
269.567,0.651048
269.634,0.651048
269.701,0.651048
269.767,0.651048
269.834,0.652035
269.9,0.652035
269.967,0.652035
270.034,0.652035
270.1,0.652035
270.167,0.652035
270.233,0.660598
270.3,0.660598
270.367,0.660598
270.433,0.660598
270.5,0.660598
270.566,0.660598
270.633,0.661848
270.7,0.661848
270.766,0.661848
270.833,0.661848
270.9,0.661848
270.966,0.661848
271.033,0.66918
271.099,0.66918
271.166,0.66918
271.233,0.66918
271.299,0.66918
271.366,0.66918
271.432,0.682958
271.499,0.682958
271.566,0.682958
271.632,0.682958
271.699,0.682958
271.765,0.682958
271.832,0.679506
271.899,0.679506
271.965,0.679506
272.032,0.679506
272.099,0.679506
272.165,0.679506
272.232,0.675998
272.298,0.675998
272.365,0.675998
272.432,0.675998
272.498,0.675998
272.565,0.675998
272.631,0.674027
272.698,0.674027
272.765,0.674027
272.831,0.674027
272.898,0.674027
272.964,0.674027
273.031,0.673447
273.098,0.673447
273.164,0.673447
273.231,0.673447
273.297,0.673447
273.364,0.673447
273.431,0.67253
273.497,0.67253
273.564,0.67253
273.631,0.67253
273.697,0.67253
273.764,0.67253
273.83,0.672589
273.897,0.672589
273.964,0.672589
274.03,0.672589
274.097,0.672589
274.163,0.672589
274.23,0.672429
274.297,0.672429
274.363,0.672429
274.43,0.672429
274.496,0.672429
274.563,0.672429
274.63,0.678495
274.696,0.678495
274.763,0.678495
274.829,0.678495
274.896,0.678495
274.963,0.678495
275.029,0.678083
275.096,0.678083
275.163,0.678083
275.229,0.678083
275.296,0.678083
275.362,0.678083
275.429,0.679604
275.496,0.679604
275.562,0.679604
275.629,0.679604
275.695,0.679604
275.762,0.679604
275.829,0.678342
275.895,0.678342
275.962,0.678342
276.028,0.678342
276.095,0.678342
276.162,0.678342
276.228,0.687872
276.295,0.687872
276.361,0.687872
276.428,0.687872
276.495,0.687872
276.561,0.687872
276.628,0.689256
276.695,0.689256
276.761,0.689256
276.828,0.689256
276.894,0.689256
276.961,0.689256
277.028,0.690749
277.094,0.690749
277.161,0.690749
277.227,0.690749
277.294,0.690749
277.361,0.690749
277.427,0.693535
277.494,0.693535
277.56,0.693535
277.627,0.693535
277.694,0.693535
277.76,0.693535
277.827,0.701392
277.894,0.701392
277.96,0.701392
278.027,0.701392
278.093,0.701392
278.16,0.701392
278.227,0.716256
278.293,0.716256
278.36,0.716256
278.426,0.716256
278.493,0.716256
278.56,0.716256
278.626,0.729854
278.693,0.729854
278.759,0.729854
278.826,0.729854
278.893,0.729854
278.959,0.729854
279.026,0.741144
279.092,0.741144
279.159,0.741144
279.226,0.741144
279.292,0.741144
279.359,0.741144
279.426,0.757806
279.492,0.757806
279.559,0.757806
279.625,0.757806
279.692,0.757806
279.759,0.757806
279.825,0.76562
279.892,0.76562
279.958,0.76562
280.025,0.76562
280.092,0.76562
280.158,0.76562
280.225,0.77381
280.291,0.77381
280.358,0.77381
280.425,0.77381
280.491,0.77381
280.558,0.77381
280.624,0.782663
280.691,0.782663
280.758,0.782663
280.824,0.782663
280.891,0.782663
280.958,0.782663
281.024,0.795724
281.091,0.795724
281.157,0.795724
281.224,0.795724
281.291,0.795724
281.357,0.795724
281.424,0.798769
281.49,0.798769
281.557,0.798769
281.624,0.798769
281.69,0.798769
281.757,0.798769
281.823,0.807163
281.89,0.807163
281.957,0.807163
282.023,0.807163
282.09,0.807163
282.156,0.807163
282.223,0.8208
282.29,0.8208
282.356,0.8208
282.423,0.8208
282.49,0.8208
282.556,0.8208
282.623,0.762842
282.689,0.762842
282.756,0.762842
282.823,0.762842
282.889,0.762842
282.956,0.762842
283.022,0.671163
283.089,0.671163
283.156,0.671163
283.222,0.671163
283.289,0.671163
283.355,0.671163
283.422,0.609368
283.489,0.609368
283.555,0.609368
283.622,0.609368
283.688,0.609368
283.755,0.609368
283.822,0.583559
283.888,0.583559
283.955,0.583559
284.022,0.583559
284.088,0.583559
284.155,0.583559
284.221,0.57486
284.288,0.57486
284.355,0.57486
284.421,0.57486
284.488,0.57486
284.554,0.57486
284.621,0.580436
284.688,0.580436
284.754,0.580436
284.821,0.580436
284.887,0.580436
284.954,0.580436
285.021,0.600069
285.087,0.600069
285.154,0.600069
285.221,0.600069
285.287,0.600069
285.354,0.600069
285.42,0.60938
285.487,0.60938
285.554,0.60938
285.62,0.60938
285.687,0.60938
285.753,0.60938
285.82,0.609552
285.887,0.609552
285.953,0.609552
286.02,0.609552
286.086,0.609552
286.153,0.609552
286.22,0.57984
286.286,0.57984
286.353,0.57984
286.419,0.57984
286.486,0.57984
286.553,0.57984
286.619,0.591503
286.686,0.591503
286.753,0.591503
286.819,0.591503
286.886,0.591503
286.952,0.591503
287.019,0.600825
287.086,0.600825
287.152,0.600825
287.219,0.600825
287.285,0.600825
287.352,0.600825
287.419,0.597859
287.485,0.597859
287.552,0.597859
287.618,0.597859
287.685,0.597859
287.752,0.597859
287.818,0.571521
287.885,0.571521
287.951,0.571521
288.018,0.571521
288.085,0.571521
288.151,0.571521
288.218,0.545983
288.285,0.545983
288.351,0.545983
288.418,0.545983
288.484,0.545983
288.551,0.545983
288.618,0.520468
288.684,0.520468
288.751,0.520468
288.817,0.520468
288.884,0.520468
288.951,0.520468
289.017,0.500819
289.084,0.500819
289.15,0.500819
289.217,0.500819
289.284,0.500819
289.35,0.500819
289.417,0.494529
289.483,0.494529
289.55,0.494529
289.617,0.494529
289.683,0.494529
289.75,0.494529
289.817,0.503441
289.883,0.503441
289.95,0.503441
290.016,0.503441
290.083,0.503441
290.15,0.503441
290.216,0.490764
290.283,0.490764
290.349,0.490764
290.416,0.490764
290.483,0.490764
290.549,0.490764
290.616,0.465061
290.682,0.465061
290.749,0.465061
290.816,0.465061
290.882,0.465061
290.949,0.465061
291.016,0.448304
291.082,0.448304
291.149,0.448304
291.215,0.448304
291.282,0.448304
291.349,0.448304
291.415,0.439785
291.482,0.439785
291.548,0.439785
291.615,0.439785
291.682,0.439785
291.748,0.439785
291.815,0.439185
291.881,0.439185
291.948,0.439185
292.015,0.439185
292.081,0.439185
292.148,0.439185
292.214,0.43092
292.281,0.43092
292.348,0.43092
292.414,0.43092
292.481,0.43092
292.548,0.43092
292.614,0.407537
292.681,0.407537
292.747,0.407537
292.814,0.407537
292.881,0.407537
292.947,0.407537
293.014,0.380831
293.08,0.380831
293.147,0.380831
293.214,0.380831
293.28,0.380831
293.347,0.380831
293.413,0.368052
293.48,0.368052
293.547,0.368052
293.613,0.368052
293.68,0.368052
293.746,0.368052
293.813,0.362233
293.88,0.362233
293.946,0.362233
294.013,0.362233
294.08,0.362233
294.146,0.362233
294.213,0.365591
294.279,0.365591
294.346,0.365591
294.413,0.365591
294.479,0.365591
294.546,0.365591
294.612,0.370956
294.679,0.370956
294.746,0.370956
294.812,0.370956
294.879,0.370956
294.945,0.370956
295.012,0.371363
295.079,0.371363
295.145,0.371363
295.212,0.371363
295.278,0.371363
295.345,0.371363
295.412,0.382379
295.478,0.382379
295.545,0.382379
295.612,0.382379
295.678,0.382379
295.745,0.382379
295.811,0.394312
295.878,0.394312
295.945,0.394312
296.011,0.394312
296.078,0.394312
296.144,0.394312
296.211,0.424082
296.278,0.424082
296.344,0.424082
296.411,0.424082
296.477,0.424082
296.544,0.424082
296.611,0.453669
296.677,0.453669
296.744,0.453669
296.811,0.453669
296.877,0.453669
296.944,0.453669
297.01,0.466444
297.077,0.466444
297.144,0.466444
297.21,0.466444
297.277,0.466444
297.343,0.466444
297.41,0.450318
297.477,0.450318
297.543,0.450318
297.61,0.450318
297.676,0.450318
297.743,0.450318
297.81,0.464347
297.876,0.464347
297.943,0.464347
298.009,0.464347
298.076,0.464347
298.143,0.464347
298.209,0.46374
298.276,0.46374
298.343,0.46374
298.409,0.46374
298.476,0.46374
298.542,0.46374
298.609,0.420747
298.676,0.420747
298.742,0.420747
298.809,0.420747
298.875,0.420747
298.942,0.420747
299.009,0.382359
299.075,0.382359
299.142,0.382359
299.208,0.382359
299.275,0.382359
299.342,0.382359
299.408,0.381607
299.475,0.381607
299.541,0.381607
299.608,0.381607
299.675,0.381607
299.741,0.381607
299.808,0.435756
299.875,0.435756
299.941,0.435756
300.008,0.435756
300.074,0.435756
300.141,0.435756
300.208,0.468356
300.274,0.468356
300.341,0.468356
300.407,0.468356
300.474,0.468356
300.541,0.468356
300.607,0.496779
300.674,0.496779
300.74,0.496779
300.807,0.496779
300.874,0.496779
300.94,0.496779
301.007,0.513974
301.073,0.513974
301.14,0.513974
301.207,0.513974
301.273,0.513974
301.34,0.513974
301.407,0.555732
301.473,0.555732
301.54,0.555732
301.606,0.555732
301.673,0.555732
301.74,0.555732
301.806,0.620611
301.873,0.620611
301.939,0.620611
302.006,0.620611
302.073,0.620611
302.139,0.620611
302.206,0.616026
302.272,0.616026
302.339,0.616026
302.406,0.616026
302.472,0.616026
302.539,0.616026
302.606,0.57022
302.672,0.57022
302.739,0.57022
302.805,0.57022
302.872,0.57022
302.939,0.57022
303.005,0.525597
303.072,0.525597
303.138,0.525597
303.205,0.525597
303.272,0.525597
303.338,0.525597
303.405,0.515275
303.471,0.515275
303.538,0.515275
303.605,0.515275
303.671,0.515275
303.738,0.515275
303.804,0.480077
303.871,0.480077
303.938,0.480077
304.004,0.480077
304.071,0.480077
304.138,0.480077
304.204,0.460801
304.271,0.460801
304.337,0.460801
304.404,0.460801
304.471,0.460801
304.537,0.460801
304.604,0.452916
304.67,0.452916
304.737,0.452916
304.804,0.452916
304.87,0.452916
304.937,0.452916
305.003,0.445271
305.07,0.445271
305.137,0.445271
305.203,0.445271
305.27,0.445271
305.336,0.445271
305.403,0.427844
305.47,0.427844
305.536,0.427844
305.603,0.427844
305.67,0.427844
305.736,0.427844
305.803,0.434173
305.869,0.434173
305.936,0.434173
306.003,0.434173
306.069,0.434173
306.136,0.434173
306.202,0.451729
306.269,0.451729
306.336,0.451729
306.402,0.451729
306.469,0.451729
306.535,0.451729
306.602,0.44908
306.669,0.44908
306.735,0.44908
306.802,0.44908
306.868,0.44908
306.935,0.44908
307.002,0.432026
307.068,0.432026
307.135,0.432026
307.202,0.432026
307.268,0.432026
307.335,0.432026
307.401,0.401745
307.468,0.401745
307.535,0.401745
307.601,0.401745
307.668,0.401745
307.734,0.401745
307.801,0.364878
307.868,0.364878
307.934,0.364878
308.001,0.364878
308.067,0.364878
308.134,0.364878
308.201,0.322943
308.267,0.322943
308.334,0.322943
308.401,0.322943
308.467,0.322943
308.534,0.322943
308.6,0.313017
308.667,0.313017
308.734,0.313017
308.8,0.313017
308.867,0.313017
308.933,0.313017
309,0.329637
309.067,0.329637
309.133,0.329637
309.2,0.329637
309.266,0.329637
309.333,0.329637
309.4,0.367272
309.466,0.367272
309.533,0.367272
309.599,0.367272
309.666,0.367272
309.733,0.367272
309.799,0.399535
309.866,0.399535
309.933,0.399535
309.999,0.399535
310.066,0.399535
310.132,0.399535
310.199,0.400358
310.266,0.400358
310.332,0.400358
310.399,0.400358
310.465,0.400358
310.532,0.400358
310.599,0.367057
310.665,0.367057
310.732,0.367057
310.798,0.367057
310.865,0.367057
310.932,0.367057
310.998,0.339026
311.065,0.339026
311.131,0.339026
311.198,0.339026
311.265,0.339026
311.331,0.339026
311.398,0.309087
311.465,0.309087
311.531,0.309087
311.598,0.309087
311.664,0.309087
311.731,0.309087
311.798,0.258057
311.864,0.258057
311.931,0.258057
311.997,0.258057
312.064,0.258057
312.131,0.258057
312.197,0.22744
312.264,0.22744
312.33,0.22744
312.397,0.22744
312.464,0.22744
312.53,0.22744
312.597,0.20649
312.663,0.20649
312.73,0.20649
312.797,0.20649
312.863,0.20649
312.93,0.20649
312.997,0.204425
313.063,0.204425
313.13,0.204425
313.196,0.204425
313.263,0.204425
313.33,0.204425
313.396,0.212125
313.463,0.212125
313.529,0.212125
313.596,0.212125
313.663,0.212125
313.729,0.212125
313.796,0.219908
313.862,0.219908
313.929,0.219908
313.996,0.219908
314.062,0.219908
314.129,0.219908
314.196,0.26553
314.262,0.26553
314.329,0.26553
314.395,0.26553
314.462,0.26553
314.529,0.26553
314.595,0.284602
314.662,0.284602
314.728,0.284602
314.795,0.284602
314.862,0.284602
314.928,0.284602
314.995,0.302111
315.061,0.302111
315.128,0.302111
315.195,0.302111
315.261,0.302111
315.328,0.302111
315.394,0.2853
315.461,0.2853
315.528,0.2853
315.594,0.2853
315.661,0.2853
315.728,0.2853
315.794,0.270342
315.861,0.270342
315.927,0.270342
315.994,0.270342
316.061,0.270342
316.127,0.270342
316.194,0.253202
316.26,0.253202
316.327,0.253202
316.394,0.253202
316.46,0.253202
316.527,0.253202
316.593,0.220014
316.66,0.220014
316.727,0.220014
316.793,0.220014
316.86,0.220014
316.926,0.220014
316.993,0.189091
317.06,0.189091
317.126,0.189091
317.193,0.189091
317.26,0.189091
317.326,0.189091
317.393,0.154829
317.459,0.154829
317.526,0.154829
317.593,0.154829
317.659,0.154829
317.726,0.154829
317.792,0.122363
317.859,0.122363
317.926,0.122363
317.992,0.122363
318.059,0.122363
318.125,0.122363
318.192,0.0978431
318.259,0.0978431
318.325,0.0978431
318.392,0.0978431
318.458,0.0978431
318.525,0.0978431
318.592,0.0671437
318.658,0.0671437
318.725,0.0671437
318.792,0.0671437
318.858,0.0671437
318.925,0.0671437
318.991,0.0455319
319.058,0.0455319
319.125,0.0455319
319.191,0.0455319
319.258,0.0455319
319.324,0.0455319
319.391,0.023054
319.458,0.023054
319.524,0.023054
319.591,0.023054
319.657,0.023054
319.724,0.023054
319.791,0.0131552
319.857,0.0131552
319.924,0.0131552
319.991,0.0131552
320.057,0.0131552
320.124,0.0131552
320.19,0.00973415
320.257,0.00973415
320.324,0.00973415
320.39,0.00973415
320.457,0.00973415
320.523,0.00973415
320.59,0.0104199
320.657,0.0104199
320.723,0.0104199
320.79,0.0104199
320.856,0.0104199
320.923,0.0104199
320.99,0.0106511
321.056,0.0106511
321.123,0.0106511
321.189,0.0106511
321.256,0.0106511
321.323,0.0106511
321.389,0.0116857
321.456,0.0116857
321.523,0.0116857
321.589,0.0116857
321.656,0.0116857
321.722,0.0116857
321.789,0.0115603
321.856,0.0115603
321.922,0.0115603
321.989,0.0115603
322.055,0.0115603
322.122,0.0115603
322.189,0.0140448
322.255,0.0140448
322.322,0.0140448
322.388,0.0140448
322.455,0.0140448
322.522,0.0140448
322.588,0.0142054
322.655,0.0142054
322.721,0.0142054
322.788,0.0142054
322.855,0.0142054
322.921,0.0142054
322.988,0.0143308
323.055,0.0143308
323.121,0.0143308
323.188,0.0143308
323.254,0.0143308
323.321,0.0143308
323.388,0.0146287
323.454,0.0146287
323.521,0.0146287
323.587,0.0146287
323.654,0.0146287
323.721,0.0146287
323.787,0.0139781
323.854,0.0139781
323.92,0.0139781
323.987,0.0139781
324.054,0.0139781
324.12,0.0139781
324.187,0.0138606
324.253,0.0138606
324.32,0.0138606
324.387,0.0138606
324.453,0.0138606
324.52,0.0138606
324.587,0.0135432
324.653,0.0135432
324.72,0.0135432
324.786,0.0135432
324.853,0.0135432
324.92,0.0135432
324.986,0.0136451
325.053,0.0136451
325.119,0.0136451
325.186,0.0136451
325.253,0.0136451
325.319,0.0136451
325.386,0.014084
325.452,0.014084
325.519,0.014084
325.586,0.014084
325.652,0.014084
325.719,0.014084
325.786,0.0140408
325.852,0.0140408
325.919,0.0140408
325.985,0.0140408
326.052,0.0140408
326.119,0.0140408
326.185,0.0137665
326.252,0.0137665
326.318,0.0137665
326.385,0.0137665
326.452,0.0137665
326.518,0.0137665
326.585,0.0130298
326.651,0.0130298
326.718,0.0130298
326.785,0.0130298
326.851,0.0130298
326.918,0.0130298
326.984,0.0127908
327.051,0.0127908
327.118,0.0127908
327.184,0.0127908
327.251,0.0127908
327.318,0.0127908
327.384,0.00990266
327.451,0.00990266
327.517,0.00990266
327.584,0.00990266
327.651,0.00990266
327.717,0.00990266
327.784,0.0513081
327.85,0.0513081
327.917,0.0513081
327.984,0.0513081
328.05,0.0513081
328.117,0.0513081
328.183,0.0771247
328.25,0.0771247
328.317,0.0771247
328.383,0.0771247
328.45,0.0771247
328.516,0.0771247
328.583,0.112789
328.65,0.112789
328.716,0.112789
328.783,0.112789
328.85,0.112789
328.916,0.112789
328.983,0.11003
329.049,0.11003
329.116,0.11003
329.183,0.11003
329.249,0.11003
329.316,0.11003
329.382,0.106268
329.449,0.106268
329.516,0.106268
329.582,0.106268
329.649,0.106268
329.715,0.106268
329.782,0.0945279
329.849,0.0945279
329.915,0.0945279
329.982,0.0945279
330.048,0.0945279
330.115,0.0945279
330.182,0.0765918
330.248,0.0765918
330.315,0.0765918
330.382,0.0765918
330.448,0.0765918
330.515,0.0765918
330.581,0.065055
330.648,0.065055
330.715,0.065055
330.781,0.065055
330.848,0.065055
330.914,0.065055
330.981,0.0852875
331.048,0.0852875
331.114,0.0852875
331.181,0.0852875
331.247,0.0852875
331.314,0.0852875
331.381,0.115391
331.447,0.115391
331.514,0.115391
331.581,0.115391
331.647,0.115391
331.714,0.115391
331.78,0.107797
331.847,0.107797
331.914,0.107797
331.98,0.107797
332.047,0.107797
332.113,0.107797
332.18,0.0951235
332.247,0.0951235
332.313,0.0951235
332.38,0.0951235
332.446,0.0951235
332.513,0.0951235
332.58,0.0886537
332.646,0.0886537
332.713,0.0886537
332.779,0.0886537
332.846,0.0886537
332.913,0.0886537
332.979,0.0859458
333.046,0.0859458
333.113,0.0859458
333.179,0.0859458
333.246,0.0859458
333.312,0.0859458
333.379,0.0749381
333.446,0.0749381
333.512,0.0749381
333.579,0.0749381
333.645,0.0749381
333.712,0.0749381
333.779,0.0643026
333.845,0.0643026
333.912,0.0643026
333.978,0.0643026
334.045,0.0643026
334.112,0.0643026
334.178,0.0435842
334.245,0.0435842
334.311,0.0435842
334.378,0.0435842
334.445,0.0435842
334.511,0.0435842
334.578,0.0317261
334.645,0.0317261
334.711,0.0317261
334.778,0.0317261
334.844,0.0317261
334.911,0.0317261
334.978,0.0248879
335.044,0.0248879
335.111,0.0248879
335.177,0.0248879
335.244,0.0248879
335.311,0.0248879
335.377,0.0202952
335.444,0.0202952
335.51,0.0202952
335.577,0.0202952
335.644,0.0202952
335.71,0.0202952
335.777,0.0202716
335.843,0.0202716
335.91,0.0202716
335.977,0.0202716
336.043,0.0202716
336.11,0.0202716
336.177,0.0199621
336.243,0.0199621
336.31,0.0199621
336.376,0.0199621
336.443,0.0199621
336.51,0.0199621
336.576,0.0238926
336.643,0.0238926
336.709,0.0238926
336.776,0.0238926
336.843,0.0238926
336.909,0.0238926
336.976,0.0417189
337.042,0.0417189
337.109,0.0417189
337.176,0.0417189
337.242,0.0417189
337.309,0.0417189
337.375,0.0739427
337.442,0.0739427
337.509,0.0739427
337.575,0.0739427
337.642,0.0739427
337.709,0.0739427
337.775,0.118648
337.842,0.118648
337.908,0.118648
337.975,0.118648
338.042,0.118648
338.108,0.118648
338.175,0.147513
338.241,0.147513
338.308,0.147513
338.375,0.147513
338.441,0.147513
338.508,0.147513
338.574,0.149649
338.641,0.149649
338.708,0.149649
338.774,0.149649
338.841,0.149649
338.908,0.149649
338.974,0.123985
339.041,0.123985
339.107,0.123985
339.174,0.123985
339.241,0.123985
339.307,0.123985
339.374,0.106268
339.44,0.106268
339.507,0.106268
339.574,0.106268
339.64,0.106268
339.707,0.106268
339.773,0.088591
339.84,0.088591
339.907,0.088591
339.973,0.088591
340.04,0.088591
340.106,0.088591
340.173,0.0667244
340.24,0.0667244
340.306,0.0667244
340.373,0.0667244
340.44,0.0667244
340.506,0.0667244
340.573,0.0466487
340.639,0.0466487
340.706,0.0466487
340.773,0.0466487
340.839,0.0466487
340.906,0.0466487
340.972,0.0412252
341.039,0.0412252
341.106,0.0412252
341.172,0.0412252
341.239,0.0412252
341.305,0.0412252
341.372,0.0233792
341.439,0.0233792
341.505,0.0233792
341.572,0.0233792
341.638,0.0233792
341.705,0.0233792
341.772,0.00705373
341.838,0.00705373
341.905,0.00705373
341.972,0.00705373
342.038,0.00705373
342.105,0.00705373
342.171,0.00760236
342.238,0.00760236
342.305,0.00760236
342.371,0.00760236
342.438,0.00760236
342.504,0.00760236
342.571,0.00761411
342.638,0.00761411
342.704,0.00761411
342.771,0.00761411
342.837,0.00761411
342.904,0.00761411
342.971,0.00770816
343.037,0.00770816
343.104,0.00770816
343.17,0.00770816
343.237,0.00770816
343.304,0.00770816
343.37,0.007716
343.437,0.007716
343.504,0.007716
343.57,0.007716
343.637,0.007716
343.703,0.007716
343.77,0.00770033
343.837,0.00770033
343.903,0.00770033
343.97,0.00770033
344.036,0.00770033
344.103,0.00770033
344.17,0.00770816
344.236,0.00770816
344.303,0.00770816
344.369,0.00770816
344.436,0.00770816
344.503,0.00770816
344.569,0.00763763
344.636,0.00763763
344.703,0.00763763
344.769,0.00763763
344.836,0.00763763
344.902,0.00763763
344.969,0.00764154
345.036,0.00764154
345.102,0.00764154
345.169,0.00764154
345.235,0.00764154
345.302,0.00764154
345.369,0.00784532
345.435,0.00784532
345.502,0.00784532
345.568,0.00784532
345.635,0.00784532
345.702,0.00784532
345.768,0.00781789
345.835,0.00781789
345.901,0.00781789
345.968,0.00781789
346.035,0.00781789
346.101,0.00781789
346.168,0.00791194
346.235,0.00791194
346.301,0.00791194
346.368,0.00791194
346.434,0.00791194
346.501,0.00791194
346.568,0.00788059
346.634,0.00788059
346.701,0.00788059
346.767,0.00788059
346.834,0.00788059
346.901,0.00788059
346.967,0.00788059
347.034,0.00788059
347.1,0.00788059
347.167,0.00788059
347.234,0.00788059
347.3,0.00788059
347.367,0.00784532
347.433,0.00784532
347.5,0.00784532
347.567,0.00784532
347.633,0.00784532
347.7,0.00784532
347.767,0.00770033
347.833,0.00770033
347.9,0.00770033
347.966,0.00770033
348.033,0.00770033
348.1,0.00770033
348.166,0.00767681
348.233,0.00767681
348.299,0.00767681
348.366,0.00767681
348.433,0.00767681
348.499,0.00767681
348.566,0.00758668
348.632,0.00758668
348.699,0.00758668
348.766,0.00758668
348.832,0.00758668
348.899,0.00758668
348.965,0.00762587
349.032,0.00762587
349.099,0.00762587
349.165,0.00762587
349.232,0.00762587
349.299,0.00762587
349.365,0.00759452
349.432,0.00759452
349.498,0.00759452
349.565,0.00759452
349.632,0.00759452
349.698,0.00759452
349.765,0.00755141
349.831,0.00755141
349.898,0.00755141
349.965,0.00755141
350.031,0.00755141
350.098,0.00755141
350.164,0.013841
350.231,0.013841
350.298,0.013841
350.364,0.013841
350.431,0.013841
350.498,0.013841
350.564,0.0598823
350.631,0.0598823
350.697,0.0598823
350.764,0.0598823
350.831,0.0598823
350.897,0.0598823
350.964,0.0695498
351.03,0.0695498
351.097,0.0695498
351.164,0.0695498
351.23,0.0695498
351.297,0.0695498
351.363,0.0693891
351.43,0.0693891
351.497,0.0693891
351.563,0.0693891
351.63,0.0693891
351.696,0.0693891
351.763,0.0686328
351.83,0.0686328
351.896,0.0686328
351.963,0.0686328
352.03,0.0686328
352.096,0.0686328
352.163,0.0659563
352.229,0.0659563
352.296,0.0659563
352.363,0.0659563
352.429,0.0659563
352.496,0.0659563
352.562,0.109204
352.629,0.109204
352.696,0.109204
352.762,0.109204
352.829,0.109204
352.895,0.109204
352.962,0.123687
353.029,0.123687
353.095,0.123687
353.162,0.123687
353.228,0.123687
353.295,0.123687
353.362,0.12973
353.428,0.12973
353.495,0.12973
353.562,0.12973
353.628,0.12973
353.695,0.12973
353.761,0.130502
353.828,0.130502
353.895,0.130502
353.961,0.130502
354.028,0.130502
354.094,0.130502
354.161,0.128915
354.228,0.128915
354.294,0.128915
354.361,0.128915
354.427,0.128915
354.494,0.128915
354.561,0.125956
354.627,0.125956
354.694,0.125956
354.76,0.125956
354.827,0.125956
354.894,0.125956
354.96,0.131728
355.027,0.131728
355.094,0.131728
355.16,0.131728
355.227,0.131728
355.293,0.131728
355.36,0.157384
355.427,0.157384
355.493,0.157384
355.56,0.157384
355.626,0.157384
355.693,0.157384
355.76,0.157091
355.826,0.157091
355.893,0.157091
355.959,0.157091
356.026,0.157091
356.093,0.157091
356.159,0.158979
356.226,0.158979
356.293,0.158979
356.359,0.158979
356.426,0.158979
356.492,0.158979
356.559,0.181434
356.626,0.181434
356.692,0.181434
356.759,0.181434
356.825,0.181434
356.892,0.181434
356.959,0.219058
357.025,0.219058
357.092,0.219058
357.158,0.219058
357.225,0.219058
357.292,0.219058
357.358,0.218999
357.425,0.218999
357.491,0.218999
357.558,0.218999
357.625,0.218999
357.691,0.218999
357.758,0.215233
357.825,0.215233
357.891,0.215233
357.958,0.215233
358.024,0.215233
358.091,0.215233
358.158,0.21461
358.224,0.21461
358.291,0.21461
358.357,0.21461
358.424,0.21461
358.491,0.21461
358.557,0.211636
358.624,0.211636
358.69,0.211636
358.757,0.211636
358.824,0.211636
358.89,0.211636
358.957,0.234008
359.023,0.234008
359.09,0.234008
359.157,0.234008
359.223,0.234008
359.29,0.234008
359.357,0.25667
359.423,0.25667
359.49,0.25667
359.556,0.25667
359.623,0.25667
359.69,0.25667
359.756,0.258319
359.823,0.258319
359.889,0.258319
359.956,0.258319
360.023,0.258319
360.089,0.258319
360.156,0.257234
360.222,0.257234
360.289,0.257234
360.356,0.257234
360.422,0.257234
360.489,0.257234
360.555,0.261631
360.622,0.261631
360.689,0.261631
360.755,0.261631
360.822,0.261631
360.889,0.261631
360.955,0.277611
361.022,0.277611
361.088,0.277611
361.155,0.277611
361.222,0.277611
361.288,0.277611
361.355,0.293451
361.421,0.293451
361.488,0.293451
361.555,0.293451
361.621,0.293451
361.688,0.293451
361.754,0.296002
361.821,0.296002
361.888,0.296002
361.954,0.296002
362.021,0.296002
362.088,0.296002
362.154,0.297864
362.221,0.297864
362.287,0.297864
362.354,0.297864
362.421,0.297864
362.487,0.297864
362.554,0.307586
362.62,0.307586
362.687,0.307586
362.754,0.307586
362.82,0.307586
362.887,0.307586
362.953,0.314405
363.02,0.314405
363.087,0.314405
363.153,0.314405
363.22,0.314405
363.286,0.314405
363.353,0.315039
363.42,0.315039
363.486,0.315039
363.553,0.315039
363.62,0.315039
363.686,0.315039
363.753,0.315894
363.819,0.315894
363.886,0.315894
363.953,0.315894
364.019,0.315894
364.086,0.315894
364.152,0.310106
364.219,0.310106
364.286,0.310106
364.352,0.310106
364.419,0.310106
364.485,0.310106
364.552,0.305603
364.619,0.305603
364.685,0.305603
364.752,0.305603
364.818,0.305603
364.885,0.305603
364.952,0.303361
365.018,0.303361
365.085,0.303361
365.152,0.303361
365.218,0.303361
365.285,0.303361
365.351,0.310646
365.418,0.310646
365.485,0.310646
365.551,0.310646
365.618,0.310646
365.684,0.310646
365.751,0.326576
365.818,0.326576
365.884,0.326576
365.951,0.326576
366.017,0.326576
366.084,0.326576
366.151,0.346836
366.217,0.346836
366.284,0.346836
366.35,0.346836
366.417,0.346836
366.484,0.346836
366.55,0.363961
366.617,0.363961
366.684,0.363961
366.75,0.363961
366.817,0.363961
366.883,0.363961
366.95,0.380184
367.017,0.380184
367.083,0.380184
367.15,0.380184
367.216,0.380184
367.283,0.380184
367.35,0.389135
367.416,0.389135
367.483,0.389135
367.549,0.389135
367.616,0.389135
367.683,0.389135
367.749,0.406558
367.816,0.406558
367.883,0.406558
367.949,0.406558
368.016,0.406558
368.082,0.406558
368.149,0.436849
368.216,0.436849
368.282,0.436849
368.349,0.436849
368.415,0.436849
368.482,0.436849
368.549,0.494067
368.615,0.494067
368.682,0.494067
368.748,0.494067
368.815,0.494067
368.882,0.494067
368.948,0.524018
369.015,0.524018
369.081,0.524018
369.148,0.524018
369.215,0.524018
369.281,0.524018
369.348,0.536589
369.415,0.536589
369.481,0.536589
369.548,0.536589
369.614,0.536589
369.681,0.536589
369.748,0.542542
369.814,0.542542
369.881,0.542542
369.947,0.542542
370.014,0.542542
370.081,0.542542
370.147,0.556896
370.214,0.556896
370.28,0.556896
370.347,0.556896
370.414,0.556896
370.48,0.556896
370.547,0.577007
370.613,0.577007
370.68,0.577007
370.747,0.577007
370.813,0.577007
370.88,0.577007
370.947,0.595586
371.013,0.595586
371.08,0.595586
371.146,0.595586
371.213,0.595586
371.28,0.595586
371.346,0.609925
371.413,0.609925
371.479,0.609925
371.546,0.609925
371.613,0.609925
371.679,0.609925
371.746,0.628648
371.812,0.628648
371.879,0.628648
371.946,0.628648
372.012,0.628648
372.079,0.628648
372.145,0.641784
372.212,0.641784
372.279,0.641784
372.345,0.641784
372.412,0.641784
372.479,0.641784
372.545,0.652306
372.612,0.652306
372.678,0.652306
372.745,0.652306
372.812,0.652306
372.878,0.652306
372.945,0.656656
373.011,0.656656
373.078,0.656656
373.145,0.656656
373.211,0.656656
373.278,0.656656
373.344,0.65943
373.411,0.65943
373.478,0.65943
373.544,0.65943
373.611,0.65943
373.678,0.65943
373.744,0.667166
373.811,0.667166
373.877,0.667166
373.944,0.667166
374.011,0.667166
374.077,0.667166
374.144,0.664117
374.21,0.664117
374.277,0.664117
374.344,0.664117
374.41,0.664117
374.477,0.664117
374.543,0.661962
374.61,0.661962
374.677,0.661962
374.743,0.661962
374.81,0.661962
374.876,0.661962
374.943,0.659642
375.01,0.659642
375.076,0.659642
375.143,0.659642
375.21,0.659642
375.276,0.659642
375.343,0.654904
375.409,0.654904
375.476,0.654904
375.543,0.654904
375.609,0.654904
375.676,0.654904
375.742,0.658282
375.809,0.658282
375.876,0.658282
375.942,0.658282
376.009,0.658282
376.075,0.658282
376.142,0.681371
376.209,0.681371
376.275,0.681371
376.342,0.681371
376.408,0.681371
376.475,0.681371
376.542,0.680975
376.608,0.680975
376.675,0.680975
376.742,0.680975
376.808,0.680975
376.875,0.680975
376.941,0.682147
377.008,0.682147
377.075,0.682147
377.141,0.682147
377.208,0.682147
377.274,0.682147
377.341,0.681547
377.408,0.681547
377.474,0.681547
377.541,0.681547
377.607,0.681547
377.674,0.681547
377.741,0.690384
377.807,0.690384
377.874,0.690384
377.94,0.690384
378.007,0.690384
378.074,0.690384
378.14,0.69214
378.207,0.69214
378.274,0.69214
378.34,0.69214
378.407,0.69214
378.473,0.69214
378.54,0.695267
378.607,0.695267
378.673,0.695267
378.74,0.695267
378.806,0.695267
378.873,0.695267
378.94,0.696544
379.006,0.696544
379.073,0.696544
379.139,0.696544
379.206,0.696544
379.273,0.696544
379.339,0.69647
379.406,0.69647
379.473,0.69647
379.539,0.69647
379.606,0.69647
379.672,0.69647
379.739,0.706271
379.806,0.706271
379.872,0.706271
379.939,0.706271
380.005,0.706271
380.072,0.706271
380.139,0.7315
380.205,0.7315
380.272,0.7315
380.338,0.7315
380.405,0.7315
380.472,0.7315
380.538,0.767105
380.605,0.767105
380.671,0.767105
380.738,0.767105
380.805,0.767105
380.871,0.767105
380.938,0.782839
381.005,0.782839
381.071,0.782839
381.138,0.782839
381.204,0.782839
381.271,0.782839
381.338,0.798624
381.404,0.798624
381.471,0.798624
381.537,0.798624
381.604,0.798624
381.671,0.798624
381.737,0.800176
381.804,0.800176
381.87,0.800176
381.937,0.800176
382.004,0.800176
382.07,0.800176
382.137,0.801473
