0.0666092,0.0634901
0.133218,0.0635529
0.199828,0.0665703
0.266437,0.072605
0.333046,0.079834
0.399655,0.0841086
0.466264,0.0859945
0.532873,0.0899547
0.599483,0.092092
0.666092,0.0937893
0.732701,0.0956123
0.79931,0.0956751
0.865919,0.0937893
0.932529,0.0973095
0.999138,0.0959266
1.06575,0.0964923
1.13236,0.097561
1.19897,0.0974981
1.26557,0.0983782
1.33218,0.0954865
1.39879,0.0966809
1.4654,0.0976238
1.53201,0.0971838
1.59862,0.0970581
1.66523,0.100453
1.73184,0.106047
1.79845,0.105041
1.86506,0.107556
1.93167,0.108059
1.99828,0.10963
2.06488,0.106236
2.13149,0.105356
2.1981,0.107305
2.26471,0.107305
2.33132,0.106424
2.39793,0.107619
2.46454,0.104727
2.53115,0.10743
2.59776,0.104161
2.66437,0.106299
2.73098,0.106927
2.79759,0.10567
2.86419,0.10567
2.9308,0.106739
2.99741,0.109882
3.06402,0.107807
3.13063,0.107305
3.19724,0.109756
3.26385,0.108122
3.33046,0.110385
3.39707,0.10963
3.46368,0.107745
3.53029,0.110008
3.5969,0.108625
3.6635,0.110322
3.73011,0.11051
3.79672,0.110322
3.86333,0.111768
3.92994,0.113968
3.99655,0.113339
4.06316,0.112711
4.12977,0.113528
4.19638,0.114848
4.26299,0.117111
4.3296,0.118242
4.39621,0.11774
4.46282,0.118997
4.52942,0.118054
4.59603,0.119374
4.66264,0.116922
4.72925,0.117488
4.79586,0.117237
4.86247,0.118117
4.92908,0.118242
4.99569,0.118431
5.0623,0.117677
5.12891,0.116482
5.19552,0.115602
5.26213,0.117237
5.32873,0.116357
5.39534,0.117237
5.46195,0.118054
5.52856,0.119625
5.59517,0.122454
5.66178,0.129935
5.72839,0.13861
5.795,0.141375
5.86161,0.148102
5.92822,0.153193
5.99483,0.153571
6.06144,0.157468
6.12804,0.156776
6.19465,0.158034
6.26126,0.159542
6.32787,0.155519
6.39448,0.155834
6.46109,0.155582
6.5277,0.156525
6.59431,0.155456
6.66092,0.156965
6.72753,0.154953
6.79414,0.156839
6.86075,0.158662
6.92735,0.157279
6.99396,0.156839
7.06057,0.156085
7.12718,0.162937
7.19379,0.165766
7.2604,0.169789
7.32701,0.174063
7.39362,0.178401
7.46023,0.183555
7.52684,0.18783
7.59345,0.18739
7.66006,0.190533
7.72666,0.194996
7.79327,0.194996
7.85988,0.191287
7.92649,0.193613
7.9931,0.193739
8.05971,0.19311
8.12632,0.191853
8.19293,0.190093
8.25954,0.191539
8.32615,0.190219
8.39276,0.192482
8.45937,0.195059
8.52598,0.192859
8.59258,0.19311
8.65919,0.192733
8.7258,0.192419
8.79241,0.192985
8.85902,0.193048
8.92563,0.193865
8.99224,0.193425
9.05885,0.193173
9.12546,0.193048
9.19207,0.19443
9.25868,0.193362
9.32529,0.192167
9.39189,0.193299
9.4585,0.191916
9.52511,0.191413
9.59172,0.192419
9.65833,0.195373
9.72494,0.197259
9.79155,0.196253
9.85816,0.193173
9.92477,0.190219
9.99138,0.188836
10.058,0.18827
10.1246,0.187327
10.1912,0.187767
10.2578,0.186321
10.3244,0.186447
10.391,0.184561
10.4576,0.183933
10.5243,0.183681
10.5909,0.182738
10.6575,0.184121
10.7241,0.184938
10.7907,0.183304
10.8573,0.181858
10.9239,0.181292
10.9905,0.180727
11.0571,0.178904
11.1237,0.178904
11.1903,0.177835
11.257,0.176326
11.3236,0.175509
11.3902,0.175321
11.4568,0.175006
11.5234,0.175635
11.59,0.174566
11.6566,0.175069
11.7232,0.172555
11.7898,0.173372
11.8564,0.172178
11.923,0.172932
11.9897,0.173498
12.0563,0.171989
12.1229,0.172115
12.1895,0.172869
12.2561,0.171297
12.3227,0.17092
12.3893,0.171486
12.4559,0.17136
12.5225,0.170543
12.5891,0.170292
12.6557,0.170166
12.7224,0.170795
12.789,0.171297
12.8556,0.171109
12.9222,0.171423
12.9888,0.173309
13.0554,0.172869
13.122,0.173246
13.1886,0.172869
13.2552,0.173246
13.3218,0.17356
13.3884,0.173498
13.4551,0.172806
13.5217,0.173372
13.5883,0.174252
13.6549,0.174315
13.7215,0.174692
13.7881,0.174441
13.8547,0.174441
13.9213,0.174063
13.9879,0.174189
14.0545,0.174692
14.1211,0.175006
14.1878,0.174252
14.2544,0.173812
14.321,0.17356
14.3876,0.173372
14.4542,0.172366
14.5208,0.172115
14.5874,0.172618
14.654,0.17092
14.7206,0.170732
14.7872,0.170983
14.8538,0.171109
14.9205,0.171109
14.9871,0.170857
15.0537,0.17136
15.1203,0.170857
15.1869,0.170795
15.2535,0.17048
15.3201,0.170795
15.3867,0.170857
15.4533,0.17048
15.5199,0.171486
15.5865,0.171612
15.6532,0.171612
15.7198,0.171612
15.7864,0.170732
15.853,0.170795
15.9196,0.169474
15.9862,0.16872
16.0528,0.16784
16.1194,0.16828
16.186,0.16872
16.2526,0.168657
16.3192,0.166646
16.3859,0.167211
16.4525,0.167526
16.5191,0.1674
16.5857,0.167023
16.6523,0.166646
16.7189,0.166646
16.7855,0.166017
16.8521,0.166269
16.9187,0.166583
16.9853,0.166331
17.052,0.166583
17.1186,0.167023
17.1852,0.166771
17.2518,0.167651
17.3184,0.16696
17.385,0.167651
17.4516,0.16784
17.5182,0.167903
17.5848,0.16828
17.6514,0.167777
17.718,0.167966
17.7847,0.167777
17.8513,0.167023
17.9179,0.167777
17.9845,0.168532
18.0511,0.168154
18.1177,0.168029
18.1843,0.168029
18.2509,0.167651
18.3175,0.168406
18.3841,0.168406
18.4507,0.167337
18.5174,0.166709
18.584,0.165954
18.6506,0.165829
18.7172,0.165577
18.7838,0.165891
18.8504,0.16564
18.917,0.166017
18.9836,0.165703
19.0502,0.166331
19.1168,0.16696
19.1834,0.167337
19.2501,0.166646
19.3167,0.166709
19.3833,0.166583
19.4499,0.166457
19.5165,0.166394
19.5831,0.16652
19.6497,0.165703
19.7163,0.166331
19.7829,0.166206
19.8495,0.165514
19.9161,0.165703
19.9828,0.165074
20.0494,0.165326
20.116,0.165954
20.1826,0.165514
20.2492,0.165703
20.3158,0.165954
20.3824,0.165891
20.449,0.166457
20.5156,0.167463
20.5822,0.167274
20.6488,0.167211
20.7155,0.167966
20.7821,0.168406
20.8487,0.168783
20.9153,0.169412
20.9819,0.169726
21.0485,0.170355
21.1151,0.170292
21.1817,0.17004
21.2483,0.169349
21.3149,0.168217
21.3815,0.168532
21.4482,0.168846
21.5148,0.169349
21.5814,0.16916
21.648,0.169474
21.7146,0.169663
21.7812,0.1696
21.8478,0.169852
21.9144,0.17004
21.981,0.169977
22.0476,0.170229
22.1142,0.170355
22.1809,0.169977
22.2475,0.170103
22.3141,0.169915
22.3807,0.169977
22.4473,0.169663
22.5139,0.169977
22.5805,0.169977
22.6471,0.171109
22.7137,0.172869
22.7803,0.174503
22.8469,0.176704
22.9136,0.177521
22.9802,0.176955
23.0468,0.178149
23.1134,0.178149
23.18,0.179281
23.2466,0.177961
23.3132,0.178527
23.3798,0.178275
23.4464,0.176766
23.513,0.176766
23.5796,0.177332
23.6463,0.176955
23.7129,0.176578
23.7795,0.176704
23.8461,0.176578
23.9127,0.177269
23.9793,0.176578
24.0459,0.177144
24.1125,0.176955
24.1791,0.176829
24.2457,0.177898
24.3124,0.177395
24.379,0.177961
24.4456,0.178086
24.5122,0.177458
24.5788,0.176955
24.6454,0.178275
24.712,0.177961
24.7786,0.178589
24.8452,0.178464
24.9118,0.177709
24.9784,0.177081
25.0451,0.177898
25.1117,0.177961
25.1783,0.178024
25.2449,0.177332
25.3115,0.177144
25.3781,0.177395
25.4447,0.177269
25.5113,0.176578
25.5779,0.176326
25.6445,0.175761
25.7111,0.175258
25.7778,0.175886
25.8444,0.175635
25.911,0.175635
25.9776,0.175132
26.0442,0.175006
26.1108,0.175446
26.1774,0.177269
26.244,0.178024
26.3106,0.180475
26.3772,0.180412
26.4438,0.180035
26.5105,0.181607
26.5771,0.181355
26.6437,0.182235
26.7103,0.183304
26.7769,0.183493
26.8435,0.183304
26.9101,0.183933
26.9767,0.184184
27.0433,0.184813
27.1099,0.185881
27.1765,0.18607
27.2432,0.187139
27.3098,0.187893
27.3764,0.190156
27.443,0.192167
27.5096,0.195625
27.5762,0.196945
27.6428,0.200088
27.7094,0.201785
27.776,0.203357
27.8426,0.206437
27.9092,0.208511
27.9759,0.204991
28.0425,0.207066
28.1091,0.209454
28.1757,0.210712
28.2423,0.212472
28.3089,0.215049
28.3755,0.216621
28.4421,0.218444
28.5087,0.218758
28.5753,0.220141
28.6419,0.223472
28.7086,0.225233
28.7752,0.226616
28.8418,0.22869
28.9084,0.230324
28.975,0.233782
29.0416,0.235856
29.1082,0.238056
29.1748,0.237616
29.2414,0.239376
29.308,0.242079
29.3746,0.244217
29.4413,0.24648
29.5079,0.247108
29.5745,0.248177
29.6411,0.24736
29.7077,0.24956
29.7743,0.251572
29.8409,0.253395
29.9075,0.256035
29.9741,0.254715
30.0407,0.260372
30.1073,0.258738
30.174,0.260498
30.2406,0.261189
30.3072,0.263767
30.3738,0.263704
30.4404,0.26427
30.507,0.264144
30.5736,0.262635
30.6402,0.264081
30.7068,0.26559
30.7734,0.266281
30.8401,0.267224
30.9067,0.265904
30.9733,0.264332
31.0399,0.266595
31.1065,0.267413
31.1731,0.266847
31.2397,0.267098
31.3063,0.271624
31.3729,0.272127
31.4395,0.274956
31.5061,0.271813
31.5728,0.27175
31.6394,0.270367
31.706,0.271373
31.7726,0.270681
31.8392,0.272442
31.9058,0.27219
31.9724,0.271624
32.039,0.271247
32.1056,0.269298
32.1722,0.269676
32.2388,0.270053
32.3055,0.269236
32.3721,0.26823
32.4387,0.268921
32.5053,0.269173
32.5719,0.267413
32.6385,0.26647
32.7051,0.266721
32.7717,0.26647
32.8383,0.265967
32.9049,0.26515
32.9715,0.266973
33.0382,0.265087
33.1048,0.266973
33.1714,0.266218
33.238,0.270304
33.3046,0.27659
33.3712,0.279482
33.4378,0.285957
33.5044,0.291803
33.571,0.296015
33.6376,0.299095
33.7042,0.304312
33.7709,0.307393
33.8375,0.313239
33.9041,0.320342
33.9707,0.323422
34.0373,0.325497
34.1039,0.328137
34.1705,0.328703
34.2371,0.329205
34.3037,0.332286
34.3703,0.330526
34.4369,0.334297
34.5036,0.337692
34.5702,0.337566
34.6368,0.347435
34.7034,0.35171
34.77,0.352276
34.8366,0.353156
34.9032,0.35347
34.9698,0.354664
35.0364,0.356424
35.103,0.35743
35.1696,0.35831
35.2363,0.359379
35.3029,0.359505
35.3695,0.361076
35.4361,0.361579
35.5027,0.362836
35.5693,0.364282
35.6359,0.364282
35.7025,0.363968
35.7691,0.364471
35.8357,0.365414
35.9023,0.362522
35.969,0.363465
36.0356,0.362271
36.1022,0.365791
36.1688,0.366105
36.2354,0.362773
36.302,0.362711
36.3686,0.362208
36.4352,0.362396
36.5018,0.359882
36.5684,0.359379
36.635,0.358059
36.7017,0.356173
36.7683,0.355607
36.8349,0.35479
36.9015,0.354099
36.9681,0.353407
37.0347,0.351396
37.1013,0.352213
37.1679,0.350327
37.2345,0.348127
37.3011,0.346995
37.3678,0.347121
37.4344,0.349447
37.501,0.347875
37.5676,0.346429
37.6342,0.345298
37.7008,0.343349
37.7674,0.343161
37.834,0.345801
37.9006,0.346555
37.9672,0.348567
38.0338,0.352967
38.1005,0.355041
38.1671,0.35655
38.2337,0.360888
38.3003,0.363779
38.3669,0.366357
38.4335,0.369248
38.5001,0.372454
38.5667,0.373648
38.6333,0.377923
38.6999,0.38094
38.7665,0.382701
38.8332,0.386409
38.8998,0.389804
38.9664,0.391627
39.033,0.395587
39.0996,0.397913
39.1662,0.399736
39.2328,0.402942
39.2994,0.405519
39.366,0.406274
39.4326,0.409542
39.4992,0.415891
39.5659,0.417274
39.6325,0.426766
39.6991,0.43211
39.7657,0.434184
39.8323,0.439716
39.8989,0.444053
39.9655,0.446631
40.0321,0.452477
40.0987,0.454174
40.1653,0.45606
40.2319,0.459769
40.2986,0.462032
40.3652,0.465803
40.4318,0.474855
40.4984,0.484536
40.565,0.488119
40.6316,0.4934
40.6982,0.498994
40.7648,0.502137
40.8314,0.504275
40.898,0.506349
40.9646,0.506915
41.0313,0.509618
41.0979,0.51471
41.1645,0.51427
41.2311,0.51867
41.2977,0.528351
41.3643,0.529733
41.4309,0.530739
41.4975,0.532562
41.5641,0.533191
41.6307,0.532625
41.6973,0.534825
41.764,0.535454
41.8306,0.53514
41.8972,0.53822
41.9638,0.538345
42.0304,0.543312
42.097,0.543752
42.1636,0.544317
42.2302,0.547083
42.2968,0.547272
42.3634,0.546077
42.43,0.547209
42.4967,0.547649
42.5633,0.545889
42.6299,0.542934
42.6965,0.54306
42.7631,0.541489
42.8297,0.539728
42.8963,0.542683
42.9629,0.54614
43.0295,0.549346
43.0961,0.549221
43.1627,0.551609
43.2294,0.551484
43.296,0.552866
43.3626,0.552426
43.4292,0.553181
43.4958,0.552929
43.5624,0.552866
43.629,0.553747
43.6956,0.553369
43.7622,0.552489
43.8288,0.552678
43.8954,0.552678
43.9621,0.550981
44.0287,0.550729
44.0953,0.552238
44.1619,0.553244
44.2285,0.552175
44.2951,0.554061
44.3617,0.553369
44.4283,0.555004
44.4949,0.556764
44.5615,0.554878
44.6282,0.553621
44.6948,0.554375
44.7614,0.556072
44.828,0.558147
44.8946,0.558398
44.9612,0.558775
45.0278,0.558461
45.0944,0.559593
45.161,0.55953
45.2276,0.560661
45.2942,0.562673
45.3609,0.564307
45.4275,0.564307
45.4941,0.566947
45.5607,0.567136
45.6273,0.567199
45.6939,0.567325
45.7605,0.565816
45.8271,0.568959
45.8937,0.569462
45.9603,0.570468
46.0269,0.571473
46.0936,0.572479
46.1602,0.571725
46.2268,0.573862
46.2934,0.575685
46.36,0.575119
46.4266,0.575937
46.4932,0.576314
46.5598,0.578828
46.6264,0.576565
46.693,0.578011
46.7596,0.577445
46.8263,0.577257
46.8929,0.577634
46.9595,0.577068
47.0261,0.577948
47.0927,0.578011
47.1593,0.578263
47.2259,0.580023
47.2925,0.580903
47.3591,0.581154
47.4257,0.582286
47.4923,0.582851
47.559,0.581971
47.6256,0.582411
47.6922,0.582537
47.7588,0.583229
47.8254,0.583417
47.892,0.5826
47.9586,0.582663
48.0252,0.584046
48.0918,0.58524
48.1584,0.584674
48.225,0.584674
48.2917,0.58304
48.3583,0.582349
48.4249,0.58304
48.4915,0.583857
48.5581,0.583606
48.6247,0.583857
48.6913,0.581594
48.7579,0.581531
48.8245,0.580714
48.8911,0.58128
48.9577,0.58216
49.0244,0.580211
49.091,0.579583
49.1576,0.58084
49.2242,0.580023
49.2908,0.580274
49.3574,0.5804
49.424,0.580274
49.4906,0.580526
49.5572,0.581091
49.6238,0.586246
49.6904,0.585366
49.7571,0.585492
49.8237,0.585177
49.8903,0.584549
49.9569,0.585177
50.0235,0.585994
50.0901,0.586246
50.1567,0.586372
50.2233,0.586057
50.2899,0.585366
50.3565,0.585869
50.4231,0.58524
50.4898,0.585806
50.5564,0.58524
50.623,0.585303
50.6896,0.585554
50.7562,0.585932
50.8228,0.5848
50.8894,0.5848
50.956,0.585052
51.0226,0.58436
51.0892,0.584046
51.1559,0.584234
51.2225,0.584423
51.2891,0.587189
51.3557,0.587063
51.4223,0.586309
51.4889,0.587252
51.5555,0.586372
51.6221,0.587315
51.6887,0.587063
51.7553,0.587126
51.8219,0.585932
51.8886,0.58612
51.9552,0.586372
52.0218,0.585743
52.0884,0.587566
52.155,0.587503
52.2216,0.587503
52.2882,0.587755
52.3548,0.58832
52.4214,0.591778
52.488,0.593915
52.5546,0.594481
52.6213,0.598064
52.6879,0.60171
52.7545,0.602024
52.8211,0.604916
52.8877,0.605922
52.9543,0.607305
53.0209,0.610573
53.0875,0.611139
53.1541,0.611516
53.2207,0.613591
53.2873,0.612019
53.354,0.610699
53.4206,0.609442
53.4872,0.609756
53.5538,0.61051
53.6204,0.609756
53.687,0.609756
53.7536,0.610448
53.8202,0.61007
53.8868,0.609505
53.9534,0.609127
54.02,0.608687
54.0867,0.609002
54.1533,0.608562
54.2199,0.609065
54.2865,0.610322
54.3531,0.611579
54.4197,0.612271
54.4863,0.613905
54.5529,0.615225
54.6195,0.620505
54.6861,0.619625
54.7527,0.619688
54.8194,0.620883
54.886,0.622266
54.9526,0.623271
55.0192,0.62522
55.0858,0.626729
55.1524,0.62698
55.219,0.628489
55.2856,0.628175
55.3522,0.628489
55.4188,0.628866
55.4854,0.62874
55.5521,0.6283
55.6187,0.627923
55.6853,0.628552
55.7519,0.629055
55.8185,0.629683
55.8851,0.631003
55.9517,0.63094
56.0183,0.631569
56.0849,0.631318
56.1515,0.632135
56.2181,0.632198
56.2848,0.636912
56.3514,0.636535
56.418,0.637164
56.4846,0.636661
56.5512,0.636787
56.6178,0.635718
56.6844,0.635089
56.751,0.635466
56.8176,0.635278
56.8842,0.634712
56.9508,0.634524
57.0175,0.634398
57.0841,0.633078
57.1507,0.633706
57.2173,0.633329
57.2839,0.631946
57.3505,0.631506
57.4171,0.631443
57.4837,0.631632
57.5503,0.630563
57.6169,0.631255
57.6836,0.629997
57.7502,0.630123
57.8168,0.630186
57.8834,0.629495
57.95,0.63138
58.0166,0.631506
58.0832,0.631443
58.1498,0.630878
58.2164,0.63094
58.283,0.631003
58.3496,0.629997
58.4163,0.630878
58.4829,0.63006
58.5495,0.629935
58.6161,0.628489
58.6827,0.627609
58.7493,0.628363
58.8159,0.628175
58.8825,0.628237
58.9491,0.629243
59.0157,0.6283
59.0823,0.628615
59.149,0.627797
59.2156,0.628175
59.2822,0.628175
59.3488,0.628489
59.4154,0.628112
59.482,0.628803
59.5486,0.628677
59.6152,0.628803
59.6818,0.629117
59.7484,0.629495
59.815,0.629935
59.8817,0.629935
59.9483,0.630312
60.0149,0.631066
60.0815,0.631318
60.1481,0.631066
60.2147,0.631192
60.2813,0.633895
60.3479,0.633392
60.4145,0.633958
60.4811,0.634398
60.5477,0.632889
60.6144,0.631758
60.681,0.632386
60.7476,0.630689
60.8142,0.629683
60.8808,0.62962
60.9474,0.629306
61.014,0.628363
61.0806,0.627609
61.1472,0.626226
61.2138,0.624969
61.2804,0.624843
61.3471,0.625031
61.4137,0.62478
61.4803,0.625597
61.5469,0.624403
61.6135,0.625471
61.6801,0.62566
61.7467,0.625597
61.8133,0.625283
61.8799,0.626289
61.9465,0.62874
62.0131,0.629683
62.0798,0.629117
62.1464,0.629683
62.213,0.628992
62.2796,0.630249
62.3462,0.631129
62.4128,0.631758
62.4794,0.632009
62.546,0.633078
62.6126,0.634838
62.6792,0.634083
62.7458,0.634146
62.8125,0.634461
62.8791,0.634021
62.9457,0.633581
63.0123,0.633329
63.0789,0.633266
63.1455,0.633643
63.2121,0.634649
63.2787,0.634838
63.3453,0.635152
63.4119,0.634021
63.4785,0.633392
63.5452,0.633455
63.6118,0.634586
63.6784,0.634649
63.745,0.634901
63.8116,0.634398
63.8782,0.634524
63.9448,0.634335
64.0114,0.633455
64.078,0.633266
64.1446,0.632889
64.2112,0.632952
64.2779,0.632952
64.3445,0.633015
64.4111,0.632575
64.4777,0.631883
64.5443,0.632638
64.6109,0.632323
64.6775,0.633141
64.7441,0.633329
64.8107,0.634272
64.8773,0.635466
64.944,0.634712
65.0106,0.634649
65.0772,0.634901
65.1438,0.634146
65.2104,0.633895
65.277,0.63138
65.3436,0.630438
65.4102,0.631758
65.4768,0.631129
65.5434,0.630375
65.61,0.631506
65.6767,0.630878
65.7433,0.629997
65.8099,0.630249
65.8765,0.631192
65.9431,0.629432
66.0097,0.628803
66.0763,0.627986
66.1429,0.628552
66.2095,0.629432
66.2761,0.628803
66.3427,0.629243
66.4094,0.628363
66.476,0.628552
66.5426,0.628803
66.6092,0.629809
66.6758,0.629997
66.7424,0.629935
66.809,0.629935
66.8756,0.630123
66.9422,0.632575
67.0088,0.632009
67.0754,0.632826
67.1421,0.63226
67.2087,0.63182
67.2753,0.631506
67.3419,0.631255
67.4085,0.630878
67.4751,0.630752
67.5417,0.629432
67.6083,0.628866
67.6749,0.628677
67.7415,0.627357
67.8081,0.626792
67.8748,0.628175
67.9414,0.627106
68.008,0.626163
68.0746,0.62566
68.1412,0.624843
68.2078,0.625786
68.2744,0.625471
68.341,0.624277
68.4076,0.624277
68.4742,0.624466
68.5408,0.623711
68.6075,0.622831
68.6741,0.62214
68.7407,0.62214
68.8073,0.622454
68.8739,0.621825
68.9405,0.622391
69.0071,0.623397
69.0737,0.62302
69.1403,0.62258
69.2069,0.62258
69.2735,0.622831
69.3402,0.6217
69.4068,0.622454
69.4734,0.622203
69.54,0.62214
69.6066,0.622454
69.6732,0.622077
69.7398,0.622077
69.8064,0.62302
69.873,0.622203
69.9396,0.621637
70.0062,0.622391
70.0729,0.62258
70.1395,0.622328
70.2061,0.621637
70.2727,0.621071
70.3393,0.620254
70.4059,0.62082
70.4725,0.620694
70.5391,0.620631
70.6057,0.620443
70.6723,0.620757
70.7389,0.61994
70.8056,0.619437
70.8722,0.619185
70.9388,0.619625
71.0054,0.619562
71.072,0.619437
71.1386,0.618494
71.2052,0.618431
71.2718,0.618997
71.3384,0.618557
71.405,0.618997
71.4717,0.618997
71.5383,0.618494
71.6049,0.618431
71.6715,0.618368
71.7381,0.618431
71.8047,0.618431
71.8713,0.618305
71.9379,0.61862
72.0045,0.618431
72.0711,0.618682
72.1377,0.619248
72.2044,0.619625
72.271,0.619688
72.3376,0.627169
72.4042,0.627546
72.4708,0.627357
72.5374,0.627923
72.604,0.627357
72.6706,0.627169
72.7372,0.627923
72.8038,0.627106
72.8704,0.626414
72.9371,0.626666
73.0037,0.626352
73.0703,0.625974
73.1369,0.626414
73.2035,0.625911
73.2701,0.625534
73.3367,0.62522
73.4033,0.625283
73.4699,0.62522
73.5365,0.624906
73.6031,0.624151
73.6698,0.622266
73.7364,0.62302
73.803,0.622957
73.8696,0.622328
73.9362,0.62126
74.0028,0.625283
74.0694,0.623523
74.136,0.623271
74.2026,0.622517
74.2692,0.623208
74.3358,0.622831
74.4025,0.622957
74.4691,0.622894
74.5357,0.62214
74.6023,0.62302
74.6689,0.623523
74.7355,0.62302
74.8021,0.622831
74.8687,0.621951
74.9353,0.621385
75.0019,0.622957
75.0685,0.622077
75.1352,0.621763
75.2018,0.622077
75.2684,0.623334
75.335,0.624151
75.4016,0.622706
75.4682,0.623208
75.5348,0.624089
75.6014,0.623146
75.668,0.624466
75.7346,0.625157
75.8012,0.624529
75.8679,0.624151
75.9345,0.623837
76.0011,0.623774
76.0677,0.623334
76.1343,0.623083
76.2009,0.623397
76.2675,0.62214
76.3341,0.622706
76.4007,0.622328
76.4673,0.621574
76.5339,0.622077
76.6006,0.621323
76.6672,0.620443
76.7338,0.621385
76.8004,0.619688
76.867,0.619437
76.9336,0.619814
77.0002,0.619625
77.0668,0.619751
77.1334,0.619751
77.2,0.620945
77.2666,0.621385
77.3333,0.621385
77.3999,0.620128
77.4665,0.620003
77.5331,0.62126
77.5997,0.620505
77.6663,0.6195
77.7329,0.618871
77.7995,0.618368
77.8661,0.617865
77.9327,0.618745
77.9994,0.619185
78.066,0.619877
78.1326,0.617237
78.1992,0.618431
78.2658,0.617991
78.3324,0.618871
78.399,0.617991
78.4656,0.61862
78.5322,0.618305
78.5988,0.617488
78.6654,0.617237
78.7321,0.61862
78.7987,0.618117
78.8653,0.619374
78.9319,0.619374
78.9985,0.627483
79.0651,0.626163
79.1317,0.625786
79.1983,0.625911
79.2649,0.625849
79.3315,0.625723
79.3981,0.6261
79.4648,0.626163
79.5314,0.626854
79.598,0.627923
79.6646,0.628992
79.7312,0.62918
79.7978,0.63138
79.8644,0.631318
79.931,0.631946
79.9976,0.631758
80.0642,0.631758
80.1308,0.631443
80.1975,0.631318
80.2641,0.631506
80.3307,0.63006
80.3973,0.630752
80.4639,0.630878
80.5305,0.632323
80.5971,0.632009
80.6637,0.634335
80.7303,0.634083
80.7969,0.633643
80.8635,0.633518
80.9302,0.632763
80.9968,0.632952
81.0634,0.632198
81.13,0.631883
81.1966,0.631255
81.2632,0.631632
81.3298,0.630375
81.3964,0.630752
81.463,0.630815
81.5296,0.630438
81.5962,0.631506
81.6629,0.631443
81.7295,0.632198
81.7961,0.631255
81.8627,0.630563
81.9293,0.631255
81.9959,0.632889
82.0625,0.632449
82.1291,0.633455
82.1957,0.633958
82.2623,0.633141
82.3289,0.636158
82.3956,0.634146
82.4622,0.634524
82.5288,0.635089
82.5954,0.635466
82.662,0.636346
82.7286,0.637541
82.7952,0.638421
82.8618,0.639615
82.9284,0.640558
82.995,0.640118
83.0616,0.640118
83.1283,0.638484
83.1949,0.638861
83.2615,0.63861
83.3281,0.639175
83.3947,0.637981
83.4613,0.637604
83.5279,0.638295
83.5945,0.637604
83.6611,0.637227
83.7277,0.636661
83.7943,0.636598
83.861,0.636849
83.9276,0.636158
83.9942,0.633832
84.0608,0.634712
84.1274,0.634649
84.194,0.634461
84.2606,0.633832
84.3272,0.633078
84.3938,0.631946
84.4604,0.631066
84.527,0.632386
84.5937,0.632135
84.6603,0.631569
84.7269,0.631003
84.7935,0.630689
84.8601,0.63182
84.9267,0.63182
84.9933,0.633392
85.0599,0.634146
85.1265,0.634586
85.1931,0.634335
85.2598,0.634021
85.3264,0.631883
85.393,0.63182
85.4596,0.632512
85.5262,0.632889
85.5928,0.632638
85.6594,0.635152
85.726,0.634272
85.7926,0.635404
85.8592,0.635466
85.9258,0.635655
85.9925,0.634335
86.0591,0.633078
86.1257,0.633643
86.1923,0.632072
86.2589,0.632072
86.3255,0.630878
86.3921,0.631443
86.4587,0.630249
86.5253,0.62962
86.5919,0.63006
86.6585,0.630563
86.7252,0.629997
86.7918,0.62918
86.8584,0.628803
86.925,0.628803
86.9916,0.629117
87.0582,0.629432
87.1248,0.6283
87.1914,0.628049
87.258,0.628929
87.3246,0.63094
87.3912,0.629557
87.4579,0.628489
87.5245,0.629432
87.5911,0.627734
87.6577,0.626917
87.7243,0.627294
87.7909,0.627734
87.8575,0.62742
87.9241,0.627483
87.9907,0.627169
88.0573,0.626603
88.1239,0.627169
88.1906,0.626226
88.2572,0.6261
88.3238,0.625723
88.3904,0.626037
88.457,0.625534
88.5236,0.626289
88.5902,0.625346
88.6568,0.625283
88.7234,0.624717
88.79,0.62654
88.8566,0.626477
88.9233,0.625723
88.9899,0.62786
89.0565,0.627986
89.1231,0.626792
89.1897,0.626729
89.2563,0.625911
89.3229,0.626163
89.3895,0.624843
89.4561,0.625974
89.5227,0.626414
89.5893,0.625723
89.656,0.625094
89.7226,0.625911
89.7892,0.625283
89.8558,0.625094
89.9224,0.62522
89.989,0.625409
90.0556,0.625849
90.1222,0.62566
90.1888,0.625723
90.2554,0.625786
90.322,0.626792
90.3887,0.627357
90.4553,0.62698
90.5219,0.625974
90.5885,0.62786
90.6551,0.63006
90.7217,0.629557
90.7883,0.630563
90.8549,0.631129
90.9215,0.631066
90.9881,0.630689
91.0547,0.631569
91.1214,0.632638
91.188,0.633141
91.2546,0.632638
91.3212,0.633015
91.3878,0.634586
91.4544,0.634712
91.521,0.634398
91.5876,0.635278
91.6542,0.635152
91.7208,0.635718
91.7875,0.635781
91.8541,0.634964
91.9207,0.634524
91.9873,0.634901
92.0539,0.635089
92.1205,0.634964
92.1871,0.634901
92.2537,0.634838
92.3203,0.638735
92.3869,0.638107
92.4535,0.637604
92.5202,0.638358
92.5868,0.639301
92.6534,0.638987
92.72,0.63905
92.7866,0.637227
92.8532,0.636724
92.9198,0.635592
92.9864,0.635592
93.053,0.633832
93.1196,0.63182
93.1862,0.63226
93.2529,0.632763
93.3195,0.631883
93.3861,0.631569
93.4527,0.63094
93.5193,0.63094
93.5859,0.630438
93.6525,0.630563
93.7191,0.629557
93.7857,0.629369
93.8523,0.6305
93.9189,0.631129
93.9856,0.630626
94.0522,0.629746
94.1188,0.629055
94.1854,0.627546
94.252,0.628175
94.3186,0.628615
94.3852,0.62874
94.4518,0.628426
94.5184,0.62962
94.585,0.630123
94.6516,0.630438
94.7183,0.632449
94.7849,0.63138
94.8515,0.63138
94.9181,0.634398
94.9847,0.635089
95.0513,0.635466
95.1179,0.637792
95.1845,0.639992
95.2511,0.641187
95.3177,0.642758
95.3843,0.645273
95.451,0.64609
95.5176,0.64873
95.5842,0.651182
95.6508,0.655708
95.7174,0.652942
95.784,0.654639
95.8506,0.654388
95.9172,0.654828
95.9838,0.656588
96.0504,0.655519
96.117,0.658851
96.1837,0.658914
96.2503,0.656651
96.3169,0.663377
96.3835,0.6652
96.4501,0.668657
96.5167,0.66608
96.5833,0.668154
96.6499,0.669349
96.7165,0.66828
96.7831,0.671926
96.8497,0.673309
96.9164,0.673498
96.983,0.682487
97.0496,0.677584
97.1162,0.68343
97.1828,0.684498
97.2494,0.683178
97.316,0.689087
97.3826,0.685441
97.4492,0.68739
97.5158,0.692545
97.5824,0.691727
97.6491,0.693865
97.7157,0.693676
97.7823,0.697008
97.8489,0.693173
97.9155,0.700025
97.9821,0.700842
98.0487,0.704803
98.1153,0.701722
98.1819,0.706123
98.2485,0.711403
98.3152,0.708197
98.3818,0.714483
98.4484,0.712283
98.515,0.714735
98.5816,0.717563
98.6482,0.710649
98.7148,0.717061
98.7814,0.718004
98.848,0.716495
98.9146,0.720204
98.9812,0.716118
99.0479,0.719198
99.1145,0.718569
99.1811,0.720895
99.2477,0.715803
99.3143,0.725987
99.3809,0.724353
99.4475,0.726238
99.5141,0.726427
99.5807,0.724038
99.6473,0.724981
99.7139,0.722592
99.7806,0.731644
99.8472,0.72781
99.9138,0.729884
99.9804,0.728941
100.047,0.732273
100.114,0.735102
100.18,0.725987
100.247,0.723787
100.313,0.724541
100.38,0.727496
100.447,0.725044
100.513,0.732462
100.58,0.73485
100.646,0.733656
100.713,0.735605
100.78,0.740194
100.846,0.741765
100.913,0.742142
100.98,0.718444
101.046,0.71354
101.113,0.711089
101.179,0.712409
101.246,0.704425
101.313,0.700654
101.379,0.654388
101.446,0.656211
101.512,0.652125
101.579,0.642193
101.646,0.643324
101.712,0.637227
101.779,0.636032
101.845,0.629432
101.912,0.631066
101.979,0.636158
102.045,0.631695
102.112,0.633203
102.178,0.635404
102.245,0.633518
102.312,0.626729
102.378,0.6283
102.445,0.6217
102.512,0.628237
102.578,0.626477
102.645,0.627734
102.711,0.626037
102.778,0.632135
102.845,0.634838
102.911,0.637855
102.978,0.639992
103.044,0.638735
103.111,0.64301
103.178,0.636346
103.244,0.593664
103.311,0.585177
103.377,0.59052
103.444,0.589263
103.511,0.579771
103.577,0.582474
103.644,0.5804
103.71,0.576377
103.777,0.571473
103.844,0.576377
103.91,0.570028
103.977,0.557833
104.044,0.56085
104.11,0.551861
104.177,0.553432
104.243,0.548969
104.31,0.550478
104.377,0.550666
104.443,0.554689
104.51,0.554312
104.576,0.555947
104.643,0.551735
104.71,0.551861
104.776,0.558147
104.843,0.549032
104.909,0.555507
104.976,0.554941
105.043,0.554061
105.109,0.557455
105.176,0.566885
105.243,0.566256
105.309,0.570656
105.376,0.573925
105.442,0.575057
105.509,0.573799
105.576,0.576062
105.642,0.575434
105.709,0.575937
105.775,0.575497
105.842,0.573548
105.909,0.572354
105.975,0.569085
106.042,0.572416
106.108,0.570656
106.175,0.570216
106.242,0.570279
106.308,0.56833
106.375,0.572919
106.441,0.568205
106.508,0.572228
106.575,0.575119
106.641,0.580023
106.708,0.58128
106.775,0.577571
106.841,0.577382
106.908,0.574617
106.974,0.578451
107.041,0.57776
107.108,0.584171
107.174,0.577634
107.241,0.577697
107.307,0.572291
107.374,0.567262
107.441,0.570719
107.507,0.565879
107.574,0.552049
107.64,0.554501
107.707,0.539917
107.774,0.539603
107.84,0.539351
107.907,0.525145
107.973,0.522442
108.04,0.519487
108.107,0.520619
108.173,0.518921
108.24,0.529482
108.307,0.525396
108.373,0.526779
108.44,0.518356
108.506,0.524013
108.573,0.524453
108.64,0.531682
108.706,0.533568
108.773,0.543752
108.839,0.54394
108.906,0.53778
108.973,0.527345
109.039,0.530991
109.106,0.530865
109.172,0.538408
109.239,0.534071
109.306,0.526716
109.372,0.525899
109.439,0.525019
109.505,0.525773
109.572,0.516093
109.639,0.518607
109.705,0.519236
109.772,0.514961
109.839,0.517287
109.905,0.520807
109.972,0.521373
110.038,0.521813
110.105,0.520744
110.172,0.521813
110.238,0.529985
110.305,0.530739
110.371,0.531368
110.438,0.526653
110.505,0.538534
110.571,0.535642
110.638,0.526025
110.704,0.532059
110.771,0.531871
110.838,0.531934
110.904,0.52791
110.971,0.527533
111.038,0.527219
111.104,0.52175
111.171,0.524893
111.237,0.522756
111.304,0.517098
111.371,0.512384
111.437,0.513075
111.504,0.508738
111.57,0.49912
111.637,0.501069
111.704,0.495788
111.77,0.487176
111.837,0.487302
111.903,0.486422
111.97,0.483907
112.037,0.484222
112.103,0.478879
112.17,0.482587
112.236,0.480199
112.303,0.470769
112.37,0.468946
112.436,0.471901
112.503,0.474478
112.57,0.475233
112.636,0.476678
112.703,0.479319
112.769,0.48441
112.836,0.494217
112.903,0.502263
112.969,0.508172
113.036,0.51779
113.102,0.528539
113.169,0.527659
113.236,0.531242
113.302,0.539728
113.369,0.540986
113.435,0.539477
113.502,0.545763
113.569,0.549912
113.635,0.548969
113.702,0.546329
113.768,0.545449
113.835,0.543689
113.902,0.538848
113.968,0.537654
114.035,0.531619
114.102,0.537403
114.168,0.531934
114.235,0.530991
114.301,0.526779
114.368,0.517664
114.435,0.520744
114.501,0.51647
114.568,0.514898
114.634,0.520807
114.701,0.509366
114.768,0.505343
114.834,0.511001
114.901,0.505783
114.967,0.51471
115.034,0.523133
115.101,0.51911
115.167,0.513892
115.234,0.518418
115.3,0.494405
115.367,0.472655
115.434,0.472341
115.5,0.449019
115.567,0.444242
115.634,0.428527
115.7,0.424818
115.767,0.410988
115.833,0.405896
115.9,0.401999
115.967,0.382009
116.033,0.377986
116.1,0.370505
116.166,0.357556
116.233,0.351333
116.3,0.347875
116.366,0.338572
116.433,0.332789
116.499,0.324931
116.566,0.323674
116.633,0.31745
116.699,0.322731
116.766,0.317513
116.833,0.310033
116.899,0.313553
116.966,0.31613
117.032,0.314622
117.099,0.313427
117.166,0.314496
117.232,0.316256
117.299,0.312987
117.365,0.309404
117.432,0.307141
117.499,0.303118
117.565,0.302049
117.632,0.302364
117.698,0.312233
117.765,0.312296
117.832,0.31481
117.898,0.312044
117.965,0.310598
118.031,0.314119
118.098,0.31877
118.165,0.318708
118.231,0.316947
118.298,0.320279
118.365,0.311038
118.431,0.310347
118.498,0.307958
118.564,0.304689
118.631,0.305318
118.698,0.303307
118.764,0.299095
118.831,0.294066
118.897,0.288345
118.964,0.282688
119.031,0.279042
119.097,0.274327
119.164,0.269927
119.23,0.267475
119.297,0.264898
119.364,0.258926
119.43,0.256789
119.497,0.248051
119.563,0.245725
119.63,0.240005
119.697,0.232022
119.763,0.231016
119.83,0.231079
119.897,0.225044
119.963,0.226238
120.03,0.228941
120.096,0.226553
120.163,0.22561
120.23,0.226238
120.296,0.22253
120.363,0.226741
120.429,0.228187
120.496,0.228941
120.563,0.227118
120.629,0.232022
120.696,0.226993
120.762,0.223347
120.829,0.220832
120.896,0.221649
120.962,0.216306
121.029,0.216683
121.095,0.213477
121.162,0.221021
121.229,0.217689
121.295,0.228061
121.362,0.229381
121.429,0.234725
121.495,0.236296
121.562,0.234599
121.628,0.243525
121.695,0.241514
121.762,0.242457
121.828,0.248554
121.895,0.245348
121.961,0.241891
122.028,0.236736
122.095,0.23529
122.161,0.231142
122.228,0.224981
122.294,0.222781
122.361,0.220015
122.428,0.209832
122.494,0.212283
122.561,0.206626
122.628,0.203608
122.694,0.201031
122.761,0.197511
122.827,0.195373
122.894,0.192922
122.961,0.186573
123.027,0.186133
123.094,0.177772
123.16,0.177898
123.227,0.174001
123.294,0.1696
123.36,0.16168
123.427,0.159102
123.493,0.154765
123.56,0.157342
123.627,0.154199
123.693,0.153885
123.76,0.157657
123.826,0.156525
123.893,0.160988
123.96,0.157845
124.026,0.162057
124.093,0.158097
124.16,0.152502
124.226,0.151119
124.293,0.148479
124.359,0.152879
124.426,0.156588
124.493,0.166143
124.559,0.165766
124.626,0.165451
124.692,0.174252
124.759,0.170229
124.826,0.171297
124.892,0.16828
124.959,0.169789
125.025,0.171297
125.092,0.171675
125.159,0.16608
125.225,0.168092
125.292,0.166709
125.358,0.170983
125.425,0.172303
125.492,0.173875
125.558,0.178212
125.625,0.178589
125.692,0.18387
125.758,0.192922
125.825,0.194179
125.891,0.201345
125.958,0.210272
126.025,0.20782
126.091,0.210774
126.158,0.219072
126.224,0.218758
126.291,0.223472
126.358,0.232084
126.424,0.235416
126.491,0.2434
126.557,0.256412
126.624,0.258675
126.691,0.26647
126.757,0.279356
126.824,0.279356
126.89,0.281682
126.957,0.29306
127.024,0.288283
127.09,0.289351
127.157,0.286208
127.224,0.288283
127.29,0.280928
127.357,0.279231
127.423,0.277785
127.49,0.27307
127.557,0.271059
127.623,0.265778
127.69,0.260498
127.756,0.259178
127.823,0.257103
127.89,0.247548
127.956,0.249874
128.023,0.246794
128.089,0.245223
128.156,0.236359
128.223,0.227433
128.289,0.229444
128.356,0.222467
128.422,0.219261
128.489,0.214546
128.556,0.208323
128.622,0.204363
128.689,0.203357
128.756,0.188773
128.822,0.18651
128.889,0.182172
128.955,0.166709
129.022,0.167526
129.089,0.166771
129.155,0.161554
129.222,0.155959
129.288,0.153822
129.355,0.151496
129.422,0.149359
129.488,0.144141
129.555,0.142633
129.621,0.140684
129.688,0.134021
129.755,0.130123
129.821,0.124214
129.888,0.116545
129.955,0.107933
130.021,0.102653
130.088,0.0947322
130.154,0.0868745
130.221,0.0850515
130.288,0.0758109
130.354,0.0675761
130.421,0.068519
130.487,0.0619814
130.554,0.0615414
130.621,0.057644
130.687,0.0534322
130.754,0.0506663
130.82,0.0468318
130.887,0.0437516
130.954,0.0409228
131.02,0.0379055
131.087,0.0359568
131.153,0.0318708
131.22,0.0307393
131.287,0.0275333
131.353,0.0218129
131.42,0.0219386
131.487,0.0169726
131.553,0.0143324
131.62,0.0119437
131.686,0.00785768
131.753,0.00553181
131.82,0.00320593
131.886,0.00132009
131.953,6.28615e-05
132.019,0
132.086,0.000754337
132.153,0.00295449
132.219,0.00314307
132.286,0.00289163
132.352,0.00257732
132.419,0.00257732
132.486,0.00339452
132.552,0.00314307
132.619,0.00314307
132.685,0.00339452
132.752,0.00389741
132.819,0.00408599
132.885,0.00458889
132.952,0.00490319
133.019,0.0044003
133.085,0.00377169
133.152,0.00597184
133.218,0.00622328
133.285,0.00672618
133.352,0.00917777
133.418,0.0123837
133.485,0.0200528
133.551,0.0266533
133.618,0.0311164
133.685,0.0413628
133.751,0.0524893
133.818,0.0599698
133.884,0.0717878
133.951,0.0829771
134.018,0.0881946
134.084,0.0990697
134.151,0.107493
134.217,0.116294
134.284,0.126414
134.351,0.136158
134.417,0.143387
134.484,0.153382
134.551,0.165326
134.617,0.168469
134.684,0.175823
134.75,0.18475
134.817,0.193865
134.884,0.205306
134.95,0.21222
135.017,0.217941
135.083,0.223284
135.15,0.230764
135.217,0.233719
135.283,0.236673
135.35,0.243211
135.416,0.246228
135.483,0.240445
135.55,0.234725
135.616,0.23221
135.683,0.226301
135.75,0.213477
135.816,0.212346
135.883,0.20474
135.949,0.199711
136.016,0.189464
136.083,0.188081
136.149,0.179092
136.216,0.178652
136.282,0.162057
136.349,0.153633
136.416,0.147096
136.482,0.139615
136.549,0.135969
136.615,0.130752
136.682,0.117362
136.749,0.11007
136.815,0.109127
136.882,0.103973
136.948,0.100075
137.015,0.0983782
137.082,0.0947322
137.148,0.074868
137.215,0.0732965
137.282,0.073045
137.348,0.0617928
137.415,0.0617928
137.481,0.0545637
137.548,0.0529922
137.615,0.049472
137.681,0.050352
137.748,0.0402942
137.814,0.0483405
137.881,0.0407971
137.948,0.0415514
138.014,0.0434373
138.081,0.0415514
138.147,0.0380312
138.214,0.038094
138.281,0.0320593
138.347,0.0298592
138.414,0.0302364
138.48,0.0278476
138.547,0.0244531
138.614,0.0228187
138.68,0.0183555
138.747,0.0143324
138.814,0.0130752
138.88,0.0123208
138.947,0.0125094
139.013,0.0118808
139.08,0.0126352
139.147,0.0132638
139.213,0.0135152
139.28,0.0125723
139.346,0.0125723
139.413,0.0121951
139.48,0.0119437
139.546,0.0136409
139.613,0.0138924
139.679,0.0142067
139.746,0.014521
139.813,0.0142695
139.879,0.0142067
139.946,0.014081
140.012,0.0142067
140.079,0.0173498
140.146,0.0192985
140.212,0.0202414
140.279,0.0228187
140.346,0.0263389
140.412,0.0271561
140.479,0.033568
140.545,0.0405456
140.612,0.0428086
140.679,0.0495977
140.745,0.0555067
140.812,0.0585869
140.878,0.0636787
140.945,0.0710334
141.012,0.0739251
141.078,0.0799598
141.145,0.0881946
141.211,0.0937264
141.278,0.103533
141.345,0.112773
141.411,0.119814
141.478,0.131569
141.545,0.138044
141.611,0.144644
141.678,0.158097
141.744,0.171926
141.811,0.176075
141.878,0.184373
141.944,0.192167
142.011,0.195688
142.077,0.199397
142.144,0.202288
142.211,0.20562
142.277,0.204865
142.344,0.210334
142.41,0.210334
142.477,0.213477
142.544,0.2153
142.61,0.212723
142.677,0.213289
142.743,0.212032
142.81,0.209894
142.877,0.209769
142.943,0.208386
143.01,0.20562
143.077,0.206248
143.143,0.203985
143.21,0.201094
143.276,0.198391
143.343,0.19355
143.41,0.191853
143.476,0.201094
143.543,0.207317
143.609,0.216935
143.676,0.220707
143.743,0.22693
143.809,0.22341
143.876,0.223284
143.942,0.226993
144.009,0.226301
144.076,0.223221
144.142,0.224667
144.209,0.223535
144.275,0.214986
144.342,0.214483
144.409,0.214798
144.475,0.210649
144.542,0.20738
144.609,0.204865
144.675,0.194682
144.742,0.192545
144.808,0.18827
144.875,0.18299
144.942,0.173435
145.008,0.168909
145.075,0.158851
145.141,0.150616
145.208,0.142381
145.275,0.131569
145.341,0.125597
145.408,0.12214
145.474,0.115728
145.541,0.107619
145.608,0.106927
145.674,0.100453
145.741,0.0903948
145.807,0.0863716
145.874,0.0796455
145.941,0.0721021
146.007,0.0679532
146.074,0.0613528
146.141,0.0575182
146.207,0.0520493
146.274,0.0469575
146.34,0.0419915
146.407,0.0391627
146.474,0.0357053
146.54,0.0313679
146.607,0.0323736
146.673,0.0277219
146.74,0.0233845
146.807,0.0211214
146.873,0.0211214
146.94,0.0206186
147.006,0.0216872
147.073,0.0205557
147.14,0.0200528
147.206,0.0203671
147.273,0.0204928
147.34,0.0181041
147.406,0.0169097
147.473,0.0158411
147.539,0.0143324
147.606,0.0138924
147.673,0.0137667
147.739,0.0132638
147.806,0.0128237
147.872,0.0130123
147.939,0.0133895
148.006,0.0129495
148.072,0.0138295
148.139,0.0143953
148.205,0.0150239
148.272,0.0138924
148.339,0.014521
148.405,0.0151496
148.472,0.0154639
148.538,0.0143324
148.605,0.014521
148.672,0.0143324
148.738,0.0144581
148.805,0.0147096
148.872,0.0151496
148.938,0.0147096
149.005,0.0148353
149.071,0.0154639
149.138,0.0159668
149.205,0.0154011
149.271,0.0164697
149.338,0.0162183
149.404,0.0164697
149.471,0.016344
149.538,0.0166583
149.604,0.0169726
149.671,0.017224
149.737,0.0174755
149.804,0.0161554
149.871,0.0178527
149.937,0.0185441
150.004,0.0182298
150.07,0.0182927
150.137,0.0198014
150.204,0.0196128
150.27,0.0212472
150.337,0.02131
150.404,0.0209329
150.47,0.0219386
150.537,0.0218129
150.603,0.0206186
150.67,0.0211214
150.737,0.02131
150.803,0.0198014
150.87,0.0192985
150.936,0.0196756
151.003,0.0206186
151.07,0.02087
151.136,0.0242017
151.203,0.027219
151.269,0.0315564
151.336,0.0355167
151.403,0.0375911
151.469,0.0463289
151.536,0.0500377
151.602,0.0523007
151.669,0.0537465
151.736,0.0566382
151.802,0.0584612
151.869,0.0609756
151.936,0.0639301
152.002,0.064433
152.069,0.0696505
152.135,0.073045
152.202,0.0714735
152.269,0.0739879
152.335,0.0763767
152.402,0.0775082
152.468,0.0792054
152.535,0.0810284
152.602,0.0825999
152.668,0.0821599
152.735,0.0821599
152.801,0.0819713
152.868,0.0820971
152.935,0.0814684
153.001,0.0833543
153.068,0.0793312
153.135,0.0850515
153.201,0.0866859
153.268,0.0900805
153.334,0.090269
153.401,0.089829
153.468,0.0893261
153.534,0.0879432
153.601,0.0884461
153.667,0.0882575
153.734,0.0867488
153.801,0.0849258
153.867,0.0878175
153.934,0.0891375
154,0.0884461
154.067,0.0845487
154.134,0.0797083
154.2,0.0791426
154.267,0.074428
154.333,0.068959
154.4,0.0646216
154.467,0.06261
154.533,0.0635529
154.6,0.0570782
154.667,0.0584612
154.733,0.051735
154.8,0.0560724
154.866,0.0491577
154.933,0.0524893
155,0.0492834
155.066,0.049472
155.133,0.0507292
155.199,0.0478376
155.266,0.0465175
155.333,0.044443
155.399,0.0428715
155.466,0.0424315
155.532,0.039917
155.599,0.0365854
155.666,0.035831
155.732,0.0336937
155.799,0.0337566
155.865,0.0338195
155.932,0.0312421
155.999,0.0309907
156.065,0.0287905
156.132,0.0289791
156.199,0.0275962
156.265,0.0267161
156.332,0.0265904
156.398,0.0265275
156.465,0.025396
156.532,0.0261504
156.598,0.0262761
156.665,0.0264018
156.731,0.0254589
156.798,0.0252074
156.865,0.024956
156.931,0.0248303
156.998,0.0225673
157.064,0.0219386
157.131,0.0221901
157.198,0.0221901
157.264,0.02087
157.331,0.0199899
157.397,0.02131
157.464,0.0203671
157.531,0.0196128
157.597,0.0189213
157.664,0.0194871
157.731,0.0189213
157.797,0.0188584
157.864,0.0187956
157.93,0.0192356
157.997,0.0195499
158.064,0.0200528
158.13,0.0198642
158.197,0.018607
158.263,0.0177269
158.33,0.0151496
158.397,0.0171612
158.463,0.0159039
158.53,0.0160297
158.596,0.0162183
158.663,0.0150867
158.73,0.0214986
158.796,0.0261504
158.863,0.0436258
158.93,0.0615414
158.996,0.0654388
159.063,0.0786397
159.129,0.0822228
159.196,0.080777
159.263,0.079834
159.329,0.0788283
159.396,0.0814056
159.462,0.0790797
159.529,0.0792054
159.596,0.0770681
159.662,0.0738622
159.729,0.075308
159.795,0.0724164
159.862,0.0715363
159.929,0.0706563
159.995,0.069399
160.062,0.0697134
160.128,0.0695248
160.195,0.0670103
160.262,0.0656902
160.328,0.0672618
160.395,0.0661931
160.462,0.064873
160.528,0.0618557
160.595,0.0615414
160.661,0.0633015
160.728,0.0615414
160.795,0.0611642
160.861,0.0533694
160.928,0.050352
160.994,0.050352
161.061,0.0494091
161.128,0.0463289
161.194,0.0459517
161.261,0.0429972
161.327,0.0379055
161.394,0.0359568
161.461,0.0318708
161.527,0.0275333
161.594,0.0265904
161.66,0.0218129
161.727,0.0195499
161.794,0.0179784
161.86,0.0154639
161.927,0.0130123
161.994,0.0126352
162.06,0.0250189
162.127,0.0395399
162.193,0.0458889
162.26,0.0524265
162.327,0.0534322
162.393,0.0566382
162.46,0.0577068
162.526,0.0561981
162.593,0.0567639
162.66,0.058524
162.726,0.0585869
162.793,0.058964
162.859,0.058964
162.926,0.0585869
162.993,0.0581468
163.059,0.0578954
163.126,0.0567639
163.192,0.056261
163.259,0.0572668
163.326,0.0574554
163.392,0.0573925
163.459,0.0543123
163.526,0.0545637
163.592,0.0530551
163.659,0.0519864
163.725,0.0520493
163.792,0.052615
163.859,0.0525522
163.925,0.051735
163.992,0.052175
164.058,0.0517978
164.125,0.0487176
164.192,0.046266
164.258,0.0413628
164.325,0.0372768
164.391,0.0369625
164.458,0.0338195
164.525,0.031745
164.591,0.0300478
164.658,0.0272819
164.725,0.0227558
164.791,0.0198014
164.858,0.022253
164.924,0.0251446
164.991,0.0261504
165.058,0.0289163
165.124,0.0283505
165.191,0.0284762
165.257,0.0264018
165.324,0.0261504
165.391,0.0263389
165.457,0.0275333
165.524,0.0273447
165.59,0.026779
165.657,0.0273447
165.724,0.0273447
165.79,0.027219
165.857,0.027219
165.923,0.0268418
165.99,0.0278476
166.057,0.0284134
166.123,0.026779
166.19,0.0258989
166.257,0.0260875
166.323,0.0262132
166.39,0.0272819
166.456,0.027219
166.523,0.0274705
166.59,0.026779
166.656,0.0279105
166.723,0.0273447
166.789,0.0269047
166.856,0.0258989
166.923,0.0260875
166.989,0.0261504
167.056,0.0335052
167.122,0.0447574
167.189,0.0502263
167.256,0.0601584
167.322,0.0704677
167.389,0.0728564
167.455,0.079394
167.522,0.0806512
167.589,0.0787654
167.655,0.077131
167.722,0.0768167
167.789,0.0767538
167.855,0.0755595
167.922,0.077571
167.988,0.0768796
168.055,0.0764395
168.122,0.0751194
168.188,0.0763138
168.255,0.0759995
168.321,0.0792683
168.388,0.0786397
168.455,0.0797712
168.521,0.0780739
168.588,0.0790797
168.654,0.0796455
168.721,0.0807141
168.788,0.0784511
168.854,0.0814056
168.921,0.0821599
168.987,0.0815313
169.054,0.0795826
169.121,0.0792683
169.187,0.0785768
169.254,0.0753709
169.321,0.076691
169.387,0.0768796
169.454,0.0763767
169.52,0.0727307
169.587,0.0739879
169.654,0.0758738
169.72,0.0774453
169.787,0.0785768
169.853,0.0743022
169.92,0.070782
169.987,0.070342
170.053,0.0673875
170.12,0.0643073
170.186,0.0641187
170.253,0.0611642
170.32,0.0564496
170.386,0.0543123
170.453,0.0490948
170.52,0.0446316
170.586,0.0431858
170.653,0.0386598
170.719,0.034008
170.786,0.0319965
170.853,0.0283505
170.919,0.0247674
170.986,0.0240759
171.052,0.0206814
171.119,0.0180412
171.186,0.017224
171.252,0.0162811
171.319,0.0156525
171.385,0.0154639
171.452,0.0151496
171.519,0.0147096
171.585,0.0147724
171.652,0.0146467
171.718,0.014521
171.785,0.0147096
171.852,0.0146467
171.918,0.0148982
171.985,0.0148982
172.052,0.0147096
172.118,0.0148982
172.185,0.0148982
172.251,0.0147096
172.318,0.0145839
172.385,0.0146467
172.451,0.0146467
172.518,0.0147096
172.584,0.0147724
172.651,0.0145839
172.718,0.0147096
172.784,0.0151496
172.851,0.0152753
172.917,0.0150867
172.984,0.0152753
173.051,0.0150867
173.117,0.0150867
173.184,0.0150867
173.25,0.014961
173.317,0.0150867
173.384,0.0151496
173.45,0.0150867
173.517,0.0151496
173.584,0.0151496
173.65,0.0151496
173.717,0.0150867
173.783,0.0151496
173.85,0.0150867
173.917,0.0150239
173.983,0.0150867
174.05,0.0150239
174.116,0.0151496
174.183,0.0151496
174.25,0.0150867
174.316,0.0150239
174.383,0.014961
174.449,0.0153382
174.516,0.0154011
174.583,0.0155896
174.649,0.0157154
174.716,0.0156525
174.782,0.0156525
174.849,0.0182927
174.916,0.0236359
174.982,0.0273447
175.049,0.0342595
175.116,0.0402313
175.182,0.0437516
175.249,0.0466432
175.315,0.0489691
175.382,0.0501006
175.449,0.0546895
175.515,0.0572039
175.582,0.0572039
175.648,0.0638044
175.715,0.0755595
175.782,0.0807141
175.848,0.0898919
175.915,0.0990068
175.981,0.105544
176.048,0.119562
176.115,0.127734
176.181,0.135466
176.248,0.145587
176.315,0.15269
176.381,0.154953
176.448,0.159668
176.514,0.161302
176.581,0.16036
176.648,0.162245
176.714,0.163691
176.781,0.160925
176.847,0.16212
176.914,0.161491
176.981,0.16388
177.047,0.165577
177.114,0.164571
177.18,0.162623
177.247,0.164194
177.314,0.163566
177.38,0.162434
177.447,0.160422
177.513,0.156588
177.58,0.150867
177.647,0.147159
177.713,0.150553
177.78,0.146719
177.847,0.148102
177.913,0.145273
177.98,0.145273
178.046,0.145399
178.113,0.148604
178.18,0.151182
178.246,0.150427
178.313,0.150867
178.379,0.150679
178.446,0.147096
178.513,0.145839
178.579,0.14565
178.646,0.138547
178.712,0.137918
178.779,0.134712
178.846,0.131569
178.912,0.125346
178.979,0.126414
179.045,0.124969
179.112,0.125031
179.179,0.12258
179.245,0.120757
179.312,0.117174
179.379,0.110888
179.445,0.112396
179.512,0.107745
179.578,0.106424
179.645,0.0998868
179.712,0.0963037
179.778,0.0927206
179.845,0.0863088
179.911,0.0841086
179.978,0.0829771
180.045,0.0784511
180.111,0.0736108
180.178,0.0721021
180.244,0.0665074
180.311,0.0641187
180.378,0.0638672
180.444,0.0587126
180.511,0.0583983
180.577,0.0556324
180.644,0.054438
180.711,0.0554438
180.777,0.0566382
180.844,0.0573296
180.911,0.0554438
180.977,0.0566382
181.044,0.0552552
181.11,0.0541237
181.177,0.0559467
181.244,0.0555695
181.31,0.0538723
181.377,0.0564496
181.443,0.0515464
181.51,0.0552552
181.577,0.0532437
181.643,0.0551295
181.71,0.060347
181.776,0.0621071
181.843,0.0688333
181.91,0.0750566
181.976,0.0764395
182.043,0.0812799
182.109,0.0858687
182.176,0.0868117
182.243,0.0893261
182.309,0.0932864
182.376,0.093035
182.443,0.092092
182.509,0.0954237
182.576,0.0937893
182.642,0.0932864
182.709,0.0930978
182.776,0.093475
182.842,0.093035
182.909,0.0949208
182.975,0.0930978
183.042,0.0925949
183.109,0.0915891
183.175,0.0928464
183.242,0.0917149
183.308,0.0918406
183.375,0.0917149
183.442,0.0925949
183.508,0.0917149
183.575,0.093035
183.642,0.0937893
183.708,0.0914634
183.775,0.0942293
183.841,0.094355
183.908,0.0935378
183.975,0.0942922
184.041,0.0933493
184.108,0.0952351
184.174,0.0969324
184.241,0.0973095
184.308,0.0969952
184.374,0.0973724
184.441,0.098001
184.507,0.0987553
184.574,0.0983153
184.641,0.0986296
184.707,0.0994468
184.774,0.100893
184.84,0.101458
184.907,0.0996354
184.974,0.102967
185.04,0.101836
185.107,0.100013
185.174,0.098441
185.24,0.102213
185.307,0.103721
185.373,0.0980639
185.44,0.102024
185.507,0.10303
185.573,0.0995725
185.64,0.100641
185.706,0.0988182
185.773,0.0994468
185.84,0.0990697
185.906,0.100453
185.973,0.100201
186.039,0.0997611
186.106,0.099824
186.173,0.101018
186.239,0.0990068
186.306,0.101144
186.372,0.102087
186.439,0.10171
186.506,0.100767
186.572,0.101773
186.639,0.102213
186.706,0.10127
186.772,0.100704
186.839,0.101396
186.905,0.102716
186.972,0.102653
187.039,0.10215
187.105,0.101521
187.172,0.10171
187.238,0.0999497
187.305,0.101647
187.372,0.102464
187.438,0.102338
187.505,0.102401
187.571,0.10259
187.638,0.103659
187.705,0.104099
187.771,0.104036
187.838,0.104099
187.904,0.10303
187.971,0.10347
188.038,0.104036
188.104,0.104413
188.171,0.104413
188.238,0.103533
188.304,0.103344
188.371,0.104539
188.437,0.104224
188.504,0.104853
188.571,0.106236
188.637,0.106299
188.704,0.105796
188.77,0.105293
188.837,0.105733
188.904,0.107053
188.97,0.10743
189.037,0.105984
189.103,0.10567
189.17,0.105356
189.237,0.105104
189.303,0.104979
189.37,0.104413
189.437,0.104224
189.503,0.104601
189.57,0.105167
189.636,0.104916
189.703,0.105544
189.77,0.104727
189.836,0.10479
189.903,0.106236
189.969,0.105419
190.036,0.10567
190.103,0.10523
190.169,0.104099
190.236,0.105796
190.302,0.104539
190.369,0.104727
190.436,0.10479
190.502,0.104916
190.569,0.104727
190.635,0.104853
190.702,0.105356
190.769,0.10523
190.835,0.105104
190.902,0.106424
190.969,0.106864
191.035,0.104916
191.102,0.105482
191.168,0.106487
191.235,0.105984
191.302,0.105984
191.368,0.106739
191.435,0.10699
191.501,0.105419
191.568,0.105104
191.635,0.104727
191.701,0.104601
191.768,0.103659
191.834,0.103093
191.901,0.104916
191.968,0.105607
192.034,0.106487
192.101,0.10655
192.167,0.106613
192.234,0.106173
192.301,0.106927
192.367,0.107682
192.434,0.107996
192.501,0.108876
192.567,0.10919
192.634,0.108939
192.7,0.108687
192.767,0.108499
192.834,0.10699
192.9,0.105859
192.967,0.10611
193.033,0.10655
193.1,0.10611
193.167,0.106487
193.233,0.106676
193.3,0.106676
193.366,0.106236
193.433,0.105607
193.5,0.105796
193.566,0.105859
193.633,0.106236
193.699,0.106676
193.766,0.106802
193.833,0.105922
193.899,0.105544
193.966,0.105984
194.033,0.10699
194.099,0.106362
194.166,0.10655
194.232,0.106676
194.299,0.106487
194.366,0.106739
194.432,0.106613
194.499,0.106739
194.565,0.106173
194.632,0.10611
194.699,0.106864
194.765,0.106864
194.832,0.107116
194.898,0.10655
194.965,0.106362
195.032,0.105419
195.098,0.105544
195.165,0.105859
195.232,0.107242
195.298,0.107996
195.365,0.10831
195.431,0.109065
195.498,0.109693
195.565,0.109882
195.631,0.109442
195.698,0.109945
195.764,0.109756
195.831,0.110259
195.898,0.110196
195.964,0.110762
196.031,0.111328
196.097,0.112082
196.164,0.112208
196.231,0.112333
196.297,0.113402
196.364,0.113905
196.43,0.114848
196.497,0.115917
196.564,0.117677
196.63,0.117362
196.697,0.118305
196.764,0.118682
196.83,0.120568
196.897,0.122894
196.963,0.124403
197.03,0.125786
197.097,0.128237
197.163,0.130626
197.23,0.134146
197.296,0.137164
197.363,0.137918
197.43,0.139804
197.496,0.143261
197.563,0.144707
197.629,0.147159
197.696,0.150113
197.763,0.151308
197.829,0.154011
197.896,0.155896
197.962,0.157657
198.029,0.161931
198.096,0.165011
198.162,0.166709
198.229,0.171486
198.296,0.173309
198.362,0.174629
198.429,0.177521
198.495,0.180664
198.562,0.182172
198.629,0.187453
198.695,0.192419
198.762,0.194493
198.828,0.199082
198.895,0.209832
198.962,0.211277
199.028,0.213477
199.095,0.220644
199.161,0.224478
199.228,0.23309
199.295,0.238119
199.361,0.243022
199.428,0.25176
199.494,0.256286
199.561,0.258486
199.628,0.264395
199.694,0.277785
199.761,0.280551
199.828,0.290608
199.894,0.29878
199.961,0.301986
200.027,0.309718
200.094,0.316507
200.161,0.320279
200.227,0.326188
200.294,0.338257
200.36,0.341778
200.427,0.349195
200.494,0.356487
200.56,0.362459
200.627,0.36994
200.693,0.379746
200.76,0.385529
200.827,0.405205
200.893,0.420606
200.96,0.429029
201.027,0.438521
201.093,0.448642
201.16,0.457883
201.226,0.466683
201.293,0.474227
201.36,0.476427
201.426,0.481896
201.493,0.486548
201.559,0.488182
201.626,0.485542
201.693,0.483216
201.759,0.488874
201.826,0.487616
201.892,0.487993
201.959,0.489125
202.026,0.487051
202.092,0.486988
202.159,0.485793
202.225,0.488999
202.292,0.494091
202.359,0.495348
202.425,0.496228
202.492,0.466558
202.559,0.464169
202.625,0.464043
202.692,0.461214
202.758,0.45914
202.825,0.4609
202.892,0.463163
202.958,0.463289
203.025,0.463729
203.091,0.463603
203.158,0.461969
203.225,0.459077
203.291,0.457694
203.358,0.457128
203.424,0.455306
203.491,0.45782
203.558,0.461089
203.624,0.465238
203.691,0.470455
203.757,0.475233
203.824,0.481833
203.891,0.487239
203.957,0.489879
204.024,0.496228
204.091,0.501886
204.157,0.504023
204.224,0.502263
204.29,0.506538
204.357,0.507543
204.424,0.512635
204.49,0.510686
204.557,0.513012
204.623,0.518796
204.69,0.515778
204.757,0.523699
204.823,0.519676
204.89,0.520241
204.956,0.522756
205.023,0.522379
205.09,0.524516
205.156,0.526339
205.223,0.534888
205.289,0.534448
205.356,0.538345
205.423,0.549786
205.489,0.552741
205.556,0.549723
205.623,0.554564
205.689,0.561164
205.756,0.568079
205.822,0.575685
205.889,0.58216
205.956,0.584989
206.022,0.585932
206.089,0.58612
206.155,0.586246
206.222,0.58216
206.289,0.579834
206.355,0.581091
206.422,0.574994
206.488,0.569336
206.555,0.56965
206.622,0.562861
206.688,0.559215
206.755,0.55865
206.822,0.556952
206.888,0.554564
206.955,0.553935
207.021,0.549661
207.088,0.550666
207.155,0.550415
207.221,0.551106
207.288,0.54878
207.354,0.546266
207.421,0.546077
207.488,0.549032
207.554,0.546392
207.621,0.546958
207.687,0.542683
207.754,0.545135
207.821,0.544066
207.887,0.544192
207.954,0.543689
208.02,0.543563
208.087,0.54658
208.154,0.545512
208.22,0.547775
208.287,0.551106
208.354,0.551546
208.42,0.552049
208.487,0.555067
208.553,0.557833
208.62,0.559215
208.687,0.561981
208.753,0.563867
208.82,0.56657
208.886,0.566507
208.953,0.567387
209.02,0.568456
209.086,0.570845
209.153,0.571033
209.219,0.573485
209.286,0.575119
209.353,0.574428
209.419,0.575999
209.486,0.577822
209.552,0.576377
209.619,0.576817
209.686,0.578577
209.752,0.57996
209.819,0.578891
209.886,0.57952
209.952,0.579834
210.019,0.580148
210.085,0.581217
210.152,0.580463
210.219,0.581846
210.285,0.582474
210.352,0.581091
210.418,0.582411
210.485,0.582034
210.552,0.585114
210.618,0.585114
210.685,0.584737
210.751,0.585806
210.818,0.585806
210.885,0.585743
210.951,0.585617
211.018,0.585994
211.084,0.585177
211.151,0.584612
211.218,0.584234
211.284,0.584737
211.351,0.583731
211.418,0.584423
211.484,0.583794
211.551,0.583857
211.617,0.582537
211.684,0.584046
211.751,0.58392
211.817,0.582977
211.884,0.585554
211.95,0.587817
212.017,0.588195
212.084,0.592846
212.15,0.594041
212.217,0.598567
212.283,0.601333
212.35,0.600893
212.417,0.601333
212.483,0.59995
212.55,0.601081
212.617,0.600893
212.683,0.601836
212.75,0.601144
212.816,0.601836
212.883,0.600641
212.95,0.60039
213.016,0.600767
213.083,0.599195
213.149,0.599698
213.216,0.600013
213.283,0.600327
213.349,0.600893
213.416,0.60039
213.482,0.59951
213.549,0.598944
213.616,0.599698
213.682,0.600327
213.749,0.600201
213.815,0.600075
213.882,0.603156
213.949,0.60259
214.015,0.603344
214.082,0.602778
214.149,0.602464
214.215,0.602527
214.282,0.602087
214.348,0.601647
214.415,0.60171
214.482,0.601458
214.548,0.600201
214.615,0.600138
214.681,0.601018
214.748,0.601081
214.815,0.60083
214.881,0.600075
214.948,0.599447
215.014,0.599635
215.081,0.600138
215.148,0.599195
215.214,0.599824
215.281,0.600075
215.347,0.598692
215.414,0.598064
215.481,0.598378
215.547,0.598944
215.614,0.597498
215.681,0.597561
215.747,0.596869
215.814,0.596744
215.88,0.595989
215.947,0.596492
216.014,0.595801
216.08,0.595927
216.147,0.595109
216.213,0.595235
216.28,0.594355
216.347,0.593789
216.413,0.593915
216.48,0.594041
216.546,0.594229
216.613,0.595047
216.68,0.594921
216.746,0.594606
216.813,0.594355
216.879,0.594292
216.946,0.594606
217.013,0.594355
217.079,0.594418
217.146,0.594984
217.213,0.597687
217.279,0.597121
217.346,0.596052
217.412,0.596492
217.479,0.596932
217.546,0.596052
217.612,0.597121
217.679,0.596744
217.745,0.596744
217.812,0.59775
217.879,0.59775
217.945,0.59819
218.012,0.598504
218.078,0.598378
218.145,0.597875
218.212,0.599133
218.278,0.59951
218.345,0.599698
218.412,0.599133
218.478,0.59863
218.545,0.598818
218.611,0.598881
218.678,0.598881
218.745,0.598881
218.811,0.599133
218.878,0.601144
218.944,0.60127
219.011,0.600893
219.078,0.600955
219.144,0.60083
219.211,0.601081
219.277,0.600515
219.344,0.600578
219.411,0.600578
219.477,0.598944
219.544,0.598567
219.61,0.598504
219.677,0.598504
219.744,0.598315
219.81,0.598441
219.877,0.598315
219.944,0.597875
220.01,0.598441
220.077,0.59863
220.143,0.597938
220.21,0.598001
220.277,0.597247
220.343,0.597435
220.41,0.598001
220.476,0.598315
220.543,0.602276
220.61,0.600893
220.676,0.600201
220.743,0.600515
220.809,0.60039
220.876,0.59951
220.943,0.600578
221.009,0.60039
221.076,0.600013
221.142,0.599195
221.209,0.59907
221.276,0.59863
221.342,0.598315
221.409,0.597372
221.476,0.59863
221.542,0.599195
221.609,0.599447
221.675,0.598127
221.742,0.597875
221.809,0.598001
221.875,0.59819
221.942,0.59863
222.008,0.599573
222.075,0.599635
222.142,0.599573
222.208,0.596744
222.275,0.596304
222.341,0.596304
222.408,0.596367
222.475,0.596178
222.541,0.595612
222.608,0.595675
222.674,0.595927
222.741,0.594858
222.808,0.594606
222.874,0.593726
222.941,0.593035
223.008,0.592406
223.074,0.592029
223.141,0.593035
223.207,0.591652
223.274,0.593664
223.341,0.594921
223.407,0.595109
223.474,0.595801
223.54,0.595612
223.607,0.596555
223.674,0.596869
223.74,0.597247
223.807,0.598315
223.873,0.60039
223.94,0.600013
224.007,0.598881
224.073,0.599635
224.14,0.598881
224.207,0.598378
224.273,0.597498
224.34,0.598064
224.406,0.597058
224.473,0.596367
224.54,0.596429
224.606,0.594921
224.673,0.595172
224.739,0.595424
224.806,0.595487
224.873,0.594544
224.939,0.594041
225.006,0.593475
225.072,0.593538
225.139,0.593789
225.206,0.593538
225.272,0.593475
225.339,0.593789
225.405,0.593349
225.472,0.594229
225.539,0.591212
225.605,0.591086
225.672,0.591275
225.739,0.591589
225.805,0.591589
225.872,0.590709
225.938,0.591023
226.005,0.591401
226.072,0.590709
226.138,0.590709
226.205,0.590835
226.271,0.589766
226.338,0.59008
226.405,0.590646
226.471,0.591212
226.538,0.591715
226.604,0.592595
226.671,0.592909
226.738,0.594481
226.804,0.594229
226.871,0.595298
226.937,0.595738
227.004,0.595675
227.071,0.595864
227.137,0.596052
227.204,0.598504
227.271,0.598818
227.337,0.598692
227.404,0.598378
227.47,0.59907
227.537,0.598378
227.604,0.59863
227.67,0.598755
227.737,0.599258
227.803,0.599133
227.87,0.599258
227.937,0.599824
228.003,0.599573
228.07,0.599573
228.136,0.599384
228.203,0.599321
228.27,0.598818
228.336,0.598692
228.403,0.598818
228.469,0.598567
228.536,0.598567
228.603,0.598881
228.669,0.599824
228.736,0.600138
228.803,0.600893
228.869,0.609442
228.936,0.60831
229.002,0.607996
229.069,0.607619
229.136,0.608059
229.202,0.608059
229.269,0.60875
229.335,0.608562
229.402,0.608499
229.469,0.608436
229.535,0.60831
229.602,0.609316
229.668,0.609568
229.735,0.609442
229.802,0.609379
229.868,0.609568
229.935,0.610259
230.001,0.610133
230.068,0.610259
230.135,0.610196
230.201,0.610259
230.268,0.61007
230.335,0.61007
230.401,0.610699
230.468,0.610322
230.534,0.613088
230.601,0.612396
230.668,0.612145
230.734,0.611768
230.801,0.612522
230.867,0.612271
230.934,0.611768
231.001,0.611265
231.067,0.610133
231.134,0.609505
231.2,0.609002
231.267,0.609316
231.334,0.608436
231.4,0.607933
231.467,0.607556
231.534,0.60655
231.6,0.607053
231.667,0.607305
231.733,0.607556
231.8,0.608499
231.867,0.60831
231.933,0.60787
232,0.608122
232.066,0.60787
232.133,0.60787
232.2,0.610762
232.266,0.610699
232.333,0.610825
232.399,0.610636
232.466,0.609756
232.533,0.609505
232.599,0.609568
232.666,0.609127
232.732,0.609505
232.799,0.609882
232.866,0.610008
232.932,0.610636
232.999,0.611139
233.066,0.610888
233.132,0.610888
233.199,0.612522
233.265,0.612585
233.332,0.611956
233.399,0.611453
233.465,0.611831
233.532,0.612082
233.598,0.611516
233.665,0.611579
233.732,0.61095
233.798,0.61095
233.865,0.607053
233.931,0.607242
233.998,0.607745
234.065,0.607745
234.131,0.607493
234.198,0.607367
234.264,0.607053
234.331,0.606739
234.398,0.606047
234.464,0.605922
234.531,0.605984
234.598,0.606047
234.664,0.605482
234.731,0.605419
234.797,0.605733
234.864,0.606173
234.931,0.606299
234.997,0.605733
235.064,0.605733
235.13,0.605733
235.197,0.606236
235.264,0.606613
235.33,0.606424
235.397,0.606864
235.463,0.606424
235.53,0.60743
235.597,0.607682
235.663,0.608247
235.73,0.607619
235.796,0.607556
235.863,0.606739
235.93,0.606676
235.996,0.607367
236.063,0.607179
236.13,0.607556
236.196,0.608436
236.263,0.609253
236.329,0.609819
236.396,0.610133
236.463,0.611768
236.529,0.612271
236.596,0.612648
236.662,0.612145
236.729,0.612082
236.796,0.612208
236.862,0.612271
236.929,0.611768
236.995,0.611768
237.062,0.612019
237.129,0.612585
237.195,0.615414
237.262,0.616105
237.329,0.616105
237.395,0.614911
237.462,0.614911
237.528,0.614596
237.595,0.614659
237.662,0.615036
237.728,0.614722
237.795,0.610699
237.861,0.609756
237.928,0.61095
237.995,0.611579
238.061,0.611642
238.128,0.612082
238.194,0.611956
238.261,0.611831
238.328,0.612208
238.394,0.611956
238.461,0.611705
238.527,0.611516
238.594,0.611831
238.661,0.612271
238.727,0.612145
238.794,0.612019
238.861,0.611956
238.927,0.612773
238.994,0.613151
239.06,0.612271
239.127,0.612271
239.194,0.612459
239.26,0.612271
239.327,0.612019
239.393,0.612082
239.46,0.613088
239.527,0.612459
239.593,0.612585
239.66,0.612019
239.726,0.611328
239.793,0.610636
239.86,0.610762
239.926,0.609945
239.993,0.609568
240.059,0.609945
240.126,0.610133
240.193,0.610825
240.259,0.610762
240.326,0.611831
240.393,0.611705
240.459,0.611956
240.526,0.611579
240.592,0.612019
240.659,0.612711
240.726,0.614031
240.792,0.614911
240.859,0.615728
240.925,0.616042
240.992,0.616231
241.059,0.617111
241.125,0.621888
241.192,0.62434
241.258,0.625911
241.325,0.62654
241.392,0.625786
241.458,0.625283
241.525,0.625031
241.591,0.62434
241.658,0.624654
241.725,0.623711
241.791,0.623963
241.858,0.623963
241.925,0.623648
241.991,0.624906
242.058,0.624089
242.124,0.623711
242.191,0.624591
242.258,0.624277
242.324,0.623711
242.391,0.623083
242.457,0.623083
242.524,0.623523
242.591,0.62346
242.657,0.622706
242.724,0.623083
242.79,0.622454
242.857,0.620631
242.924,0.621448
242.99,0.620254
243.057,0.620568
243.124,0.620945
243.19,0.622266
243.257,0.622266
243.323,0.622706
243.39,0.622014
243.457,0.621763
243.523,0.619374
243.59,0.6195
243.656,0.618934
243.723,0.617802
243.79,0.619311
243.856,0.619751
243.923,0.617425
243.989,0.617488
244.056,0.618368
244.123,0.618557
244.189,0.617614
244.256,0.616859
244.322,0.616545
244.389,0.616168
244.456,0.616419
244.522,0.618242
244.589,0.617928
244.656,0.617488
244.722,0.616671
244.789,0.615162
244.855,0.616168
244.922,0.616482
244.989,0.616168
245.055,0.616357
245.122,0.614534
245.188,0.613779
245.255,0.613842
245.322,0.612585
245.388,0.612773
245.455,0.612396
245.521,0.613151
245.588,0.613339
245.655,0.613276
245.721,0.613779
245.788,0.613339
245.854,0.612333
245.921,0.613339
245.988,0.613025
246.054,0.613151
246.121,0.613276
246.188,0.613402
246.254,0.613276
246.321,0.612773
246.387,0.613465
246.454,0.612585
246.521,0.611831
246.587,0.612208
246.654,0.612082
246.72,0.61139
246.787,0.611453
246.854,0.611831
246.92,0.612836
246.987,0.612271
247.053,0.612019
247.12,0.611768
247.187,0.612082
247.253,0.611013
247.32,0.609945
247.386,0.610385
247.453,0.608625
247.52,0.610699
247.586,0.609065
247.653,0.610259
247.72,0.60919
247.786,0.60611
247.853,0.608687
247.919,0.608373
247.986,0.607996
248.053,0.608185
248.119,0.607556
248.186,0.606047
248.252,0.607745
248.319,0.605733
248.386,0.607116
248.452,0.606613
248.519,0.606173
248.585,0.607116
248.652,0.607305
248.719,0.606802
248.785,0.606676
248.852,0.607116
248.919,0.608373
248.985,0.607807
249.052,0.607807
249.118,0.606802
249.185,0.607933
249.252,0.60743
249.318,0.608122
249.385,0.607242
249.451,0.610699
249.518,0.610385
249.585,0.609316
249.651,0.60831
249.718,0.610133
249.784,0.610448
249.851,0.609253
249.918,0.609505
249.984,0.609127
250.051,0.609127
250.117,0.60831
250.184,0.609002
250.251,0.607996
250.317,0.608436
250.384,0.607493
250.451,0.606487
250.517,0.606047
250.584,0.605419
250.65,0.604916
250.717,0.60435
250.784,0.60347
250.85,0.603533
250.917,0.602087
250.983,0.60303
251.05,0.60347
251.117,0.60083
251.183,0.602276
251.25,0.602967
251.316,0.604853
251.383,0.60435
251.45,0.604287
251.516,0.603407
251.583,0.603281
251.649,0.602778
251.716,0.603973
251.783,0.604601
251.849,0.60435
251.916,0.605041
251.983,0.60523
252.049,0.60567
252.116,0.605544
252.182,0.606676
252.249,0.607367
252.316,0.607367
252.382,0.60831
252.449,0.608436
252.515,0.608247
252.582,0.608373
252.649,0.607996
252.715,0.60787
252.782,0.607933
252.848,0.60699
252.915,0.607305
252.982,0.606236
253.048,0.604601
253.115,0.60303
253.181,0.602527
253.248,0.60127
253.315,0.600075
253.381,0.599258
253.448,0.598441
253.515,0.597687
253.581,0.596178
253.648,0.597247
253.714,0.596744
253.781,0.597624
253.848,0.59907
253.914,0.601396
253.981,0.600955
254.047,0.601144
254.114,0.602841
254.181,0.603093
254.247,0.604099
254.314,0.607305
254.38,0.608122
254.447,0.632512
254.514,0.632449
254.58,0.633581
254.647,0.633706
254.714,0.634209
254.78,0.634146
254.847,0.635592
254.913,0.636221
254.98,0.636095
255.047,0.637227
255.113,0.637667
255.18,0.63993
255.246,0.639741
255.313,0.63993
255.38,0.63993
255.446,0.639867
255.513,0.639867
255.579,0.640432
255.646,0.639615
255.713,0.639678
255.779,0.639238
255.846,0.639364
255.912,0.639867
255.979,0.640307
256.046,0.640684
256.112,0.647473
256.179,0.64741
256.246,0.647033
256.312,0.648604
256.379,0.647724
256.445,0.647913
256.512,0.647473
256.579,0.647473
256.645,0.648227
256.712,0.648164
256.778,0.647724
256.845,0.64741
256.912,0.647473
256.978,0.645901
257.045,0.645273
257.111,0.64521
257.178,0.646153
257.245,0.64653
257.311,0.646844
257.378,0.64697
257.444,0.646656
257.511,0.645901
257.578,0.645901
257.644,0.646153
257.711,0.646153
257.778,0.643198
257.844,0.642507
257.911,0.643764
257.977,0.643073
258.044,0.644456
258.111,0.644896
258.177,0.645399
258.244,0.646216
258.31,0.646027
258.377,0.64609
258.444,0.646027
258.51,0.64653
258.577,0.647536
258.643,0.645461
258.71,0.645147
258.777,0.64477
258.843,0.64477
258.91,0.643576
258.976,0.644204
259.043,0.643764
259.11,0.644518
259.176,0.643764
259.243,0.643764
259.31,0.643764
259.376,0.643387
259.443,0.649862
259.509,0.650742
259.576,0.65137
259.643,0.65137
259.709,0.649799
259.776,0.650553
259.842,0.649233
259.909,0.650176
259.976,0.650365
260.042,0.650113
260.109,0.649233
260.175,0.649547
260.242,0.64741
260.309,0.64697
260.375,0.646719
260.442,0.646404
260.509,0.646404
260.575,0.645273
260.642,0.645399
260.708,0.645084
260.775,0.644896
260.842,0.644518
260.908,0.645147
260.975,0.644518
261.041,0.644896
261.108,0.639364
261.175,0.638861
261.241,0.639615
261.308,0.639552
261.374,0.639175
261.441,0.639112
261.508,0.639301
261.574,0.64037
261.641,0.640244
261.707,0.641124
261.774,0.641438
261.841,0.643764
261.907,0.644393
261.974,0.645084
262.041,0.645524
262.107,0.644204
262.174,0.644267
262.24,0.643953
262.307,0.644141
262.374,0.642821
262.44,0.643136
262.507,0.64301
262.573,0.644267
262.64,0.643198
262.707,0.644078
262.773,0.652188
262.84,0.651433
262.906,0.651559
262.973,0.651119
263.04,0.64917
263.106,0.648919
263.173,0.649107
263.239,0.648919
263.306,0.64961
263.373,0.649107
263.439,0.648416
263.506,0.649799
263.573,0.649673
263.639,0.650679
263.706,0.650679
263.772,0.653696
263.839,0.653571
263.906,0.652879
263.972,0.651748
264.039,0.652942
264.105,0.651873
264.172,0.652376
264.239,0.654011
264.305,0.653256
264.372,0.65269
264.438,0.656399
264.505,0.654891
264.572,0.654891
264.638,0.658411
264.705,0.656022
264.771,0.656399
264.838,0.655205
264.905,0.654451
264.971,0.653382
265.038,0.654953
265.105,0.653822
265.171,0.655268
265.238,0.654262
265.304,0.654639
265.371,0.650616
265.438,0.650867
265.504,0.652565
265.571,0.654702
265.637,0.653571
265.704,0.653382
265.771,0.651559
265.837,0.652062
265.904,0.651685
265.97,0.649547
266.037,0.64917
266.104,0.648542
266.17,0.648919
266.237,0.649233
266.304,0.651245
266.37,0.65137
266.437,0.65181
266.503,0.651119
266.57,0.650679
266.637,0.651056
266.703,0.649485
266.77,0.649422
266.836,0.648102
266.903,0.648164
266.97,0.650302
267.036,0.64961
267.103,0.65093
267.169,0.650867
267.236,0.650805
267.303,0.65137
267.369,0.65093
267.436,0.650867
267.502,0.650742
267.569,0.651056
267.636,0.65093
267.702,0.650867
267.769,0.651496
267.836,0.65269
267.902,0.652125
267.969,0.653885
268.035,0.654262
268.102,0.655205
268.169,0.654325
268.235,0.654702
268.302,0.654513
268.368,0.654828
268.435,0.654011
268.502,0.652376
268.568,0.648102
268.635,0.649045
268.701,0.64785
268.768,0.647284
268.835,0.64609
268.901,0.645776
268.968,0.646216
269.034,0.644896
269.101,0.647222
269.168,0.647662
269.234,0.647159
269.301,0.646907
269.368,0.645713
269.434,0.636975
269.501,0.636849
269.567,0.637478
269.634,0.638547
269.701,0.636346
269.767,0.637227
269.834,0.637415
269.9,0.636849
269.967,0.637227
270.034,0.641124
270.1,0.641627
270.167,0.645021
270.233,0.646781
270.3,0.646844
270.367,0.646279
270.433,0.646279
270.5,0.645776
270.566,0.646341
270.633,0.647599
270.7,0.649359
270.766,0.65005
270.833,0.654828
270.9,0.654073
270.966,0.654073
271.033,0.655519
271.099,0.6718
271.166,0.670606
271.233,0.668972
271.299,0.669349
271.366,0.668343
271.432,0.667149
271.499,0.668846
271.566,0.669726
271.632,0.666646
271.699,0.664697
271.765,0.666017
271.832,0.664006
271.899,0.664194
271.965,0.664194
272.032,0.66608
272.099,0.663188
272.165,0.660674
272.232,0.659857
272.298,0.659102
272.365,0.657782
272.432,0.657091
272.498,0.657154
272.565,0.657719
272.631,0.659417
272.698,0.656776
272.765,0.660108
272.831,0.658914
272.898,0.659605
272.964,0.660485
273.031,0.662057
273.098,0.662748
273.164,0.662811
273.231,0.663314
273.297,0.661617
273.364,0.659039
273.431,0.658537
273.497,0.658348
273.564,0.658348
273.631,0.659228
273.697,0.660297
273.764,0.660297
273.83,0.65992
273.897,0.660548
273.964,0.660108
274.03,0.66036
274.097,0.659165
274.163,0.659668
274.23,0.659794
274.297,0.660862
274.363,0.659857
274.43,0.666897
274.496,0.665954
274.563,0.665829
274.63,0.666331
274.696,0.666771
274.763,0.665577
274.829,0.66652
274.896,0.665891
274.963,0.664823
275.029,0.665011
275.096,0.666771
275.163,0.667589
275.229,0.667526
275.296,0.666771
275.362,0.665891
275.429,0.664446
275.496,0.663503
275.562,0.663314
275.629,0.661868
275.695,0.662057
275.762,0.662183
275.829,0.661931
275.895,0.662937
275.962,0.664068
276.028,0.665011
276.095,0.674063
276.162,0.671926
276.228,0.672303
276.295,0.672806
276.361,0.673938
276.428,0.673812
276.495,0.674441
276.561,0.674692
276.628,0.675069
276.695,0.673372
276.761,0.675132
276.828,0.674001
276.894,0.674126
276.961,0.674001
277.028,0.675949
277.094,0.675823
277.161,0.676515
277.227,0.677269
277.294,0.677521
277.361,0.676201
277.427,0.677144
277.494,0.677961
277.56,0.681104
277.627,0.681292
277.694,0.682424
277.76,0.68695
277.827,0.689716
277.894,0.689464
277.96,0.691225
278.027,0.69311
278.093,0.698202
278.16,0.700025
278.227,0.705934
278.293,0.706688
278.36,0.704551
278.426,0.707631
278.493,0.7087
278.56,0.708323
278.626,0.716118
278.693,0.715489
278.759,0.718066
278.826,0.719827
278.893,0.72253
278.959,0.725798
279.026,0.727056
279.092,0.727621
279.159,0.730513
279.226,0.732399
279.292,0.731267
279.359,0.735228
279.426,0.74384
279.492,0.745725
279.559,0.74692
279.625,0.75264
279.692,0.749686
279.759,0.75132
279.825,0.75132
279.892,0.750063
279.958,0.746354
280.025,0.754589
280.092,0.751006
280.158,0.750126
280.225,0.759618
280.291,0.755092
280.358,0.754589
280.425,0.762069
280.491,0.762698
280.558,0.761755
280.624,0.766218
280.691,0.762698
280.758,0.766281
280.824,0.769927
280.891,0.775522
280.958,0.775522
281.024,0.775207
281.091,0.773384
281.157,0.77571
281.224,0.778162
281.291,0.771876
281.357,0.773259
281.424,0.778036
281.49,0.779231
281.557,0.782877
281.624,0.782248
281.69,0.784071
281.757,0.782562
281.823,0.787905
281.89,0.79174
281.957,0.785831
282.023,0.78822
282.09,0.794506
282.156,0.791866
282.223,0.800855
282.29,0.805632
282.356,0.803998
282.423,0.779608
282.49,0.769173
282.556,0.771499
282.623,0.748428
282.689,0.725861
282.756,0.705494
282.823,0.712849
282.889,0.712095
282.956,0.710963
283.022,0.655771
283.089,0.649233
283.156,0.642633
283.222,0.644204
283.289,0.64433
283.355,0.640495
283.422,0.590835
283.489,0.592155
283.555,0.597812
283.622,0.593412
283.688,0.600138
283.755,0.599133
283.822,0.558838
283.888,0.554941
283.955,0.556072
284.022,0.552238
284.088,0.560976
284.155,0.552678
284.221,0.553432
284.288,0.552175
284.355,0.550855
284.421,0.551106
284.488,0.549849
284.554,0.55557
284.621,0.559656
284.688,0.565627
284.754,0.567199
284.821,0.571285
284.887,0.573548
284.954,0.573674
285.021,0.5826
285.087,0.583606
285.154,0.590772
285.221,0.589075
285.287,0.587189
285.354,0.589138
285.42,0.591023
285.487,0.595361
285.554,0.591903
285.62,0.591966
285.687,0.594166
285.753,0.591023
285.82,0.590018
285.887,0.590961
285.953,0.556701
286.02,0.555821
286.086,0.555507
286.153,0.55997
286.22,0.559404
286.286,0.559404
286.353,0.552049
286.419,0.556198
286.486,0.55645
286.553,0.560096
286.619,0.564622
286.686,0.565879
286.753,0.569336
286.819,0.57644
286.886,0.578703
286.952,0.57776
287.019,0.576062
287.086,0.575497
287.152,0.577571
287.219,0.577005
287.285,0.578011
287.352,0.578514
287.419,0.568708
287.485,0.56393
287.552,0.566193
287.618,0.545009
287.685,0.549598
287.752,0.546517
287.818,0.548906
287.885,0.5435
287.951,0.534825
288.018,0.530111
288.085,0.520053
288.151,0.522693
288.218,0.519047
288.285,0.502892
288.351,0.500314
288.418,0.502074
288.484,0.491451
288.551,0.491702
288.618,0.488056
288.684,0.47913
288.751,0.476804
288.817,0.477747
288.884,0.472718
288.951,0.468506
289.017,0.469638
289.084,0.461403
289.15,0.464798
289.217,0.467941
289.284,0.465238
289.35,0.466872
289.417,0.459894
289.483,0.464295
289.55,0.464798
289.617,0.470141
289.683,0.466495
289.75,0.470267
289.817,0.47253
289.883,0.468506
289.95,0.470392
290.016,0.462597
290.083,0.464672
290.15,0.46266
290.216,0.461214
290.283,0.457443
290.349,0.45386
290.416,0.448831
290.483,0.442985
290.549,0.442482
290.616,0.435818
290.682,0.433555
290.749,0.436133
290.816,0.426704
290.882,0.419034
290.949,0.417903
291.016,0.417651
291.082,0.422743
291.149,0.421989
291.215,0.41784
291.282,0.417463
291.349,0.414697
291.415,0.415263
291.482,0.413188
291.548,0.412685
291.615,0.41476
291.682,0.414508
291.748,0.416331
291.815,0.41784
291.881,0.416394
291.948,0.414823
292.015,0.413377
292.081,0.412183
292.148,0.411805
292.214,0.408034
292.281,0.39917
292.348,0.399422
292.414,0.390118
292.481,0.383769
292.548,0.386409
292.614,0.383958
292.681,0.37742
292.747,0.380438
292.814,0.36994
292.881,0.365351
292.947,0.359756
293.014,0.35391
293.08,0.354036
293.147,0.350138
293.214,0.345109
293.28,0.340206
293.347,0.338006
293.413,0.344104
293.48,0.335869
293.547,0.339389
293.613,0.33656
293.68,0.334926
293.746,0.333229
293.813,0.330023
293.88,0.328074
293.946,0.329708
294.013,0.325999
294.08,0.336497
294.146,0.328891
294.213,0.337252
294.279,0.341589
294.346,0.339326
294.413,0.337252
294.479,0.344292
294.546,0.341903
294.612,0.340646
294.679,0.350515
294.746,0.34863
294.812,0.352967
294.879,0.348755
294.945,0.348378
295.012,0.344669
295.079,0.354979
295.145,0.345927
295.212,0.349573
295.278,0.352716
295.345,0.357807
295.412,0.358562
295.478,0.359253
295.545,0.362773
295.612,0.368871
295.678,0.36139
295.745,0.367111
295.811,0.368682
295.878,0.380438
295.945,0.379055
296.011,0.379117
296.078,0.388232
296.144,0.387164
296.211,0.401748
296.278,0.4108
296.344,0.421235
296.411,0.428275
296.477,0.431418
296.544,0.435881
296.611,0.432487
296.677,0.440847
296.744,0.439339
296.811,0.442105
296.877,0.439653
296.944,0.442293
297.01,0.439527
297.077,0.438836
297.144,0.43343
297.21,0.433618
297.277,0.424881
297.343,0.4218
297.41,0.426012
297.477,0.424378
297.543,0.428527
297.61,0.431544
297.676,0.435567
297.743,0.430161
297.81,0.43607
297.876,0.451094
297.943,0.450591
298.009,0.45518
298.076,0.4587
298.143,0.448202
298.209,0.444556
298.276,0.439967
298.343,0.427269
298.409,0.422555
298.476,0.424441
298.542,0.424503
298.609,0.404325
298.676,0.401182
298.742,0.399045
298.809,0.388798
298.875,0.374843
298.942,0.370505
299.009,0.367048
299.075,0.362271
299.142,0.35919
299.208,0.361013
299.275,0.360322
299.342,0.360573
299.408,0.367802
299.475,0.379935
299.541,0.39081
299.608,0.399862
299.675,0.411931
299.741,0.414131
299.808,0.426075
299.875,0.430035
299.941,0.436824
300.008,0.448202
300.074,0.455243
300.141,0.456563
300.208,0.46354
300.274,0.467752
300.341,0.468444
300.407,0.483342
300.474,0.484662
300.541,0.484599
300.607,0.496165
300.674,0.492394
300.74,0.497863
300.807,0.512258
300.874,0.509178
300.94,0.513138
301.007,0.507795
301.073,0.514835
301.14,0.51867
301.207,0.517916
301.273,0.521876
301.34,0.513578
301.407,0.541237
301.473,0.551546
301.54,0.556638
301.606,0.564747
301.673,0.590143
301.74,0.601396
301.806,0.606173
301.873,0.606739
301.939,0.60963
302.006,0.610888
302.073,0.609316
302.139,0.60743
302.206,0.605544
302.272,0.593161
302.339,0.589138
302.406,0.579205
302.472,0.567199
302.539,0.569713
302.606,0.555381
302.672,0.54482
302.739,0.540483
302.805,0.527156
302.872,0.513892
302.939,0.508926
303.005,0.502766
303.072,0.495223
303.138,0.494091
303.205,0.493211
303.272,0.494845
303.338,0.491828
303.405,0.489314
303.471,0.49516
303.538,0.49648
303.605,0.463163
303.671,0.464483
303.738,0.457317
303.804,0.454614
303.871,0.454425
303.938,0.454991
304.004,0.459266
304.071,0.438521
304.138,0.441099
304.204,0.434184
304.271,0.440533
304.337,0.438584
304.404,0.439276
304.471,0.429847
304.537,0.430161
304.604,0.429847
304.67,0.432047
304.737,0.43035
304.804,0.433681
304.87,0.426389
304.937,0.424252
305.003,0.416331
305.07,0.415703
305.137,0.41828
305.203,0.407531
305.27,0.41036
305.336,0.408034
305.403,0.406462
305.47,0.400867
305.536,0.405771
305.603,0.400113
305.67,0.406085
305.736,0.404073
305.803,0.405519
305.869,0.423058
305.936,0.421172
306.003,0.428401
306.069,0.422869
306.136,0.428024
306.202,0.432738
306.269,0.425006
306.336,0.426515
306.402,0.421926
306.469,0.425321
306.535,0.429218
306.602,0.423623
306.669,0.424818
306.735,0.419537
306.802,0.416771
306.868,0.411491
306.935,0.408914
307.002,0.406399
307.068,0.409102
307.135,0.400616
307.202,0.398353
307.268,0.39389
307.335,0.380438
307.401,0.374906
307.468,0.373648
307.535,0.363842
307.601,0.354853
307.668,0.354161
307.734,0.346052
307.801,0.343789
307.868,0.338195
307.934,0.336183
308.001,0.318519
308.067,0.313364
308.134,0.30909
308.201,0.303621
308.267,0.299975
308.334,0.299975
308.401,0.295763
308.467,0.292369
308.534,0.291677
308.6,0.293752
308.667,0.29702
308.734,0.297963
308.8,0.296517
308.867,0.302804
308.933,0.302489
309,0.316256
309.067,0.323674
309.133,0.32732
309.2,0.330651
309.266,0.336937
309.333,0.344418
309.4,0.348944
309.466,0.362019
309.533,0.362333
309.599,0.374277
309.666,0.371951
309.733,0.377734
309.799,0.383015
309.866,0.382638
309.933,0.383266
309.999,0.383329
310.066,0.380626
310.132,0.377546
310.199,0.386284
310.266,0.380438
310.332,0.378552
310.399,0.365665
310.465,0.360573
310.532,0.359882
310.599,0.35215
310.665,0.346115
310.732,0.344858
310.798,0.337126
310.865,0.327445
310.932,0.331091
310.998,0.320971
311.065,0.317513
311.131,0.319776
311.198,0.308147
311.265,0.303621
311.331,0.300038
311.398,0.292369
311.465,0.277282
311.531,0.273887
311.598,0.266847
311.664,0.262509
311.731,0.251446
311.798,0.238936
311.864,0.237553
311.931,0.23617
311.997,0.231079
312.064,0.220015
312.131,0.220267
312.197,0.21046
312.264,0.212283
312.33,0.206688
312.397,0.20562
312.464,0.204551
312.53,0.20122
312.597,0.194619
312.663,0.196631
312.73,0.188836
312.797,0.190596
312.863,0.188019
312.93,0.189087
312.997,0.194179
313.063,0.19047
313.13,0.198328
313.196,0.198454
313.263,0.202037
313.33,0.201094
313.396,0.200779
313.463,0.201911
313.529,0.200214
313.596,0.198705
313.663,0.199774
313.729,0.203734
313.796,0.210712
313.862,0.214483
313.929,0.217501
313.996,0.222027
314.062,0.237365
314.129,0.241891
314.196,0.250691
314.262,0.259806
314.329,0.265338
314.395,0.269298
314.462,0.267601
314.529,0.269173
314.595,0.269613
314.662,0.270996
314.728,0.278162
314.795,0.279608
314.862,0.281556
314.928,0.282248
314.995,0.279482
315.061,0.278539
315.128,0.275522
315.195,0.27659
315.261,0.273887
315.328,0.274327
315.394,0.270053
315.461,0.260058
315.528,0.259806
315.594,0.258612
315.661,0.254777
315.728,0.253772
315.794,0.254149
315.861,0.249749
315.927,0.253646
315.994,0.251509
316.061,0.248303
316.127,0.243085
316.194,0.235479
316.26,0.229696
316.327,0.225484
316.394,0.217438
316.46,0.211089
316.527,0.211089
316.593,0.201597
316.66,0.196379
316.727,0.196819
316.793,0.184813
316.86,0.178904
316.926,0.181858
316.993,0.17048
317.06,0.163943
317.126,0.169286
317.193,0.158034
317.26,0.148604
317.326,0.14697
317.393,0.135466
317.459,0.133769
317.526,0.135089
317.593,0.130563
317.659,0.123774
317.726,0.115351
317.792,0.114094
317.859,0.114345
317.926,0.108499
317.992,0.107493
318.059,0.103093
318.125,0.100641
318.192,0.0936636
318.259,0.0847372
318.325,0.0834171
318.392,0.0756852
318.458,0.0677018
318.525,0.0686447
318.592,0.0636158
318.658,0.0608499
318.725,0.0570782
318.792,0.0523007
318.858,0.0508549
318.925,0.0490319
318.991,0.0441916
319.058,0.0382826
319.125,0.0374026
319.191,0.032688
319.258,0.0265904
319.324,0.0258989
319.391,0.0232587
319.458,0.0208071
319.524,0.02043
319.591,0.0198014
319.657,0.0172869
319.724,0.0160297
319.791,0.0133266
319.857,0.0113151
319.924,0.010435
319.991,0.0102464
320.057,0.0103093
320.124,0.0103093
320.19,0.0105607
320.257,0.0108122
320.324,0.0110008
320.39,0.0113151
320.457,0.0115036
320.523,0.0115665
320.59,0.0113151
320.657,0.0113779
320.723,0.0116294
320.79,0.0120065
320.856,0.0118808
320.923,0.011818
320.99,0.0115036
321.056,0.0112522
321.123,0.0116294
321.189,0.0116922
321.256,0.0120065
321.323,0.0123837
321.389,0.0124466
321.456,0.0126352
321.523,0.0127609
321.589,0.012698
321.656,0.0120065
321.722,0.0120694
321.789,0.011818
321.856,0.0121323
321.922,0.0118808
321.989,0.0148982
322.055,0.0152125
322.122,0.0154639
322.189,0.0150867
322.255,0.0153382
322.322,0.0152125
322.388,0.0153382
322.455,0.0150867
322.522,0.0146467
322.588,0.0153382
322.655,0.0152753
322.721,0.016344
322.788,0.0156525
322.855,0.0153382
322.921,0.0148982
322.988,0.0145839
323.055,0.0142695
323.121,0.0143953
323.188,0.0150239
323.254,0.0150867
323.321,0.0148353
323.388,0.0150239
323.454,0.0154011
323.521,0.0154639
323.587,0.0152753
323.654,0.0144581
323.721,0.0150239
323.787,0.014961
323.854,0.0147096
323.92,0.014521
323.987,0.014521
324.054,0.0137667
324.12,0.0143953
324.187,0.0147724
324.253,0.0147096
324.32,0.014081
324.387,0.0135781
324.453,0.0128237
324.52,0.0134524
324.587,0.0144581
324.653,0.0150867
324.72,0.0142067
324.786,0.0142695
324.853,0.0143953
324.92,0.0140181
324.986,0.0143324
325.053,0.0142695
325.119,0.0144581
325.186,0.0147096
325.253,0.0143953
325.319,0.0143324
325.386,0.0148982
325.452,0.0147724
325.519,0.0150867
325.586,0.0148353
325.652,0.0145839
325.719,0.014521
325.786,0.0145839
325.852,0.0148353
325.919,0.0144581
325.985,0.0143324
326.052,0.0147096
326.119,0.0148353
326.185,0.0148982
326.252,0.0146467
326.318,0.0142067
326.385,0.0143324
326.452,0.0141438
326.518,0.0137667
326.585,0.0141438
326.651,0.0141438
326.718,0.0146467
326.785,0.014521
326.851,0.0142067
326.918,0.0138924
326.984,0.0133895
327.051,0.0135152
327.118,0.0123837
327.184,0.0116922
327.251,0.0113779
327.318,0.0111265
327.384,0.0107493
327.451,0.0123208
327.517,0.024956
327.584,0.0389112
327.651,0.0428715
327.717,0.049912
327.784,0.0502263
327.85,0.0514207
327.917,0.0536837
327.984,0.0529922
328.05,0.0542494
328.117,0.0605356
328.183,0.0743651
328.25,0.0825371
328.317,0.0932235
328.383,0.104224
328.45,0.11007
328.516,0.111139
328.583,0.111831
328.65,0.110699
328.716,0.110196
328.783,0.110196
328.85,0.106676
328.916,0.103721
328.983,0.108876
329.049,0.106047
329.116,0.106487
329.183,0.104161
329.249,0.103659
329.316,0.102401
329.382,0.103219
329.449,0.103407
329.516,0.102024
329.582,0.100453
329.649,0.100201
329.715,0.0971209
329.782,0.0891375
329.849,0.0897662
329.915,0.0829143
329.982,0.0837315
330.048,0.0776968
330.115,0.077131
330.182,0.0759366
330.248,0.0715363
330.315,0.0704048
330.382,0.0693362
330.448,0.0674503
330.515,0.0655016
330.581,0.0669474
330.648,0.0660045
330.715,0.0642444
330.781,0.0676389
330.848,0.0719135
330.914,0.078954
330.981,0.0840458
331.048,0.0864974
331.114,0.0904576
331.181,0.0950465
331.247,0.100453
331.314,0.107179
331.381,0.110888
331.447,0.112648
331.514,0.117048
331.581,0.113591
331.647,0.110888
331.714,0.10567
331.78,0.103281
331.847,0.103093
331.914,0.0993211
331.98,0.0920292
332.047,0.0928464
332.113,0.0907091
332.18,0.0920292
332.247,0.0924692
332.313,0.091212
332.38,0.0887604
332.446,0.0864345
332.513,0.0824114
332.58,0.0827885
332.646,0.0832286
332.713,0.0805884
332.779,0.0842972
332.846,0.0811541
332.913,0.0824114
332.979,0.0828514
333.046,0.0818456
333.113,0.0799598
333.179,0.0757481
333.246,0.0744908
333.312,0.0735479
333.379,0.0712849
333.446,0.0721021
333.512,0.0704048
333.579,0.0653759
333.645,0.067136
333.712,0.0638672
333.779,0.0618557
333.845,0.0604099
333.912,0.054878
333.978,0.0502892
334.045,0.0505406
334.112,0.0435001
334.178,0.039037
334.245,0.0365854
334.311,0.0293563
334.378,0.030865
334.445,0.034951
334.511,0.0306135
334.578,0.0295449
334.645,0.0304878
334.711,0.0304249
334.778,0.0296706
334.844,0.0266533
334.911,0.0257103
334.978,0.0242645
335.044,0.0240131
335.111,0.022693
335.177,0.0211214
335.244,0.0205557
335.311,0.0210586
335.377,0.0213729
335.444,0.0206814
335.51,0.0208071
335.577,0.0211214
335.644,0.0203671
335.71,0.0204928
335.777,0.0209957
335.843,0.02087
335.91,0.02043
335.977,0.0203671
336.043,0.0203042
336.11,0.0203671
336.177,0.0204928
336.243,0.0189213
336.31,0.0206814
336.376,0.0203042
336.443,0.0198642
336.51,0.0226301
336.576,0.0221901
336.643,0.0242645
336.709,0.0242645
336.776,0.0282877
336.843,0.0302364
336.909,0.0330651
336.976,0.0402942
337.042,0.0434373
337.109,0.049472
337.176,0.0564496
337.242,0.0615414
337.309,0.0673875
337.375,0.0743651
337.442,0.0776968
337.509,0.0846115
337.575,0.094355
337.642,0.0985668
337.709,0.109756
337.775,0.118808
337.842,0.12258
337.908,0.129997
337.975,0.137667
338.042,0.137604
338.108,0.143136
338.175,0.145839
338.241,0.147913
338.308,0.150742
338.375,0.151999
338.441,0.150867
338.508,0.149045
338.574,0.146216
338.641,0.141061
338.708,0.139301
338.774,0.13182
338.841,0.1305
338.908,0.12742
338.974,0.118871
339.041,0.116797
339.107,0.112899
339.174,0.10699
339.241,0.105419
339.307,0.102778
339.374,0.101144
339.44,0.0978124
339.507,0.0949837
339.574,0.0917777
339.64,0.0915891
339.707,0.0872517
339.773,0.0846115
339.84,0.0790168
339.907,0.075308
339.973,0.0709077
340.04,0.0681418
340.106,0.0635529
340.173,0.0605356
340.24,0.0584612
340.306,0.0548152
340.373,0.0486548
340.44,0.0455746
340.506,0.0437516
340.573,0.043123
340.639,0.0443173
340.706,0.0432487
340.773,0.0432487
340.839,0.0411114
340.906,0.0387855
340.972,0.0385341
341.039,0.0395399
341.106,0.0355796
341.172,0.0335052
341.239,0.0289791
341.305,0.027659
341.372,0.023573
341.439,0.0218129
341.505,0.0182298
341.572,0.0143324
341.638,0.0125094
341.705,0.00867488
341.772,0.00792054
341.838,0.00785768
341.905,0.00785768
341.972,0.00817199
342.038,0.00817199
342.105,0.00823485
342.171,0.00804627
342.238,0.00810913
342.305,0.0079834
342.371,0.00810913
342.438,0.00810913
342.504,0.00810913
342.571,0.00810913
342.638,0.00823485
342.704,0.00823485
342.771,0.00823485
342.837,0.00817199
342.904,0.00817199
342.971,0.00817199
343.037,0.00810913
343.104,0.00810913
343.17,0.00810913
343.237,0.00810913
343.304,0.00810913
343.37,0.00810913
343.437,0.00810913
343.504,0.00823485
343.57,0.00823485
343.637,0.0084863
343.703,0.00842343
343.77,0.00842343
343.837,0.00842343
343.903,0.0084863
343.97,0.0084863
344.036,0.0084863
344.103,0.00842343
344.17,0.00823485
344.236,0.00823485
344.303,0.00829771
344.369,0.00829771
344.436,0.00823485
344.503,0.00823485
344.569,0.00823485
344.636,0.00823485
344.703,0.00817199
344.769,0.00817199
344.836,0.00810913
344.902,0.00810913
344.969,0.00810913
345.036,0.00817199
345.102,0.00861202
345.169,0.00861202
345.235,0.00861202
345.302,0.00836057
345.369,0.00829771
345.435,0.00829771
345.502,0.00829771
345.568,0.00823485
345.635,0.00817199
345.702,0.00836057
345.768,0.00836057
345.835,0.00829771
345.901,0.00836057
345.968,0.00823485
346.035,0.00854916
346.101,0.00854916
346.168,0.00854916
346.235,0.00854916
346.301,0.00854916
346.368,0.00854916
346.434,0.00854916
346.501,0.00854916
346.568,0.00854916
346.634,0.00854916
346.701,0.0084863
346.767,0.0084863
346.834,0.0084863
346.901,0.0084863
346.967,0.0084863
347.034,0.0084863
347.1,0.0084863
347.167,0.0084863
347.234,0.00842343
347.3,0.00842343
347.367,0.00842343
347.433,0.00842343
347.5,0.00836057
347.567,0.00829771
347.633,0.00829771
347.7,0.00823485
347.767,0.00829771
347.833,0.00823485
347.9,0.00823485
347.966,0.00817199
348.033,0.00823485
348.1,0.00823485
348.166,0.00823485
348.233,0.00817199
348.299,0.00817199
348.366,0.00810913
348.433,0.00810913
348.499,0.00810913
348.566,0.00810913
348.632,0.00810913
348.699,0.00817199
348.766,0.00817199
348.832,0.00817199
348.899,0.00817199
348.965,0.00817199
349.032,0.00810913
349.099,0.00810913
349.165,0.00810913
349.232,0.00810913
349.299,0.00810913
349.365,0.00810913
349.432,0.00804627
349.498,0.00804627
349.565,0.00804627
349.632,0.00804627
349.698,0.00810913
349.765,0.00829771
349.831,0.00829771
349.898,0.00829771
349.965,0.00829771
350.031,0.00823485
350.098,0.00836057
350.164,0.0138924
350.231,0.0242017
350.298,0.0291049
350.364,0.0405456
350.431,0.0490319
350.498,0.0526779
350.564,0.0610385
350.631,0.0640558
350.697,0.064873
350.764,0.066256
350.831,0.0682675
350.897,0.0682047
350.964,0.0699648
351.03,0.0688962
351.097,0.0704677
351.164,0.071222
351.23,0.0690219
351.297,0.0692105
351.363,0.0697762
351.43,0.0692105
351.497,0.0692733
351.563,0.0664446
351.63,0.0668846
351.696,0.0675132
351.763,0.0675761
351.83,0.0668846
351.896,0.0665703
351.963,0.0664446
352.03,0.0657531
352.096,0.0652502
352.163,0.0660674
352.229,0.0671989
352.296,0.0718506
352.363,0.0809027
352.429,0.092092
352.496,0.0991325
352.562,0.106739
352.629,0.109882
352.696,0.10963
352.762,0.116294
352.829,0.118682
352.895,0.120443
352.962,0.119688
353.029,0.122077
353.095,0.123083
353.162,0.122894
353.228,0.126854
353.295,0.126666
353.362,0.123146
353.428,0.127232
353.495,0.127734
353.562,0.128426
353.628,0.126666
353.695,0.1261
353.761,0.125031
353.828,0.127734
353.895,0.128866
353.961,0.127609
354.028,0.125911
354.094,0.127169
354.161,0.128552
354.228,0.126352
354.294,0.125094
354.361,0.125723
354.427,0.124277
354.494,0.123083
354.561,0.122391
354.627,0.119437
354.694,0.119311
354.76,0.116105
354.827,0.117991
354.894,0.12082
354.96,0.125534
355.027,0.131632
355.094,0.136535
355.16,0.140307
355.227,0.144707
355.293,0.147536
355.36,0.152502
355.427,0.152753
355.493,0.152628
355.56,0.150176
355.626,0.15049
355.693,0.151245
355.76,0.150679
355.826,0.151433
355.893,0.150742
355.959,0.151308
356.026,0.152188
356.093,0.151748
356.159,0.15049
356.226,0.148856
356.293,0.150427
356.359,0.150867
356.426,0.156525
356.492,0.161491
356.559,0.170732
356.626,0.182298
356.692,0.185064
356.759,0.195436
356.825,0.2043
356.892,0.205871
356.959,0.209014
357.025,0.213289
357.092,0.213477
357.158,0.215238
357.225,0.209706
357.292,0.2087
357.358,0.208134
357.425,0.209077
357.491,0.20958
357.558,0.206688
357.625,0.206814
357.691,0.206374
357.758,0.205368
357.825,0.207128
357.891,0.20562
357.958,0.205683
358.024,0.204991
358.091,0.205054
358.158,0.205054
358.224,0.205557
358.291,0.203483
358.357,0.203545
358.424,0.203923
358.491,0.204425
358.557,0.203734
358.624,0.199711
358.69,0.201848
358.757,0.208197
358.824,0.213855
358.89,0.219072
358.957,0.224227
359.023,0.229381
359.09,0.230136
359.157,0.235982
359.223,0.240131
359.29,0.242645
359.357,0.246857
359.423,0.252892
359.49,0.249937
359.556,0.251132
359.623,0.24912
359.69,0.24912
359.756,0.248931
359.823,0.248303
359.889,0.246543
359.956,0.247046
360.023,0.247171
360.089,0.247108
360.156,0.249811
360.222,0.249434
360.289,0.25044
360.356,0.251509
360.422,0.251446
360.489,0.252514
360.555,0.25176
360.622,0.251634
360.689,0.251823
360.755,0.255972
360.822,0.259869
360.889,0.263641
360.955,0.26735
361.022,0.274705
361.088,0.274893
361.155,0.277596
361.222,0.280425
361.288,0.281682
361.355,0.283819
361.421,0.282499
361.488,0.283945
361.555,0.284322
361.621,0.286648
361.688,0.283065
361.754,0.285517
361.821,0.283128
361.888,0.281934
361.954,0.283065
362.021,0.282939
362.088,0.283002
362.154,0.282562
362.221,0.285265
362.287,0.285328
362.354,0.288283
362.421,0.289728
362.487,0.286774
362.554,0.290106
362.62,0.295826
362.687,0.291049
362.754,0.296392
362.82,0.296077
362.887,0.298529
362.953,0.298843
363.02,0.302741
363.087,0.301421
363.153,0.302112
363.22,0.300666
363.286,0.298592
363.353,0.301044
363.42,0.298843
363.486,0.301232
363.553,0.299032
363.62,0.298529
363.686,0.298152
363.753,0.300855
363.819,0.299723
363.886,0.301295
363.953,0.298089
364.019,0.297272
364.086,0.296455
364.152,0.296266
364.219,0.295072
364.286,0.29438
364.352,0.293689
364.419,0.293563
364.485,0.292054
364.552,0.290357
364.619,0.289791
364.685,0.290357
364.752,0.288597
364.818,0.288911
364.885,0.289163
364.952,0.289226
365.018,0.288786
365.085,0.2891
365.152,0.290923
365.218,0.294066
365.285,0.294569
365.351,0.296203
365.418,0.299409
365.485,0.301106
365.551,0.305381
365.618,0.306198
365.684,0.309341
365.751,0.312736
365.818,0.315124
365.884,0.316696
365.951,0.321473
366.017,0.32732
366.084,0.32688
366.151,0.328765
366.217,0.32996
366.284,0.332411
366.35,0.335366
366.417,0.337817
366.484,0.341715
366.55,0.344984
366.617,0.34995
366.684,0.350641
366.75,0.35127
366.817,0.357053
366.883,0.360259
366.95,0.362648
367.017,0.363402
367.083,0.364722
367.15,0.367551
367.216,0.369688
367.283,0.370631
367.35,0.371385
367.416,0.370443
367.483,0.369185
367.549,0.36994
367.616,0.374717
367.683,0.38006
367.749,0.387227
367.816,0.391941
367.883,0.393764
367.949,0.401119
368.016,0.407405
368.082,0.408788
368.149,0.417086
368.216,0.437956
368.282,0.440847
368.349,0.451722
368.415,0.462535
368.482,0.467186
368.549,0.473975
368.615,0.482713
368.682,0.48617
368.748,0.495474
368.815,0.499497
368.882,0.501697
368.948,0.505909
369.015,0.508298
369.081,0.511629
369.148,0.515401
369.215,0.514018
369.281,0.516218
369.348,0.513767
369.415,0.515715
369.481,0.517413
369.548,0.517664
369.614,0.518356
369.681,0.520493
369.748,0.518356
369.814,0.524139
369.881,0.526025
369.947,0.526339
370.014,0.529796
370.081,0.532499
370.147,0.533442
370.214,0.537717
370.28,0.53998
370.347,0.54218
370.414,0.546077
370.48,0.54702
370.547,0.551358
370.613,0.554815
370.68,0.557267
370.747,0.560347
370.813,0.565753
370.88,0.565942
370.947,0.569085
371.013,0.573171
371.08,0.576942
371.146,0.576314
371.213,0.580023
371.28,0.579708
371.346,0.584234
371.413,0.589515
371.479,0.591589
371.546,0.593789
371.613,0.599321
371.679,0.601081
371.746,0.604224
371.812,0.604979
371.879,0.60787
371.946,0.607996
372.012,0.60875
372.079,0.609568
372.145,0.615854
372.212,0.61994
372.279,0.623334
372.345,0.624089
372.412,0.626226
372.479,0.626792
372.545,0.627609
372.612,0.630312
372.678,0.630815
372.745,0.631255
372.812,0.63226
372.878,0.632449
372.945,0.633329
373.011,0.636158
373.078,0.635278
373.145,0.633203
373.211,0.634838
373.278,0.634146
373.344,0.636284
373.411,0.640747
373.478,0.639678
373.544,0.642947
373.611,0.640181
373.678,0.642318
373.744,0.64081
373.811,0.642444
373.877,0.641753
373.944,0.641124
374.011,0.64213
374.077,0.63949
374.144,0.638547
374.21,0.637918
374.277,0.637289
374.344,0.633958
374.41,0.635718
374.477,0.636724
374.543,0.634146
374.61,0.632512
374.677,0.631129
374.743,0.63182
374.81,0.632512
374.876,0.630186
374.943,0.629997
375.01,0.630312
375.076,0.62918
375.143,0.627546
375.21,0.62654
375.276,0.625409
375.343,0.626854
375.409,0.628175
375.476,0.62918
375.543,0.628175
375.609,0.628426
375.676,0.63006
375.742,0.629117
375.809,0.630689
375.876,0.632763
375.942,0.633203
376.009,0.656902
376.075,0.657531
376.142,0.655079
376.209,0.656902
376.275,0.656839
376.342,0.657091
376.408,0.656336
376.475,0.655519
376.542,0.654325
376.608,0.653696
376.675,0.654765
376.742,0.655331
376.808,0.655959
376.875,0.655519
376.941,0.657154
377.008,0.658474
377.075,0.658222
377.141,0.658034
377.208,0.658348
377.274,0.656776
377.341,0.657845
377.408,0.656776
377.474,0.657782
377.541,0.658034
377.607,0.657531
377.674,0.668217
377.741,0.666646
377.807,0.667211
377.874,0.668469
377.94,0.6696
378.007,0.669474
378.074,0.6696
378.14,0.668217
378.207,0.669789
378.274,0.66828
378.34,0.670543
378.407,0.670417
378.473,0.669412
378.54,0.670417
378.607,0.668343
378.673,0.666143
378.74,0.667589
378.806,0.667337
378.873,0.666583
378.94,0.667903
379.006,0.666897
379.073,0.666709
379.139,0.665577
379.206,0.667211
379.273,0.665703
379.339,0.668972
379.406,0.669726
379.473,0.670732
379.539,0.669286
379.606,0.671737
379.672,0.671486
379.739,0.682487
379.806,0.685567
379.872,0.689904
379.939,0.695813
380.005,0.701911
380.072,0.705054
380.139,0.708323
380.205,0.710649
380.272,0.710774
380.338,0.716935
380.405,0.73529
380.472,0.738936
380.538,0.74384
380.605,0.749623
380.671,0.751069
380.738,0.754149
380.805,0.758612
380.871,0.760246
380.938,0.761126
381.005,0.774139
381.071,0.773447
381.138,0.773133
381.204,0.772693
381.271,0.772253
381.338,0.772002
381.404,0.772127
381.471,0.772442
381.537,0.772819
381.604,0.772819
381.671,0.772379
381.737,0.772756
381.804,0.77307
381.87,0.772882
381.937,0.774139
382.004,0.774327
382.07,0.774327
382.137,0.775082
