0.0666092,0.0633582
0.133218,0.0637814
0.199828,0.0672769
0.266437,0.0737977
0.333046,0.0816195
0.399655,0.084927
0.466264,0.0873409
0.532873,0.0915261
0.599483,0.0915261
0.666092,0.0935482
0.732701,0.0949276
0.79931,0.0960405
0.865919,0.0961189
0.932529,0.0977648
0.999138,0.0984544
1.06575,0.0995517
1.13236,0.0996457
1.19897,0.0992068
1.26557,0.0995987
1.33218,0.0980312
1.39879,0.098235
1.4654,0.0988933
1.53201,0.0997241
1.59862,0.100586
1.66523,0.103329
1.73184,0.106025
1.79845,0.107326
1.86506,0.108565
1.93167,0.109709
1.99828,0.109427
2.06488,0.108894
2.13149,0.108189
2.1981,0.108925
2.26471,0.108126
2.33132,0.108878
2.39793,0.109568
2.46454,0.109584
2.53115,0.109537
2.59776,0.10916
2.66437,0.10938
2.73098,0.110822
2.79759,0.11112
2.86419,0.111794
2.9308,0.11148
2.99741,0.112264
3.06402,0.111935
3.13063,0.111904
3.19724,0.112546
3.26385,0.112656
3.33046,0.112389
3.39707,0.113314
3.46368,0.113518
3.53029,0.113738
3.5969,0.113377
3.6635,0.113471
3.73011,0.114662
3.79672,0.114286
3.86333,0.114678
3.92994,0.114992
3.99655,0.115948
4.06316,0.115932
4.12977,0.117594
4.19638,0.117468
4.26299,0.117923
4.3296,0.119067
4.39621,0.119725
4.46282,0.120384
4.52942,0.120117
4.59603,0.121262
4.66264,0.121042
4.72925,0.121716
4.79586,0.122782
4.86247,0.123487
4.92908,0.123707
4.99569,0.122876
5.0623,0.122359
5.12891,0.121356
5.19552,0.120964
5.26213,0.120603
5.32873,0.121512
5.39534,0.121622
5.46195,0.121136
5.52856,0.124412
5.59517,0.127908
5.66178,0.135385
5.72839,0.142579
5.795,0.146592
5.86161,0.153552
5.92822,0.158317
5.99483,0.158631
6.06144,0.163553
6.12804,0.163803
6.19465,0.163286
6.26126,0.163349
6.32787,0.160371
6.39448,0.160339
6.46109,0.160433
6.5277,0.160339
6.59431,0.160715
6.66092,0.160135
6.72753,0.161499
6.79414,0.161311
6.86075,0.163051
6.92735,0.162252
6.99396,0.162816
7.06057,0.162643
7.12718,0.168036
7.19379,0.171406
7.2604,0.176046
7.32701,0.181344
7.39362,0.183867
7.46023,0.189432
7.52684,0.192191
7.59345,0.193069
7.66006,0.196047
7.72666,0.199103
7.79327,0.198837
7.85988,0.198617
7.92649,0.198288
7.9931,0.19799
8.05971,0.198523
8.12632,0.197458
8.19293,0.197677
8.25954,0.196972
8.32615,0.197489
8.39276,0.198774
8.45937,0.198884
8.52598,0.199135
8.59258,0.199166
8.65919,0.199182
8.7258,0.199448
8.79241,0.199448
8.85902,0.200655
8.92563,0.199574
8.99224,0.199934
9.05885,0.201157
9.12546,0.201502
9.19207,0.202019
9.25868,0.201596
9.32529,0.200953
9.39189,0.202066
9.4585,0.20147
9.52511,0.201251
9.59172,0.200561
9.65833,0.200859
9.72494,0.201329
9.79155,0.202207
9.85816,0.20064
9.92477,0.199119
9.99138,0.198649
10.058,0.197191
10.1246,0.195749
10.1912,0.195294
10.2578,0.194291
10.3244,0.192818
10.391,0.192363
10.4576,0.19031
10.5243,0.189573
10.5909,0.189134
10.6575,0.18893
10.7241,0.187802
10.7907,0.187175
10.8573,0.185592
10.9239,0.183444
10.9905,0.182817
11.0571,0.182645
11.1237,0.181908
11.1903,0.181391
11.257,0.180701
11.3236,0.18056
11.3902,0.180137
11.4568,0.179776
11.5234,0.178977
11.59,0.179557
11.6566,0.179353
11.7232,0.17871
11.7898,0.178099
11.8564,0.177488
11.923,0.17766
11.9897,0.177378
12.0563,0.177409
12.1229,0.177268
12.1895,0.17719
12.2561,0.176547
12.3227,0.177582
12.3893,0.176625
12.4559,0.175951
12.5225,0.175842
12.5891,0.175842
12.6557,0.175983
12.7224,0.176046
12.789,0.175795
12.8556,0.175826
12.9222,0.17581
12.9888,0.1773
13.0554,0.177848
13.122,0.178021
13.1886,0.178365
13.2552,0.177989
13.3218,0.177895
13.3884,0.178146
13.4551,0.17813
13.5217,0.178428
13.5883,0.179102
13.6549,0.17929
13.7215,0.17882
13.7881,0.178773
13.8547,0.178867
13.9213,0.178663
13.9879,0.17893
14.0545,0.179604
14.1211,0.179494
14.1878,0.179259
14.2544,0.178742
14.321,0.178648
14.3876,0.17835
14.4542,0.177864
14.5208,0.177864
14.5874,0.177785
14.654,0.178005
14.7206,0.178381
14.7872,0.17835
14.8538,0.177942
14.9205,0.17813
14.9871,0.177927
15.0537,0.177707
15.1203,0.177958
15.1869,0.178068
15.2535,0.178428
15.3201,0.178459
15.3867,0.178052
15.4533,0.178287
15.5199,0.178851
15.5865,0.179149
15.6532,0.179165
15.7198,0.17893
15.7864,0.178601
15.853,0.178005
15.9196,0.176641
15.9862,0.175748
16.0528,0.175638
16.1194,0.175575
16.186,0.175481
16.2526,0.176155
16.3192,0.17476
16.3859,0.175058
16.4525,0.175513
16.5191,0.175716
16.5857,0.175089
16.6523,0.17476
16.7189,0.174744
16.7855,0.174541
16.8521,0.174635
16.9187,0.174462
16.9853,0.174415
17.052,0.174995
17.1186,0.175168
17.1852,0.17487
17.2518,0.175089
17.3184,0.175074
17.385,0.175152
17.4516,0.174995
17.5182,0.175309
17.5848,0.175481
17.6514,0.175434
17.718,0.175262
17.7847,0.175324
17.8513,0.175293
17.9179,0.175293
17.9845,0.175419
18.0511,0.175497
18.1177,0.175403
18.1843,0.175356
18.2509,0.175591
18.3175,0.175513
18.3841,0.175371
18.4507,0.175089
18.5174,0.174415
18.584,0.173898
18.6506,0.1736
18.7172,0.173365
18.7838,0.173255
18.8504,0.17313
18.917,0.173146
18.9836,0.172973
19.0502,0.173271
19.1168,0.173459
19.1834,0.173349
19.2501,0.173255
19.3167,0.173005
19.3833,0.172926
19.4499,0.173099
19.5165,0.173271
19.5831,0.173287
19.6497,0.172095
19.7163,0.172722
19.7829,0.172754
19.8495,0.172675
19.9161,0.172738
19.9828,0.172707
20.0494,0.172864
20.116,0.173005
20.1826,0.172675
20.2492,0.172895
20.3158,0.173083
20.3824,0.173271
20.449,0.173365
20.5156,0.173961
20.5822,0.173961
20.6488,0.173914
20.7155,0.175466
20.7821,0.175513
20.8487,0.175826
20.9153,0.176265
20.9819,0.176845
21.0485,0.177394
21.1151,0.177268
21.1817,0.176876
21.2483,0.176375
21.3149,0.17603
21.3815,0.176108
21.4482,0.176814
21.5148,0.177111
21.5814,0.177174
21.648,0.177221
21.7146,0.177566
21.7812,0.177347
21.8478,0.177205
21.9144,0.1773
21.981,0.177378
22.0476,0.177644
22.1142,0.177378
22.1809,0.1773
22.2475,0.177284
22.3141,0.177017
22.3807,0.176876
22.4473,0.176908
22.5139,0.177252
22.5805,0.177456
22.6471,0.178554
22.7137,0.181265
22.7803,0.1823
22.8469,0.184149
22.9136,0.18567
22.9802,0.184823
23.0468,0.186328
23.1134,0.186908
23.18,0.187363
23.2466,0.186438
23.3132,0.18603
23.3798,0.185639
23.4464,0.184714
23.513,0.184055
23.5796,0.183852
23.6463,0.183695
23.7129,0.183836
23.7795,0.184165
23.8461,0.184071
23.9127,0.183789
23.9793,0.18393
24.0459,0.184306
24.1125,0.184353
24.1791,0.184933
24.2457,0.184949
24.3124,0.184996
24.379,0.185184
24.4456,0.185137
24.5122,0.184886
24.5788,0.184918
24.6454,0.184729
24.712,0.185356
24.7786,0.185341
24.8452,0.185748
24.9118,0.185654
24.9784,0.185215
25.0451,0.184839
25.1117,0.184761
25.1783,0.184761
25.2449,0.184071
25.3115,0.183758
25.3781,0.183946
25.4447,0.183914
25.5113,0.183617
25.5779,0.183632
25.6445,0.183303
25.7111,0.183146
25.7778,0.183209
25.8444,0.182817
25.911,0.182018
25.9776,0.182221
26.0442,0.182002
26.1108,0.182833
26.1774,0.183021
26.244,0.184244
26.3106,0.18556
26.3772,0.186234
26.4438,0.18672
26.5105,0.187457
26.5771,0.187723
26.6437,0.188225
26.7103,0.189087
26.7769,0.189291
26.8435,0.189604
26.9101,0.190372
26.9767,0.190561
27.0433,0.191329
27.1099,0.192504
27.1765,0.19288
27.2432,0.194338
27.3098,0.195843
27.3764,0.197505
27.443,0.199856
27.5096,0.201862
27.5762,0.203759
27.6428,0.206565
27.7094,0.209135
27.776,0.210264
27.8426,0.212976
27.9092,0.214951
27.9759,0.212192
28.0425,0.215155
28.1091,0.216471
28.1757,0.217678
28.2423,0.220374
28.3089,0.22282
28.3755,0.223556
28.4421,0.225437
28.5087,0.226644
28.5753,0.227726
28.6419,0.230046
28.7086,0.232914
28.7752,0.234106
28.8418,0.236143
28.9084,0.238542
28.975,0.239749
29.0416,0.242366
29.1082,0.244216
29.1748,0.245329
29.2414,0.247915
29.308,0.250455
29.3746,0.250784
29.4413,0.253245
29.5079,0.255047
29.5745,0.255565
29.6411,0.255502
29.7077,0.258088
29.7743,0.259233
29.8409,0.261255
29.9075,0.263731
29.9741,0.264562
30.0407,0.266333
30.1073,0.268387
30.174,0.268355
30.2406,0.269076
30.3072,0.270048
30.3738,0.270613
30.4404,0.270801
30.507,0.27149
30.5736,0.272384
30.6402,0.272305
30.7068,0.273246
30.7734,0.273748
30.8401,0.274798
30.9067,0.275268
30.9733,0.275268
31.0399,0.27555
31.1065,0.275425
31.1731,0.275519
31.2397,0.276193
31.3063,0.280817
31.3729,0.281036
31.4395,0.281099
31.5061,0.280127
31.5728,0.279485
31.6394,0.280394
31.706,0.279704
31.7726,0.279485
31.8392,0.279438
31.9058,0.279312
31.9724,0.279155
32.039,0.279171
32.1056,0.278795
32.1722,0.278356
32.2388,0.278528
32.3055,0.278779
32.3721,0.278983
32.4387,0.278607
32.5053,0.278372
32.5719,0.277995
32.6385,0.277259
32.7051,0.27729
32.7717,0.276992
32.8383,0.2774
32.9049,0.276397
32.9715,0.27555
33.0382,0.275378
33.1048,0.275723
33.1714,0.275989
33.238,0.279532
33.3046,0.285472
33.3712,0.288263
33.4378,0.295128
33.5044,0.300771
33.571,0.304329
33.6376,0.308076
33.7042,0.313327
33.7709,0.316383
33.8375,0.323437
33.9041,0.329049
33.9707,0.331416
34.0373,0.333595
34.1039,0.335962
34.1705,0.336636
34.2371,0.338799
34.3037,0.339629
34.3703,0.339943
34.4369,0.343438
34.5036,0.3451
34.5702,0.345586
34.6368,0.356135
34.7034,0.358267
34.77,0.359207
34.8366,0.360101
34.9032,0.361621
34.9698,0.363016
35.0364,0.364459
35.103,0.365274
35.1696,0.365791
35.2363,0.36728
35.3029,0.368221
35.3695,0.368174
35.4361,0.370149
35.5027,0.369929
35.5693,0.371512
35.6359,0.372014
35.7025,0.37192
35.7691,0.372374
35.8357,0.37308
35.9023,0.37355
35.969,0.374067
36.0356,0.372657
36.1022,0.373675
36.1688,0.374444
36.2354,0.373299
36.302,0.372249
36.3686,0.372124
36.4352,0.371214
36.5018,0.369694
36.5684,0.369522
36.635,0.367656
36.7017,0.366057
36.7683,0.365524
36.8349,0.364365
36.9015,0.362468
36.9681,0.361512
37.0347,0.361245
37.1013,0.361277
37.1679,0.360712
37.2345,0.358972
37.3011,0.358878
37.3678,0.358314
37.4344,0.357593
37.501,0.356699
37.5676,0.35474
37.6342,0.354035
37.7008,0.353721
37.7674,0.353439
37.834,0.353941
37.9006,0.357656
37.9672,0.361104
38.0338,0.364192
38.1005,0.367092
38.1671,0.368174
38.2337,0.372421
38.3003,0.375447
38.3669,0.376669
38.4335,0.380134
38.5001,0.383943
38.5667,0.3862
38.6333,0.390275
38.6999,0.393928
38.7665,0.395448
38.8332,0.398411
38.8998,0.401389
38.9664,0.403489
39.033,0.406609
39.0996,0.409399
39.1662,0.410684
39.2328,0.413803
39.2994,0.416829
39.366,0.417973
39.4326,0.421014
39.4992,0.425936
39.5659,0.428036
39.6325,0.439134
39.6991,0.443743
39.7657,0.446831
39.8323,0.450248
39.8989,0.455436
39.9655,0.457756
40.0321,0.462584
40.0987,0.466032
40.1653,0.469042
40.2319,0.472381
40.2986,0.475829
40.3652,0.478118
40.4318,0.488401
40.4984,0.497414
40.565,0.500815
40.6316,0.507853
40.6982,0.511364
40.7648,0.513214
40.8314,0.515408
40.898,0.518089
40.9646,0.519594
41.0313,0.523356
41.0979,0.525895
41.1645,0.527823
41.2311,0.530817
41.2977,0.541115
41.3643,0.542244
41.4309,0.544125
41.4975,0.544736
41.5641,0.545363
41.6307,0.546508
41.6973,0.547072
41.764,0.547621
41.8306,0.548812
41.8972,0.550567
41.9638,0.552621
42.0304,0.555129
42.097,0.557245
42.1636,0.557762
42.2302,0.559095
42.2968,0.559675
42.3634,0.560286
42.43,0.559925
42.4967,0.559565
42.5633,0.559016
42.6299,0.557794
42.6965,0.557214
42.7631,0.555568
42.8297,0.554784
42.8963,0.556148
42.9629,0.557057
43.0295,0.558609
43.0961,0.559863
43.1627,0.560615
43.2294,0.560788
43.296,0.561493
43.3626,0.562026
43.4292,0.562198
43.4958,0.562355
43.5624,0.562857
43.629,0.562653
43.6956,0.562637
43.7622,0.562371
43.8288,0.561979
43.8954,0.562167
43.9621,0.561979
44.0287,0.561603
44.0953,0.562872
44.1619,0.563311
44.2285,0.564753
44.2951,0.565819
44.3617,0.565694
44.4283,0.566932
44.4949,0.566525
44.5615,0.566305
44.6282,0.564847
44.6948,0.566822
44.7614,0.567214
44.828,0.568625
44.8946,0.568986
44.9612,0.569111
45.0278,0.57049
45.0944,0.570694
45.161,0.571603
45.2276,0.572136
45.2942,0.573108
45.3609,0.574832
45.4275,0.575318
45.4941,0.576509
45.5607,0.57745
45.6273,0.577074
45.6939,0.577184
45.7605,0.578312
45.8271,0.57966
45.8937,0.581573
45.9603,0.581541
46.0269,0.582497
46.0936,0.583297
46.1602,0.583265
46.2268,0.58383
46.2934,0.585789
46.36,0.586322
46.4266,0.586306
46.4932,0.586526
46.5598,0.586369
46.6264,0.587215
46.693,0.587827
46.7596,0.588611
46.8263,0.588548
46.8929,0.588689
46.9595,0.588971
47.0261,0.589708
47.0927,0.59035
47.1593,0.590711
47.2259,0.590695
47.2925,0.591557
47.3591,0.592122
47.4257,0.592122
47.4923,0.592717
47.559,0.592764
47.6256,0.593015
47.6922,0.593752
47.7588,0.593971
47.8254,0.594097
47.892,0.594207
47.9586,0.594097
48.0252,0.594363
48.0918,0.594739
48.1584,0.594489
48.225,0.594112
48.2917,0.594881
48.3583,0.594332
48.4249,0.594567
48.4915,0.594551
48.5581,0.594739
48.6247,0.594426
48.6913,0.59441
48.7579,0.594254
48.8245,0.593783
48.8911,0.593485
48.9577,0.593689
49.0244,0.592874
49.091,0.593015
49.1576,0.594003
49.2242,0.593846
49.2908,0.593752
49.3574,0.593783
49.424,0.59289
49.4906,0.59289
49.5572,0.593297
49.6238,0.598125
49.6904,0.598
49.7571,0.598157
49.8237,0.598329
49.8903,0.597906
49.9569,0.598078
50.0235,0.597671
50.0901,0.598125
50.1567,0.597859
50.2233,0.597702
50.2899,0.597827
50.3565,0.598157
50.4231,0.597733
50.4898,0.597953
50.5564,0.597451
50.623,0.597373
50.6896,0.597827
50.7562,0.597608
50.8228,0.596903
50.8894,0.59626
50.956,0.595821
51.0226,0.594959
51.0892,0.595461
51.1559,0.595555
51.2225,0.595398
51.2891,0.598125
51.3557,0.597404
51.4223,0.597153
51.4889,0.596746
51.5555,0.596417
51.6221,0.597012
51.6887,0.597028
51.7553,0.597122
51.8219,0.597436
51.8886,0.597749
51.9552,0.597749
52.0218,0.597467
52.0884,0.598
52.155,0.597686
52.2216,0.597969
52.2882,0.599034
52.3548,0.600069
52.4214,0.602248
52.488,0.604348
52.5546,0.60496
52.6213,0.60938
52.6879,0.61275
52.7545,0.614302
52.8211,0.617029
52.8877,0.61855
52.9543,0.620164
53.0209,0.62192
53.0875,0.623722
53.1541,0.624428
53.2207,0.626042
53.2873,0.625165
53.354,0.624036
53.4206,0.62297
53.4872,0.623832
53.5538,0.624287
53.6204,0.624005
53.687,0.624224
53.7536,0.624412
53.8202,0.623754
53.8868,0.622719
53.9534,0.622468
54.02,0.622045
54.0867,0.622845
54.1533,0.623143
54.2199,0.623597
54.2865,0.624475
54.3531,0.625651
54.4197,0.626152
54.4863,0.626262
54.5529,0.627437
54.6195,0.631701
54.6861,0.630134
54.7527,0.629475
54.8194,0.62982
54.886,0.630572
54.9526,0.631231
55.0192,0.632955
55.0858,0.634084
55.1524,0.635306
55.219,0.635479
55.2856,0.636106
55.3522,0.637391
55.4188,0.637689
55.4854,0.637375
55.5521,0.637344
55.6187,0.637046
55.6853,0.636686
55.7519,0.636764
55.8185,0.637046
55.8851,0.637234
55.9517,0.637579
56.0183,0.638567
56.0849,0.63888
56.1515,0.639476
56.2181,0.639303
56.2848,0.644837
56.3514,0.644429
56.418,0.644539
56.4846,0.644037
56.5512,0.643692
56.6178,0.643567
56.6844,0.643598
56.751,0.643112
56.8176,0.643003
56.8842,0.643065
56.9508,0.643003
57.0175,0.642846
57.0841,0.642407
57.1507,0.642313
57.2173,0.642188
57.2839,0.642438
57.3505,0.641952
57.4171,0.641937
57.4837,0.641529
57.5503,0.641827
57.6169,0.641388
57.6836,0.640855
57.7502,0.640448
57.8168,0.64015
57.8834,0.639977
57.95,0.643285
58.0166,0.642956
58.0832,0.642877
58.1498,0.642407
58.2164,0.642219
58.283,0.642297
58.3496,0.642062
58.4163,0.642501
58.4829,0.641764
58.5495,0.641545
58.6161,0.640746
58.6827,0.64062
58.7493,0.640902
58.8159,0.640338
58.8825,0.640103
58.9491,0.64026
59.0157,0.640338
59.0823,0.640213
59.149,0.639946
59.2156,0.640275
59.2822,0.640024
59.3488,0.640307
59.4154,0.640087
59.482,0.640228
59.5486,0.640009
59.6152,0.640291
59.6818,0.640338
59.7484,0.640119
59.815,0.640542
59.8817,0.640542
59.9483,0.640855
60.0149,0.641216
60.0815,0.640855
60.1481,0.640855
60.2147,0.640793
60.2813,0.642658
60.3479,0.64236
60.4145,0.642407
60.4811,0.642344
60.5477,0.64189
60.6144,0.641639
60.681,0.641514
60.7476,0.641122
60.8142,0.64051
60.8808,0.640103
60.9474,0.639758
61.014,0.63935
61.0806,0.63794
61.1472,0.636921
61.2138,0.636357
61.2804,0.636576
61.3471,0.636388
61.4137,0.636639
61.4803,0.637125
61.5469,0.636529
61.6135,0.636889
61.6801,0.637156
61.7467,0.637172
61.8133,0.637266
61.8799,0.63783
61.9465,0.640291
62.0131,0.64084
62.0798,0.640651
62.1464,0.640526
62.213,0.639868
62.2796,0.641075
62.3462,0.641231
62.4128,0.64236
62.4794,0.642909
62.546,0.643771
62.6126,0.644586
62.6792,0.643692
62.7458,0.643975
62.8125,0.644523
62.8791,0.64468
62.9457,0.64421
63.0123,0.643818
63.0789,0.643833
63.1455,0.643677
63.2121,0.643661
63.2787,0.643457
63.3453,0.643661
63.4119,0.643959
63.4785,0.644366
63.5452,0.64446
63.6118,0.649022
63.6784,0.64852
63.745,0.648379
63.8116,0.647392
63.8782,0.646608
63.9448,0.646592
64.0114,0.646216
64.078,0.645683
64.1446,0.645652
64.2112,0.64562
64.2779,0.645887
64.3445,0.645965
64.4111,0.645777
64.4777,0.645354
64.5443,0.645213
64.6109,0.645432
64.6775,0.645636
64.7441,0.645542
64.8107,0.645699
64.8773,0.645636
64.944,0.645464
65.0106,0.645558
65.0772,0.645856
65.1438,0.644805
65.2104,0.644727
65.277,0.643614
65.3436,0.643301
65.4102,0.643191
65.4768,0.642768
65.5434,0.642736
65.61,0.642642
65.6767,0.642297
65.7433,0.641561
65.8099,0.641576
65.8765,0.641341
65.9431,0.640824
66.0097,0.640667
66.0763,0.640354
66.1429,0.639774
66.2095,0.639539
66.2761,0.639476
66.3427,0.639883
66.4094,0.639962
66.476,0.63993
66.5426,0.640009
66.6092,0.641059
66.6758,0.642266
66.7424,0.642015
66.809,0.64247
66.8756,0.642721
66.9422,0.642156
67.0088,0.641655
67.0754,0.641467
67.1421,0.641529
67.2087,0.641592
67.2753,0.641529
67.3419,0.640134
67.4085,0.639711
67.4751,0.640024
67.5417,0.639241
67.6083,0.639288
67.6749,0.639554
67.7415,0.639523
67.8081,0.639288
67.8748,0.639507
67.9414,0.639021
68.008,0.638488
68.0746,0.638002
68.1412,0.637736
68.2078,0.637767
68.2744,0.637281
68.341,0.637375
68.4076,0.637658
68.4742,0.637673
68.5408,0.637548
68.6075,0.637799
68.6741,0.637391
68.7407,0.637078
68.8073,0.636576
68.8739,0.636074
68.9405,0.635541
69.0071,0.636012
69.0737,0.635651
69.1403,0.635573
69.2069,0.634695
69.2735,0.634836
69.3402,0.634601
69.4068,0.634993
69.4734,0.63493
69.54,0.63515
69.6066,0.635212
69.6732,0.634899
69.7398,0.635808
69.8064,0.635918
69.873,0.635651
69.9396,0.635463
70.0062,0.634789
70.0729,0.634554
70.1395,0.63435
70.2061,0.634256
70.2727,0.634146
70.3393,0.633707
70.4059,0.633269
70.4725,0.633927
70.5391,0.634037
70.6057,0.634397
70.6723,0.632845
70.7389,0.632297
70.8056,0.631858
70.8722,0.631905
70.9388,0.631889
71.0054,0.631184
71.072,0.631168
71.1386,0.63051
71.2052,0.630228
71.2718,0.630196
71.3384,0.630243
71.405,0.630008
71.4717,0.628958
71.5383,0.629256
71.6049,0.629757
71.6715,0.629789
71.7381,0.629757
71.8047,0.629522
71.8713,0.629601
71.9379,0.628989
72.0045,0.629632
72.0711,0.629726
72.1377,0.629883
72.2044,0.629648
72.271,0.630196
72.3376,0.640557
72.4042,0.640636
72.4708,0.639899
72.5374,0.639852
72.604,0.639727
72.6706,0.64004
72.7372,0.639554
72.8038,0.63957
72.8704,0.63946
72.9371,0.639413
73.0037,0.638974
73.0703,0.638865
73.1369,0.638755
73.2035,0.638739
73.2701,0.638018
73.3367,0.637861
73.4033,0.637767
73.4699,0.637125
73.5365,0.637078
73.6031,0.636341
73.6698,0.634914
73.7364,0.635588
73.803,0.635432
73.8696,0.635761
73.9362,0.635604
74.0028,0.637187
74.0694,0.636482
74.136,0.635432
74.2026,0.635008
74.2692,0.635071
74.3358,0.633896
74.4025,0.63377
74.4691,0.633237
74.5357,0.632516
74.6023,0.633551
74.6689,0.633519
74.7355,0.634037
74.8021,0.633425
74.8687,0.633253
74.9353,0.63225
75.0019,0.632971
75.0685,0.633112
75.1352,0.633629
75.2018,0.634146
75.2684,0.635087
75.335,0.637548
75.4016,0.636842
75.4682,0.636466
75.5348,0.636858
75.6014,0.635886
75.668,0.639115
75.7346,0.639178
75.8012,0.638959
75.8679,0.638488
75.9345,0.638206
76.0011,0.637579
76.0677,0.636968
76.1343,0.636529
76.2009,0.636012
76.2675,0.63609
76.3341,0.636357
76.4007,0.635761
76.4673,0.635588
76.5339,0.635447
76.6006,0.635839
76.6672,0.635008
76.7338,0.634131
76.8004,0.633849
76.867,0.633896
76.9336,0.633316
77.0002,0.632908
77.0668,0.633284
77.1334,0.633488
77.2,0.634679
77.2666,0.634914
77.3333,0.63341
77.3999,0.633284
77.4665,0.633049
77.5331,0.632547
77.5997,0.631591
77.6663,0.631419
77.7329,0.630557
77.7995,0.631497
77.8661,0.630902
77.9327,0.631842
77.9994,0.631372
78.066,0.631293
78.1326,0.630964
78.1992,0.631058
78.2658,0.631011
78.3324,0.630369
78.399,0.630525
78.4656,0.631137
78.5322,0.630761
78.5988,0.631482
78.6654,0.631152
78.7321,0.631529
78.7987,0.631388
78.8653,0.632077
78.9319,0.63225
78.9985,0.640275
79.0651,0.640385
79.1317,0.640557
79.1983,0.640573
79.2649,0.640307
79.3315,0.640793
79.3981,0.640824
79.4648,0.6412
79.5314,0.641012
79.598,0.641294
79.6646,0.641122
79.7312,0.641686
79.7978,0.642313
79.8644,0.642423
79.931,0.642564
79.9976,0.642689
80.0642,0.643316
80.1308,0.642721
80.1975,0.643003
80.2641,0.642642
80.3307,0.642626
80.3973,0.642971
80.4639,0.643348
80.5305,0.642862
80.5971,0.64341
80.6637,0.646733
80.7303,0.64678
80.7969,0.645997
80.8635,0.645558
80.9302,0.645746
80.9968,0.645103
81.0634,0.644555
81.13,0.644084
81.1966,0.643692
81.2632,0.643677
81.3298,0.643238
81.3964,0.643065
81.463,0.643159
81.5296,0.642705
81.5962,0.643144
81.6629,0.64305
81.7295,0.643536
81.7961,0.643112
81.8627,0.643395
81.9293,0.643724
81.9959,0.644868
82.0625,0.645009
82.1291,0.645025
82.1957,0.645307
82.2623,0.645464
82.3289,0.648708
82.3956,0.647909
82.4622,0.647972
82.5288,0.648144
82.5954,0.648411
82.662,0.64932
82.7286,0.649806
82.7952,0.650762
82.8618,0.651389
82.9284,0.65222
82.995,0.652141
83.0616,0.651671
83.1283,0.651075
83.1949,0.651122
83.2615,0.65037
83.3281,0.649994
83.3947,0.64921
83.4613,0.649821
83.5279,0.649618
83.5945,0.649335
83.6611,0.649132
83.7277,0.64863
83.7943,0.648473
83.861,0.648317
83.9276,0.648254
83.9942,0.647204
84.0608,0.647047
84.1274,0.646921
84.194,0.646827
84.2606,0.646749
84.3272,0.647345
84.3938,0.646577
84.4604,0.646044
84.527,0.64584
84.5937,0.645871
84.6603,0.64584
84.7269,0.645354
84.7935,0.644476
84.8601,0.645229
84.9267,0.645276
84.9933,0.645558
85.0599,0.645526
85.1265,0.645887
85.1931,0.64562
85.2598,0.64537
85.3264,0.644915
85.393,0.644084
85.4596,0.644743
85.5262,0.64515
85.5928,0.644711
85.6594,0.646953
85.726,0.646921
85.7926,0.647141
85.8592,0.64747
85.9258,0.647015
85.9925,0.646843
86.0591,0.646592
86.1257,0.645495
86.1923,0.644664
86.2589,0.644946
86.3255,0.643708
86.3921,0.643708
86.4587,0.643081
86.5253,0.642658
86.5919,0.642877
86.6585,0.64305
86.7252,0.642266
86.7918,0.641467
86.8584,0.641545
86.925,0.641341
86.9916,0.641514
87.0582,0.641184
87.1248,0.640918
87.1914,0.641341
87.258,0.64109
87.3246,0.643034
87.3912,0.642579
87.4579,0.641655
87.5245,0.641999
87.5911,0.640542
87.6577,0.640557
87.7243,0.640197
87.7909,0.639962
87.8575,0.640119
87.9241,0.640275
87.9907,0.639523
88.0573,0.639727
88.1239,0.63935
88.1906,0.638849
88.2572,0.638943
88.3238,0.638285
88.3904,0.638363
88.457,0.6383
88.5236,0.638096
88.5902,0.638081
88.6568,0.638018
88.7234,0.638159
88.79,0.639131
88.8566,0.638802
88.9233,0.638473
88.9899,0.64073
89.0565,0.640965
89.1231,0.640291
89.1897,0.640197
89.2563,0.63993
89.3229,0.639256
89.3895,0.638723
89.4561,0.638096
89.5227,0.637469
89.5893,0.63794
89.656,0.637516
89.7226,0.638175
89.7892,0.638379
89.8558,0.638535
89.9224,0.638488
89.989,0.639037
90.0556,0.639006
90.1222,0.639397
90.1888,0.639084
90.2554,0.639303
90.322,0.639539
90.3887,0.640071
90.4553,0.639899
90.5219,0.640714
90.5885,0.641404
90.6551,0.642862
90.7217,0.643332
90.7883,0.644069
90.8549,0.643912
90.9215,0.644617
90.9881,0.64421
91.0547,0.644837
91.1214,0.645166
91.188,0.645652
91.2546,0.646059
91.3212,0.64653
91.3878,0.646608
91.4544,0.646671
91.521,0.646702
91.5876,0.64678
91.6542,0.646906
91.7208,0.647674
91.7875,0.647501
91.8541,0.647611
91.9207,0.647251
91.9873,0.64736
92.0539,0.647376
92.1205,0.647125
92.1871,0.647611
92.2537,0.647235
92.3203,0.648834
92.3869,0.648426
92.4535,0.64816
92.5202,0.647846
92.5868,0.648222
92.6534,0.647893
92.72,0.647313
92.7866,0.64769
92.8532,0.647125
92.9198,0.646059
92.9864,0.646028
93.053,0.645213
93.1196,0.645056
93.1862,0.645025
93.2529,0.644821
93.3195,0.644351
93.3861,0.644539
93.4527,0.644507
93.5193,0.6441
93.5859,0.644037
93.6525,0.644304
93.7191,0.643285
93.7857,0.644053
93.8523,0.644053
93.9189,0.643489
93.9856,0.642721
94.0522,0.642658
94.1188,0.642674
94.1854,0.642658
94.252,0.642344
94.3186,0.64247
94.3852,0.643598
94.4518,0.643222
94.5184,0.642548
94.585,0.642564
94.6516,0.642517
94.7183,0.644225
94.7849,0.645417
94.8515,0.645495
94.9181,0.64595
94.9847,0.646843
95.0513,0.647063
95.1179,0.649915
95.1845,0.650715
95.2511,0.651091
95.3177,0.654743
95.3843,0.655621
95.451,0.657298
95.5176,0.65954
95.5842,0.660747
95.6508,0.666029
95.7174,0.6678
95.784,0.668929
95.8506,0.669039
95.9172,0.67023
95.9838,0.671923
96.0504,0.673349
96.117,0.674008
96.1837,0.67534
96.2503,0.676641
96.3169,0.677597
96.3835,0.681093
96.4501,0.681109
96.5167,0.682535
96.5833,0.684322
96.6499,0.685498
96.7165,0.688382
96.7831,0.689322
96.8497,0.691454
96.9164,0.693743
96.983,0.695122
97.0496,0.695953
97.1162,0.697269
97.1828,0.700812
97.2494,0.702505
97.316,0.701658
97.3826,0.704151
97.4492,0.704213
97.5158,0.706941
97.5824,0.711001
97.6491,0.71122
97.7157,0.712364
97.7823,0.712662
97.8489,0.714825
97.9155,0.715735
97.9821,0.7176
98.0487,0.71829
98.1153,0.719747
98.1819,0.720468
98.2485,0.717992
98.3152,0.723039
98.3818,0.722381
98.4484,0.724983
98.515,0.722537
98.5816,0.723713
98.6482,0.72503
98.7148,0.725955
98.7814,0.728729
98.848,0.72992
98.9146,0.731974
98.9812,0.731362
99.0479,0.730171
99.1145,0.73398
99.1811,0.733541
99.2477,0.733024
99.3143,0.73572
99.3809,0.737679
99.4475,0.736316
99.5141,0.736943
99.5807,0.736786
99.6473,0.737507
99.7139,0.738636
99.7806,0.742351
99.8472,0.743244
99.9138,0.744059
99.9804,0.745517
100.047,0.744169
100.114,0.742335
100.18,0.738024
100.247,0.738009
100.313,0.738291
100.38,0.741191
100.447,0.737962
100.513,0.746128
100.58,0.743636
100.646,0.745611
100.713,0.746019
100.78,0.752398
100.846,0.751191
100.913,0.752837
100.98,0.730767
101.046,0.72782
101.113,0.725171
101.179,0.723306
101.246,0.717083
101.313,0.711753
101.379,0.671077
101.446,0.671171
101.512,0.661687
101.579,0.655919
101.646,0.653991
101.712,0.649179
101.779,0.648395
101.845,0.646169
101.912,0.648442
101.979,0.645323
102.045,0.643253
102.112,0.644633
102.178,0.643504
102.245,0.646185
102.312,0.637297
102.378,0.637344
102.445,0.639115
102.512,0.638363
102.578,0.638535
102.645,0.64051
102.711,0.64015
102.778,0.642579
102.845,0.64515
102.911,0.647815
102.978,0.650025
103.044,0.649884
103.111,0.650872
103.178,0.649806
103.244,0.609364
103.311,0.601151
103.377,0.59753
103.444,0.595508
103.511,0.588971
103.577,0.586714
103.644,0.587451
103.71,0.584551
103.777,0.581839
103.844,0.581494
103.91,0.579065
103.977,0.569613
104.044,0.568453
104.11,0.567152
104.177,0.562465
104.243,0.560897
104.31,0.560835
104.377,0.56165
104.443,0.56143
104.51,0.559972
104.576,0.55922
104.643,0.55864
104.71,0.559095
104.776,0.56143
104.843,0.563452
104.909,0.565945
104.976,0.565459
105.043,0.564158
105.109,0.568986
105.176,0.577936
105.243,0.578782
105.309,0.580209
105.376,0.583924
105.442,0.585914
105.509,0.584002
105.576,0.584175
105.642,0.584551
105.709,0.584535
105.775,0.581525
105.842,0.580146
105.909,0.583234
105.975,0.582874
106.042,0.583563
106.108,0.584128
106.175,0.582152
106.242,0.583438
106.308,0.582795
106.375,0.58441
106.441,0.583485
106.508,0.585115
106.575,0.586056
106.641,0.588736
106.708,0.590476
106.775,0.58825
106.841,0.587795
106.908,0.585523
106.974,0.588799
107.041,0.590633
107.108,0.59383
107.174,0.588814
107.241,0.587404
107.307,0.582356
107.374,0.580177
107.441,0.578124
107.507,0.571948
107.574,0.558687
107.64,0.556148
107.707,0.550771
107.774,0.544768
107.84,0.547385
107.907,0.542871
107.973,0.533811
108.04,0.533011
108.107,0.532933
108.173,0.530613
108.24,0.534218
108.307,0.535864
108.373,0.533403
108.44,0.53403
108.506,0.534798
108.573,0.538905
108.64,0.54367
108.706,0.546884
108.773,0.552511
108.839,0.553154
108.906,0.550317
108.973,0.54284
109.039,0.543514
109.106,0.547135
109.172,0.546555
109.239,0.542949
109.306,0.538639
109.372,0.536397
109.439,0.535519
109.505,0.535802
109.572,0.533403
109.639,0.533011
109.705,0.531789
109.772,0.526099
109.839,0.524233
109.905,0.525629
109.972,0.527196
110.038,0.524641
110.105,0.529108
110.172,0.53193
110.238,0.535143
110.305,0.536099
110.371,0.536444
110.438,0.539234
110.505,0.543263
110.571,0.541836
110.638,0.534689
110.704,0.541946
110.771,0.54052
110.838,0.5411
110.904,0.544486
110.971,0.542401
111.038,0.539877
111.104,0.540927
111.171,0.535786
111.237,0.535394
111.304,0.532259
111.371,0.52856
111.437,0.525096
111.504,0.518136
111.57,0.50906
111.637,0.50906
111.704,0.504185
111.77,0.498182
111.837,0.49699
111.903,0.495987
111.97,0.495877
112.037,0.493652
112.103,0.492915
112.17,0.489012
112.236,0.487664
112.303,0.480547
112.37,0.477804
112.436,0.478619
112.503,0.482773
112.57,0.481159
112.636,0.484654
112.703,0.494514
112.769,0.502069
112.836,0.504185
112.903,0.511866
112.969,0.517854
113.036,0.525691
113.102,0.530441
113.169,0.537353
113.236,0.541868
113.302,0.546053
113.369,0.551618
113.435,0.550285
113.502,0.555364
113.569,0.56027
113.635,0.557433
113.702,0.55632
113.768,0.551398
113.835,0.553232
113.902,0.545254
113.968,0.54168
114.035,0.544313
114.102,0.540191
114.168,0.541993
114.235,0.545113
114.301,0.533685
114.368,0.532479
114.435,0.531272
114.501,0.527008
114.568,0.523638
114.634,0.525707
114.701,0.518261
114.768,0.515283
114.834,0.51417
114.901,0.512665
114.967,0.520111
115.034,0.523215
115.101,0.522243
115.167,0.52033
115.234,0.523654
115.3,0.495517
115.367,0.476754
115.434,0.474403
115.5,0.456298
115.567,0.458399
115.634,0.436391
115.7,0.435576
115.767,0.415465
115.833,0.410998
115.9,0.403411
115.967,0.386576
116.033,0.379773
116.1,0.377218
116.166,0.360571
116.233,0.357703
116.3,0.353392
116.366,0.349223
116.433,0.334488
116.499,0.330569
116.566,0.32734
116.633,0.325365
116.699,0.325679
116.766,0.320287
116.833,0.320537
116.899,0.321399
116.966,0.319487
117.032,0.317982
117.099,0.319221
117.166,0.32071
117.232,0.319001
117.299,0.317481
117.365,0.313923
117.432,0.311791
117.499,0.308546
117.565,0.306493
117.632,0.306649
117.698,0.31165
117.765,0.313374
117.832,0.316258
117.898,0.3177
117.965,0.314597
118.031,0.321995
118.098,0.321352
118.165,0.321039
118.231,0.318437
118.298,0.318468
118.365,0.315474
118.431,0.313703
118.498,0.310929
118.564,0.308217
118.631,0.309361
118.698,0.306649
118.764,0.300975
118.831,0.29969
118.897,0.293514
118.964,0.291178
119.031,0.28682
119.097,0.279955
119.164,0.274092
119.23,0.271396
119.297,0.265252
119.364,0.260361
119.43,0.258167
119.497,0.253558
119.563,0.24641
119.63,0.244075
119.697,0.238636
119.763,0.234403
119.83,0.23409
119.897,0.232852
119.963,0.231676
120.03,0.230782
120.096,0.231159
120.163,0.230563
120.23,0.230281
120.296,0.2313
120.363,0.230798
120.429,0.23409
120.496,0.233322
120.563,0.231284
120.629,0.230344
120.696,0.230814
120.762,0.22713
120.829,0.226221
120.896,0.224748
120.962,0.216894
121.029,0.217067
121.095,0.220076
121.162,0.223901
121.229,0.225092
121.295,0.230767
121.362,0.234372
121.429,0.237397
121.495,0.240407
121.562,0.244874
121.628,0.24489
121.695,0.246191
121.762,0.24768
121.828,0.249561
121.895,0.249248
121.961,0.24431
122.028,0.24315
122.095,0.239984
122.161,0.234544
122.228,0.233087
122.294,0.227616
122.361,0.222365
122.428,0.220045
122.494,0.214386
122.561,0.211894
122.628,0.211079
122.694,0.205389
122.761,0.201172
122.827,0.198633
122.894,0.193617
122.961,0.187661
123.027,0.186548
123.094,0.182895
123.16,0.178209
123.227,0.176782
123.294,0.170183
123.36,0.164524
123.427,0.163411
123.493,0.158881
123.56,0.157345
123.627,0.15733
123.693,0.159289
123.76,0.160339
123.826,0.162706
123.893,0.162988
123.96,0.161092
124.026,0.160762
124.093,0.158207
124.16,0.15421
124.226,0.153191
124.293,0.152173
124.359,0.157518
124.426,0.160151
124.493,0.164869
124.559,0.166688
124.626,0.166311
124.692,0.172158
124.759,0.169979
124.826,0.170528
124.892,0.170214
124.959,0.170967
125.025,0.170387
125.092,0.170293
125.159,0.169007
125.225,0.1678
125.292,0.16918
125.358,0.171547
125.425,0.172848
125.492,0.17708
125.558,0.179165
125.625,0.181297
125.692,0.185827
125.758,0.194667
125.825,0.198586
125.891,0.204135
125.958,0.209903
126.025,0.212004
126.091,0.214919
126.158,0.219904
126.224,0.222835
126.291,0.226582
126.358,0.237272
126.424,0.241159
126.491,0.248871
126.557,0.259029
126.624,0.260722
126.691,0.269625
126.757,0.281099
126.824,0.284109
126.89,0.288623
126.957,0.293749
127.024,0.293702
127.09,0.292009
127.157,0.288968
127.224,0.288937
127.29,0.284046
127.357,0.28345
127.423,0.281287
127.49,0.277588
127.557,0.272917
127.623,0.270613
127.69,0.265988
127.756,0.262963
127.823,0.261788
127.89,0.254091
127.956,0.253448
128.023,0.250392
128.089,0.245658
128.156,0.242178
128.223,0.231143
128.289,0.226754
128.356,0.222851
128.422,0.218117
128.489,0.213132
128.556,0.208508
128.622,0.20553
128.689,0.20122
128.756,0.191078
128.822,0.187958
128.889,0.181375
128.955,0.171202
129.022,0.169321
129.089,0.165449
129.155,0.161436
129.222,0.157847
129.288,0.152235
129.355,0.150574
129.422,0.152972
129.488,0.148614
129.555,0.143708
129.621,0.14131
129.688,0.136043
129.755,0.128629
129.821,0.125212
129.888,0.114678
129.955,0.107342
130.021,0.103627
130.088,0.0968713
130.154,0.0882344
130.221,0.086181
130.288,0.0782808
130.354,0.0712741
130.421,0.0687661
130.487,0.0651452
130.554,0.0614929
130.621,0.0599254
130.687,0.0550818
130.754,0.0498777
130.82,0.0479811
130.887,0.0450185
130.954,0.0397047
131.02,0.038435
131.087,0.0340617
131.153,0.0325726
131.22,0.0305348
131.287,0.0269923
131.353,0.0227444
131.42,0.0210045
131.487,0.0182457
131.553,0.0147972
131.62,0.0127594
131.686,0.0089504
131.753,0.00603486
131.82,0.00412252
131.886,0.00117562
131.953,3.13499e-05
132.019,0
132.086,0.000956173
132.153,0.00242962
132.219,0.00291554
132.286,0.00333877
132.352,0.00346417
132.419,0.00340147
132.486,0.00343282
132.552,0.00349552
132.619,0.00349552
132.685,0.00368362
132.752,0.00384037
132.819,0.00424792
132.885,0.00479654
132.952,0.00476519
133.019,0.00471816
133.085,0.00495329
133.152,0.00554894
133.218,0.00572136
133.285,0.00639539
133.352,0.009452
133.418,0.0128221
133.485,0.0199856
133.551,0.0273371
133.618,0.0319456
133.685,0.0430121
133.751,0.0535457
133.818,0.0603643
133.884,0.0730924
133.951,0.0834065
134.018,0.0888143
134.084,0.0991441
134.151,0.108314
134.217,0.116465
134.284,0.126544
134.351,0.137156
134.417,0.144664
134.484,0.154884
134.551,0.163897
134.617,0.168819
134.684,0.176437
134.75,0.187143
134.817,0.196047
134.884,0.207505
134.95,0.214324
135.017,0.217459
135.083,0.221628
135.15,0.230955
135.217,0.232256
135.283,0.236739
135.35,0.245078
135.416,0.24304
135.483,0.239028
135.55,0.236206
135.616,0.230438
135.683,0.225594
135.75,0.216785
135.816,0.212302
135.883,0.205217
135.949,0.200451
136.016,0.195812
136.083,0.189698
136.149,0.178632
136.216,0.175481
136.282,0.161954
136.349,0.154822
136.416,0.152173
136.482,0.144931
136.549,0.135635
136.615,0.131873
136.682,0.123127
136.749,0.113581
136.815,0.11112
136.882,0.103737
136.948,0.100038
137.015,0.0984701
137.082,0.0904289
137.148,0.0796602
137.215,0.0764938
137.282,0.0684682
137.348,0.0624334
137.415,0.0629036
137.481,0.0575271
137.548,0.0519155
137.615,0.0507399
137.681,0.0447677
137.748,0.0444699
137.814,0.04273
137.881,0.0424008
137.948,0.0387799
138.014,0.0388426
138.081,0.0377453
138.147,0.0350806
138.214,0.0341401
138.281,0.0330271
138.347,0.0304094
138.414,0.0299392
138.48,0.0284657
138.547,0.0246881
138.614,0.0228854
138.68,0.0183084
138.747,0.0146874
138.814,0.0134178
138.88,0.0123362
138.947,0.012634
139.013,0.0126183
139.08,0.0135275
139.147,0.0136842
139.213,0.0134491
139.28,0.0125556
139.346,0.0124616
139.413,0.012681
139.48,0.0129945
139.546,0.0136372
139.613,0.0139821
139.679,0.014468
139.746,0.0143269
139.813,0.0142172
139.879,0.0140448
139.946,0.0140134
140.012,0.0143583
140.079,0.016976
140.146,0.0187473
140.212,0.020158
140.279,0.0229952
140.346,0.0265847
140.412,0.028889
140.479,0.0338109
140.545,0.0401279
140.612,0.0425732
140.679,0.049188
140.745,0.0552072
140.812,0.0582168
140.878,0.0642047
140.945,0.0704433
141.012,0.0738448
141.078,0.0805066
141.145,0.0899429
141.211,0.0946925
141.278,0.105242
141.345,0.115195
141.411,0.121606
141.478,0.133316
141.545,0.142579
141.611,0.14769
141.678,0.16106
141.744,0.175152
141.811,0.179494
141.878,0.186187
141.944,0.192112
142.011,0.195749
142.077,0.200342
142.144,0.203539
142.211,0.206157
142.277,0.206674
142.344,0.211346
142.41,0.211926
142.477,0.215452
142.544,0.218023
142.61,0.21807
142.677,0.216064
142.743,0.215782
142.81,0.214575
142.877,0.212944
142.943,0.210515
143.01,0.208555
143.077,0.208822
143.143,0.206298
143.21,0.205703
143.276,0.201847
143.343,0.196156
143.41,0.197222
143.476,0.20263
143.543,0.213258
143.609,0.218932
143.676,0.22202
143.743,0.227475
143.809,0.226817
143.876,0.227256
143.942,0.227193
144.009,0.227569
144.076,0.227961
144.142,0.227898
144.209,0.225155
144.275,0.221801
144.342,0.218023
144.409,0.215891
144.475,0.214355
144.542,0.209229
144.609,0.207991
144.675,0.199699
144.742,0.196548
144.808,0.193476
144.875,0.184494
144.942,0.17523
145.008,0.170826
145.075,0.161421
145.141,0.152204
145.208,0.147
145.275,0.138049
145.341,0.129209
145.408,0.126607
145.474,0.119114
145.541,0.111527
145.608,0.108173
145.674,0.0999906
145.741,0.0924509
145.807,0.0911342
145.874,0.081886
145.941,0.0742053
146.007,0.0702238
146.074,0.062982
146.141,0.0553483
146.207,0.0530598
146.274,0.0471503
146.34,0.0421813
146.407,0.0408019
146.474,0.0364129
146.54,0.0329801
146.607,0.0312716
146.673,0.0273685
146.74,0.0229952
146.807,0.0218195
146.873,0.0222584
146.94,0.0218979
147.006,0.0214904
147.073,0.0209261
147.14,0.0208947
147.206,0.0201737
147.273,0.0199072
147.34,0.0175873
147.406,0.0165528
147.473,0.0153458
147.539,0.0140291
147.606,0.0133394
147.673,0.0130729
147.739,0.0127908
147.806,0.0124459
147.872,0.0123205
147.939,0.0125556
148.006,0.0127437
148.072,0.0131356
148.139,0.0134805
148.205,0.0143583
148.272,0.0139664
148.339,0.0142642
148.405,0.0144837
148.472,0.0147345
148.538,0.014515
148.605,0.0141231
148.672,0.0139664
148.738,0.0141545
148.805,0.0143112
148.872,0.0142956
148.938,0.0138567
149.005,0.0142799
149.071,0.0147188
149.138,0.0151107
149.205,0.0154555
149.271,0.0153458
149.338,0.0151107
149.404,0.0153144
149.471,0.0159258
149.538,0.0166468
149.604,0.0170857
149.671,0.0173052
149.737,0.0167879
149.804,0.0164587
149.871,0.0174149
149.937,0.0174776
150.004,0.0179165
150.07,0.018904
150.137,0.0196094
150.204,0.0198759
150.27,0.0200013
150.337,0.020064
150.404,0.0206283
150.47,0.0208947
150.537,0.0209574
150.603,0.0204872
150.67,0.0207537
150.737,0.0204088
150.803,0.0199699
150.87,0.0193899
150.936,0.0193429
151.003,0.0198915
151.07,0.0210358
151.136,0.0250486
151.203,0.0274625
151.269,0.0319142
151.336,0.0354881
151.403,0.0389836
151.469,0.0455828
151.536,0.0491567
151.602,0.0511317
151.669,0.0530284
151.736,0.056759
151.802,0.0579974
151.869,0.0600351
151.936,0.0636247
152.002,0.0645025
152.069,0.0679823
152.135,0.0706157
152.202,0.0713838
152.269,0.0742837
152.335,0.0761646
152.402,0.0780456
152.468,0.0800364
152.535,0.0803655
152.602,0.0813374
152.668,0.0823092
152.735,0.0822309
152.801,0.0824346
152.868,0.0828579
152.935,0.08256
153.001,0.0816822
153.068,0.0816979
153.135,0.0860556
153.201,0.0886733
153.268,0.0903818
153.334,0.0903975
153.401,0.0896765
153.468,0.0894727
153.534,0.0893003
153.601,0.0886733
153.667,0.0890495
153.734,0.0876074
153.801,0.0870274
153.867,0.0885792
153.934,0.0905386
154,0.0901781
154.067,0.0861339
154.134,0.081306
154.2,0.0796445
154.267,0.0750988
154.333,0.0689071
154.4,0.0668851
154.467,0.0634366
154.533,0.062261
154.6,0.0622453
154.667,0.0601605
154.733,0.0560537
154.8,0.0553326
154.866,0.0510063
154.933,0.0509907
155,0.0506301
155.066,0.0504264
155.133,0.0490313
155.199,0.0477146
155.266,0.0479184
155.333,0.0453006
155.399,0.0445482
155.466,0.0430591
155.532,0.0413819
155.599,0.038435
155.666,0.0367578
155.732,0.0353941
155.799,0.0347671
155.865,0.0335601
155.932,0.032071
155.999,0.0309424
156.065,0.0293435
156.132,0.0283247
156.199,0.0280895
156.265,0.0270863
156.332,0.0259891
156.398,0.0253621
156.465,0.0262869
156.532,0.0272901
156.598,0.0282463
156.665,0.0271804
156.731,0.0267101
156.798,0.0263183
156.865,0.0253464
156.931,0.0244059
156.998,0.0236535
157.064,0.0225406
157.131,0.0217098
157.198,0.0215844
157.264,0.0207693
157.331,0.0203931
157.397,0.0200326
157.464,0.0204088
157.531,0.020158
157.597,0.0194213
157.664,0.0193899
157.731,0.0190608
157.797,0.0190137
157.864,0.0184965
157.93,0.0191235
157.997,0.0195937
158.064,0.0202677
158.13,0.0196094
158.197,0.0183711
158.263,0.0178381
158.33,0.0171327
158.397,0.0167252
158.463,0.0164901
158.53,0.0163803
158.596,0.0155652
158.663,0.0150166
158.73,0.0223682
158.796,0.0284344
158.863,0.0444228
158.93,0.0616026
158.996,0.0660229
159.063,0.0788451
159.129,0.0818703
159.196,0.0817136
159.263,0.0803185
159.329,0.079331
159.396,0.0797542
159.462,0.0788137
159.529,0.0784218
159.596,0.07803
159.662,0.075616
159.729,0.0748166
159.795,0.0738761
159.862,0.073014
159.929,0.0722616
159.995,0.0713995
160.062,0.0697849
160.128,0.0689071
160.195,0.0680607
160.262,0.0671359
160.328,0.0671986
160.395,0.0668851
160.462,0.0651138
160.528,0.0650041
160.595,0.0627155
160.661,0.062935
160.728,0.063656
160.795,0.0610853
160.861,0.0564612
160.928,0.052323
160.994,0.0510847
161.061,0.0488745
161.128,0.046586
161.194,0.0454417
161.261,0.0428083
161.327,0.0378394
161.394,0.0359113
161.461,0.0315694
161.527,0.0279485
161.594,0.0260048
161.66,0.0222114
161.727,0.0195937
161.794,0.0176657
161.86,0.0148285
161.927,0.0126497
161.994,0.0127124
162.06,0.0250799
162.127,0.0397204
162.193,0.0457866
162.26,0.052809
162.327,0.0544862
162.393,0.0559126
162.46,0.0571039
162.526,0.0589692
162.593,0.0593768
162.66,0.0598627
162.726,0.0591887
162.793,0.0595492
162.859,0.0595022
162.926,0.0595492
162.993,0.0590789
163.059,0.0589849
163.126,0.0587811
163.192,0.0581228
163.259,0.0577152
163.326,0.0570569
163.392,0.0567434
163.459,0.056132
163.526,0.0558029
163.592,0.054784
163.659,0.0545645
163.725,0.0541257
163.792,0.0544391
163.859,0.0544391
163.925,0.0544078
163.992,0.0537495
164.058,0.0535143
164.125,0.0500972
164.192,0.0481065
164.258,0.0443758
164.325,0.0390463
164.391,0.037228
164.458,0.0335287
164.525,0.0307229
164.591,0.0289987
164.658,0.0269453
164.725,0.0233714
164.791,0.0223211
164.858,0.0227914
164.924,0.0254718
164.991,0.0268982
165.058,0.0287949
165.124,0.0285598
165.191,0.0279485
165.257,0.0263966
165.324,0.025801
165.391,0.0260361
165.457,0.0268826
165.524,0.0268669
165.59,0.0268669
165.657,0.0266318
165.724,0.0272117
165.79,0.0272117
165.857,0.0273685
165.923,0.027729
165.99,0.027055
166.057,0.0272588
166.123,0.0268982
166.19,0.0265847
166.257,0.0263339
166.323,0.0263653
166.39,0.0263026
166.456,0.0266631
166.523,0.0272274
166.59,0.0264907
166.656,0.0266474
166.723,0.0268199
166.789,0.0267728
166.856,0.0262712
166.923,0.0260361
166.989,0.0265691
167.056,0.0345633
167.122,0.0456768
167.189,0.0511161
167.256,0.061775
167.322,0.0711487
167.389,0.0741426
167.455,0.0797385
167.522,0.0802715
167.589,0.0797229
167.655,0.0785943
167.722,0.0772149
167.789,0.0764154
167.855,0.0773559
167.922,0.0762587
167.988,0.0763998
168.055,0.076823
168.122,0.0762273
168.188,0.0765565
168.255,0.0772776
168.321,0.0775597
168.388,0.0785629
168.455,0.0791742
168.521,0.0804282
168.588,0.0808985
168.654,0.0802245
168.721,0.0812433
168.788,0.0825757
168.854,0.0821838
168.921,0.0815725
168.987,0.0823249
169.054,0.0800991
169.121,0.0800834
169.187,0.0795818
169.254,0.0775597
169.321,0.0765095
169.387,0.0760706
169.454,0.075616
169.52,0.075569
169.587,0.0752085
169.654,0.0754906
169.72,0.075616
169.787,0.0763998
169.853,0.0741426
169.92,0.0712114
169.987,0.0700201
170.053,0.0664932
170.12,0.0637344
170.186,0.0633269
170.253,0.0608189
170.32,0.057245
170.386,0.0550975
170.453,0.0506928
170.52,0.0460844
170.586,0.0446893
170.653,0.0397204
170.719,0.0350806
170.786,0.0326039
170.853,0.0288106
170.919,0.0253464
170.986,0.02392
171.052,0.0207223
171.119,0.0181516
171.186,0.0169133
171.252,0.0159258
171.319,0.0152988
171.385,0.015095
171.452,0.014515
171.519,0.0143583
171.585,0.014421
171.652,0.014421
171.718,0.0143426
171.785,0.0143896
171.852,0.0144366
171.918,0.0143112
171.985,0.0142799
172.052,0.0142642
172.118,0.0142799
172.185,0.0142329
172.251,0.0144837
172.318,0.0144523
172.385,0.014468
172.451,0.0144523
172.518,0.0145307
172.584,0.014562
172.651,0.0146091
172.718,0.0146404
172.784,0.0146247
172.851,0.0146247
172.917,0.0144366
172.984,0.0144523
173.051,0.0144366
173.117,0.0144053
173.184,0.0143896
173.25,0.0143739
173.317,0.0143896
173.384,0.0143583
173.45,0.0143896
173.517,0.0144993
173.584,0.014468
173.65,0.0146091
173.717,0.014562
173.783,0.014515
173.85,0.014515
173.917,0.0143739
173.983,0.0143896
174.05,0.0142799
174.116,0.0143896
174.183,0.0144366
174.25,0.014468
174.316,0.0145464
174.383,0.0144523
174.449,0.0142485
174.516,0.0143739
174.583,0.0143896
174.649,0.0143896
174.716,0.0143739
174.782,0.0145464
174.849,0.0177597
174.916,0.023246
174.982,0.0269296
175.049,0.0326666
175.116,0.039689
175.182,0.0422284
175.249,0.0458336
175.315,0.0488745
175.382,0.0503793
175.449,0.0534673
175.515,0.0562574
175.582,0.0567904
175.648,0.0629507
175.715,0.0745972
175.782,0.079911
175.848,0.0911186
175.915,0.100586
175.981,0.105649
176.048,0.118456
176.115,0.130149
176.181,0.136639
176.248,0.146937
176.315,0.153944
176.381,0.156389
176.448,0.161609
176.514,0.161703
176.581,0.162393
176.648,0.162314
176.714,0.163223
176.781,0.163662
176.847,0.163741
176.914,0.165402
176.981,0.167032
177.047,0.168098
177.114,0.166327
177.18,0.166484
177.247,0.166609
177.314,0.165355
177.38,0.163396
177.447,0.160135
177.513,0.156358
177.58,0.154148
177.647,0.15164
177.713,0.152674
177.78,0.151138
177.847,0.148426
177.913,0.148113
177.98,0.147548
178.046,0.149335
178.113,0.151937
178.18,0.155605
178.246,0.153238
178.313,0.153144
178.379,0.153317
178.446,0.150762
178.513,0.149586
178.579,0.144915
178.646,0.142188
178.712,0.138065
178.779,0.134789
178.846,0.133331
178.912,0.12714
178.979,0.125431
179.045,0.12645
179.112,0.12366
179.179,0.123472
179.245,0.122061
179.312,0.116967
179.379,0.11496
179.445,0.112107
179.512,0.108957
179.578,0.107389
179.645,0.101825
179.712,0.0971691
179.778,0.0952254
179.845,0.0923099
179.911,0.0877798
179.978,0.084974
180.045,0.080005
180.111,0.0758512
180.178,0.073641
180.244,0.0700201
180.311,0.0676061
180.378,0.064816
180.444,0.0620729
180.511,0.0598157
180.577,0.0570725
180.644,0.0556931
180.711,0.0562574
180.777,0.0567904
180.844,0.0571039
180.911,0.0575428
180.977,0.0576055
181.044,0.0575428
181.11,0.0566493
181.177,0.0563201
181.244,0.05411
181.31,0.0544548
181.377,0.0549094
181.443,0.0545175
181.51,0.0551759
181.577,0.0539062
181.643,0.0565866
181.71,0.0611167
181.776,0.0642047
181.843,0.069879
181.91,0.0766349
181.976,0.0798796
182.043,0.0833124
182.109,0.0864318
182.176,0.0883127
182.243,0.0900056
182.309,0.0924039
182.376,0.093219
182.443,0.0953508
182.509,0.0957897
182.576,0.0962443
182.642,0.0967302
182.709,0.0967302
182.776,0.096887
182.842,0.0956957
182.909,0.0960875
182.975,0.0966205
183.042,0.096307
183.109,0.0956486
183.175,0.0962756
183.242,0.0955076
183.308,0.0945671
183.375,0.0946141
183.442,0.0948022
183.508,0.0949746
183.575,0.0947081
183.642,0.0949433
183.708,0.0946454
183.775,0.0950216
183.841,0.0957113
183.908,0.0953351
183.975,0.0955859
184.041,0.0958681
184.108,0.0963227
184.174,0.0967772
184.241,0.0983134
184.308,0.098862
184.374,0.0987993
184.441,0.0997084
184.507,0.100868
184.574,0.10137
184.641,0.102483
184.707,0.104019
184.774,0.103643
184.84,0.104411
184.907,0.104411
184.974,0.104097
185.04,0.102953
185.107,0.103439
185.174,0.103392
185.24,0.103235
185.307,0.104881
185.373,0.104693
185.44,0.103878
185.507,0.103455
185.573,0.103345
185.64,0.102373
185.706,0.101903
185.773,0.101527
185.84,0.102937
185.906,0.103157
185.973,0.103032
186.039,0.103173
186.106,0.102953
186.173,0.102248
186.239,0.10289
186.306,0.102781
186.372,0.103721
186.439,0.104427
186.506,0.104035
186.572,0.104286
186.639,0.103894
186.706,0.104066
186.772,0.104583
186.839,0.104521
186.905,0.104521
186.972,0.104975
187.039,0.104756
187.105,0.104411
187.172,0.103784
187.238,0.103267
187.305,0.103439
187.372,0.104286
187.438,0.105649
187.505,0.105508
187.571,0.105602
187.638,0.105681
187.705,0.105273
187.771,0.105257
187.838,0.105571
187.904,0.105696
187.971,0.10637
188.038,0.106888
188.104,0.106762
188.171,0.10706
188.238,0.106339
188.304,0.106245
188.371,0.10637
188.437,0.106935
188.504,0.107326
188.571,0.107859
188.637,0.108157
188.704,0.108439
188.77,0.108518
188.837,0.108439
188.904,0.108565
188.97,0.108408
189.037,0.107624
189.103,0.107326
189.17,0.106684
189.237,0.106198
189.303,0.10579
189.37,0.105602
189.437,0.105383
189.503,0.105806
189.57,0.105822
189.636,0.105775
189.703,0.106433
189.77,0.106417
189.836,0.106652
189.903,0.10659
189.969,0.106182
190.036,0.10601
190.103,0.106433
190.169,0.106308
190.236,0.106715
190.302,0.106386
190.369,0.106323
190.436,0.106558
190.502,0.106402
190.569,0.105054
190.635,0.105226
190.702,0.105822
190.769,0.105994
190.835,0.106841
190.902,0.107374
190.969,0.107421
191.035,0.107703
191.102,0.108675
191.168,0.108816
191.235,0.109254
191.302,0.109302
191.368,0.109443
191.435,0.109317
191.501,0.109223
191.568,0.10916
191.635,0.108706
191.701,0.10811
191.768,0.107765
191.834,0.107389
191.901,0.108847
191.968,0.109192
192.034,0.110383
192.101,0.110744
192.167,0.110822
192.234,0.109521
192.301,0.110258
192.367,0.11065
192.434,0.110634
192.501,0.111198
192.567,0.111668
192.634,0.11159
192.7,0.110979
192.767,0.1109
192.834,0.109223
192.9,0.108518
192.967,0.108549
193.033,0.10858
193.1,0.108502
193.167,0.109098
193.233,0.108502
193.3,0.108204
193.366,0.108032
193.433,0.107264
193.5,0.106794
193.566,0.106699
193.633,0.107029
193.699,0.107609
193.766,0.107687
193.833,0.107374
193.899,0.106747
193.966,0.10706
194.033,0.106997
194.099,0.107342
194.166,0.107374
194.232,0.107389
194.299,0.107311
194.366,0.107076
194.432,0.106856
194.499,0.106699
194.565,0.106794
194.632,0.106652
194.699,0.10717
194.765,0.107405
194.832,0.107703
194.898,0.107185
194.965,0.10695
195.032,0.106778
195.098,0.107389
195.165,0.107483
195.232,0.109239
195.298,0.110164
195.365,0.110697
195.431,0.111668
195.498,0.111418
195.565,0.111386
195.631,0.111026
195.698,0.11123
195.764,0.111527
195.831,0.112045
195.898,0.112186
195.964,0.112546
196.031,0.113205
196.097,0.113471
196.164,0.113706
196.231,0.113879
196.297,0.115242
196.364,0.115399
196.43,0.116481
196.497,0.117766
196.564,0.118189
196.63,0.119522
196.697,0.120149
196.764,0.120023
196.83,0.121857
196.897,0.124161
196.963,0.124647
197.03,0.126513
197.097,0.12924
197.163,0.13145
197.23,0.135855
197.296,0.138034
197.363,0.139382
197.43,0.142031
197.496,0.145119
197.563,0.146404
197.629,0.148661
197.696,0.152079
197.763,0.153928
197.829,0.156938
197.896,0.159618
197.962,0.161531
198.029,0.165245
198.096,0.169054
198.162,0.170622
198.229,0.173804
198.296,0.177284
198.362,0.17871
198.429,0.18183
198.495,0.185168
198.562,0.186516
198.629,0.192003
198.695,0.196439
198.762,0.198853
198.828,0.203571
198.895,0.214324
198.962,0.215688
199.028,0.2197
199.095,0.225375
199.161,0.230877
199.228,0.238401
199.295,0.245486
199.361,0.24931
199.428,0.256301
199.494,0.26243
199.561,0.265456
199.628,0.271083
199.694,0.281068
199.761,0.286115
199.828,0.296539
199.894,0.304815
199.961,0.309236
200.027,0.316023
200.094,0.321384
200.161,0.324205
200.227,0.332529
200.294,0.343062
200.36,0.347185
200.427,0.356511
200.494,0.364427
200.56,0.366951
200.627,0.374679
200.693,0.38573
200.76,0.392548
200.827,0.415167
200.893,0.428742
200.96,0.435184
201.027,0.449589
201.093,0.461941
201.16,0.467757
201.226,0.475594
201.293,0.482538
201.36,0.483275
201.426,0.488871
201.493,0.490626
201.559,0.494059
201.626,0.491927
201.693,0.492429
201.759,0.493683
201.826,0.494388
201.892,0.494984
201.959,0.493385
202.026,0.493338
202.092,0.493307
202.159,0.492335
202.225,0.492633
202.292,0.497508
202.359,0.496787
202.425,0.498746
202.492,0.468713
202.559,0.467741
202.625,0.46771
202.692,0.465546
202.758,0.46575
202.825,0.467349
202.892,0.467866
202.958,0.468054
203.025,0.468258
203.091,0.469434
203.158,0.467851
203.225,0.465797
203.291,0.465374
203.358,0.464386
203.424,0.464543
203.491,0.463305
203.558,0.465013
203.624,0.469026
203.691,0.475798
203.757,0.479184
203.824,0.488259
203.891,0.490595
203.957,0.494247
204.024,0.499702
204.091,0.505486
204.157,0.507148
204.224,0.507587
204.29,0.513324
204.357,0.515158
204.424,0.51765
204.49,0.520409
204.557,0.520832
204.623,0.522995
204.69,0.523465
204.757,0.525268
204.823,0.525158
204.89,0.527666
204.956,0.52914
205.023,0.527055
205.09,0.529908
205.156,0.532604
205.223,0.53831
205.289,0.544219
205.356,0.548153
205.423,0.554298
205.489,0.561634
205.556,0.561697
205.623,0.566039
205.689,0.574237
205.756,0.579017
205.822,0.584222
205.889,0.590617
205.956,0.590805
206.022,0.593611
206.089,0.595022
206.155,0.595116
206.222,0.592764
206.289,0.590006
206.355,0.587654
206.422,0.582654
206.488,0.58035
206.555,0.579597
206.622,0.572716
206.688,0.56908
206.755,0.567967
206.822,0.565255
206.888,0.563625
206.955,0.561759
207.021,0.558201
207.088,0.557888
207.155,0.556728
207.221,0.555364
207.288,0.553514
207.354,0.553655
207.421,0.552793
207.488,0.551273
207.554,0.549956
207.621,0.548153
207.687,0.548969
207.754,0.548624
207.821,0.548451
207.887,0.54936
207.954,0.550113
208.02,0.550473
208.087,0.550254
208.154,0.549972
208.22,0.552542
208.287,0.554737
208.354,0.554862
208.42,0.556978
208.487,0.56027
208.553,0.561587
208.62,0.563875
208.687,0.565976
208.753,0.567449
208.82,0.569973
208.886,0.57292
208.953,0.572936
209.02,0.573766
209.086,0.575506
209.153,0.576353
209.219,0.578202
209.286,0.579895
209.353,0.579676
209.419,0.581259
209.486,0.58256
209.552,0.583156
209.619,0.585052
209.686,0.584692
209.752,0.585005
209.819,0.586134
209.886,0.585962
209.952,0.586165
210.019,0.586479
210.085,0.587027
210.152,0.586918
210.219,0.587184
210.285,0.587592
210.352,0.588015
210.418,0.587576
210.485,0.587341
210.552,0.590727
210.618,0.591526
210.685,0.59209
210.751,0.59184
210.818,0.591714
210.885,0.591495
210.951,0.590977
211.018,0.590727
211.084,0.590413
211.151,0.589723
211.218,0.589269
211.284,0.58988
211.351,0.588908
211.418,0.589238
211.484,0.588893
211.551,0.58872
211.617,0.587842
211.684,0.589363
211.751,0.588987
211.817,0.589441
211.884,0.592498
211.95,0.593344
212.017,0.59557
212.084,0.598893
212.15,0.60021
212.217,0.603941
212.283,0.605461
212.35,0.606214
212.417,0.607295
212.483,0.607562
212.55,0.608251
212.617,0.608424
212.683,0.608659
212.75,0.608675
212.816,0.608722
212.883,0.609176
212.95,0.609066
213.016,0.608706
213.083,0.608314
213.149,0.608424
213.216,0.607562
213.283,0.60822
213.349,0.60811
213.416,0.607922
213.482,0.607906
213.549,0.607671
213.616,0.608001
213.682,0.607953
213.749,0.607718
213.815,0.607703
213.882,0.611621
213.949,0.611762
214.015,0.611261
214.082,0.610994
214.149,0.610775
214.215,0.610085
214.282,0.609286
214.348,0.609443
214.415,0.609098
214.482,0.609302
214.548,0.609066
214.615,0.60891
214.681,0.608502
214.748,0.608283
214.815,0.608157
214.881,0.607546
214.948,0.607248
215.014,0.607217
215.081,0.607264
215.148,0.607076
215.214,0.606558
215.281,0.606167
215.347,0.605916
215.414,0.605508
215.481,0.605351
215.547,0.607029
215.614,0.606276
215.681,0.606621
215.747,0.606355
215.814,0.60648
215.88,0.60554
215.947,0.605916
216.014,0.605398
216.08,0.605054
216.147,0.605226
216.213,0.605289
216.28,0.60474
216.347,0.604129
216.413,0.604286
216.48,0.604474
216.546,0.604035
216.613,0.60405
216.68,0.603988
216.746,0.603721
216.813,0.603549
216.879,0.603251
216.946,0.603439
217.013,0.603345
217.079,0.603564
217.146,0.603956
217.213,0.605101
217.279,0.604207
217.346,0.603815
217.412,0.604505
217.479,0.60474
217.546,0.604693
217.612,0.604458
217.679,0.604207
217.745,0.604521
217.812,0.605163
217.879,0.605571
217.945,0.605618
218.012,0.605743
218.078,0.605837
218.145,0.605602
218.212,0.605383
218.278,0.605759
218.345,0.606104
218.412,0.605696
218.478,0.605587
218.545,0.605806
218.611,0.60554
218.678,0.605461
218.745,0.605461
218.811,0.605226
218.878,0.609897
218.944,0.610085
219.011,0.609709
219.078,0.609756
219.144,0.609364
219.211,0.608988
219.277,0.608769
219.344,0.60869
219.411,0.608863
219.477,0.608518
219.544,0.608142
219.61,0.607718
219.677,0.607781
219.744,0.60753
219.81,0.607421
219.877,0.607264
219.944,0.606966
220.01,0.606809
220.077,0.606903
220.143,0.606888
220.21,0.606778
220.277,0.607311
220.343,0.606747
220.41,0.606919
220.476,0.607358
220.543,0.609427
220.61,0.608189
220.676,0.607515
220.743,0.608016
220.809,0.60775
220.876,0.60775
220.943,0.608048
221.009,0.608126
221.076,0.607985
221.142,0.606997
221.209,0.606386
221.276,0.606072
221.342,0.606355
221.409,0.606261
221.476,0.606433
221.542,0.607044
221.609,0.607076
221.675,0.606605
221.742,0.606856
221.809,0.60648
221.875,0.606323
221.942,0.606872
222.008,0.606637
222.075,0.606668
222.142,0.606308
222.208,0.60438
222.275,0.604254
222.341,0.604677
222.408,0.60532
222.475,0.604442
222.541,0.604019
222.608,0.60416
222.674,0.604254
222.741,0.603627
222.808,0.603047
222.874,0.602358
222.941,0.602342
223.008,0.601574
223.074,0.600759
223.141,0.601119
223.207,0.601354
223.274,0.601401
223.341,0.601683
223.407,0.602937
223.474,0.603204
223.54,0.604113
223.607,0.604286
223.674,0.605148
223.74,0.605351
223.807,0.60554
223.873,0.607185
223.94,0.606308
224.007,0.60648
224.073,0.606167
224.14,0.605665
224.207,0.605257
224.273,0.605179
224.34,0.604991
224.406,0.603956
224.473,0.603
224.54,0.603141
224.606,0.602436
224.673,0.60231
224.739,0.601856
224.806,0.601558
224.873,0.601135
224.939,0.601104
225.006,0.601056
225.072,0.600962
225.139,0.600696
225.206,0.600586
225.272,0.600398
225.339,0.600477
225.405,0.600555
225.472,0.600633
225.539,0.599458
225.605,0.59927
225.672,0.599411
225.739,0.599364
225.805,0.6001
225.872,0.599567
225.938,0.599928
226.005,0.599442
226.072,0.599348
226.138,0.598737
226.205,0.598627
226.271,0.598219
226.338,0.598392
226.405,0.598705
226.471,0.599097
226.538,0.599489
226.604,0.59985
226.671,0.600618
226.738,0.601198
226.804,0.601699
226.871,0.602342
226.937,0.60231
227.004,0.602452
227.071,0.60311
227.137,0.603141
227.204,0.606229
227.271,0.606167
227.337,0.606809
227.404,0.606386
227.47,0.606699
227.537,0.606605
227.604,0.606731
227.67,0.606747
227.737,0.607076
227.803,0.607076
227.87,0.607154
227.937,0.607013
228.003,0.606888
228.07,0.606872
228.136,0.606731
228.203,0.606637
228.27,0.606935
228.336,0.606747
228.403,0.606637
228.469,0.606935
228.536,0.606825
228.603,0.606621
228.669,0.606841
228.736,0.606935
228.803,0.607154
228.869,0.61717
228.936,0.616528
229.002,0.616622
229.069,0.616434
229.136,0.616355
229.202,0.616731
229.269,0.616606
229.335,0.616559
229.402,0.616559
229.469,0.616512
229.535,0.616261
229.602,0.61659
229.668,0.616606
229.735,0.616481
229.802,0.616559
229.868,0.616512
229.935,0.616622
230.001,0.616637
230.068,0.616622
230.135,0.616982
230.201,0.616559
230.268,0.616355
230.335,0.616277
230.401,0.616277
230.468,0.616042
230.534,0.620838
230.601,0.620525
230.668,0.620509
230.734,0.62029
230.801,0.620572
230.867,0.620603
230.934,0.620399
231.001,0.619976
231.067,0.619145
231.134,0.618707
231.2,0.617029
231.267,0.616653
231.334,0.616434
231.4,0.615901
231.467,0.615195
231.534,0.614913
231.6,0.615117
231.667,0.615117
231.733,0.61518
231.8,0.614976
231.867,0.615321
231.933,0.614897
232,0.614945
232.066,0.61518
232.133,0.615164
232.2,0.617186
232.266,0.616575
232.333,0.616449
232.399,0.615854
232.466,0.615791
232.533,0.615869
232.599,0.615227
232.666,0.615007
232.732,0.615242
232.799,0.615305
232.866,0.615305
232.932,0.615133
232.999,0.615117
233.066,0.614725
233.132,0.614741
233.199,0.615916
233.265,0.615901
233.332,0.615807
233.399,0.615509
233.465,0.615509
233.532,0.61543
233.598,0.615195
233.665,0.615023
233.732,0.614897
233.798,0.61496
233.865,0.613581
233.931,0.613502
233.998,0.613393
234.065,0.613283
234.131,0.612907
234.198,0.613048
234.264,0.613111
234.331,0.613314
234.398,0.613064
234.464,0.612938
234.531,0.61322
234.598,0.612813
234.664,0.612468
234.731,0.61264
234.797,0.613064
234.864,0.613111
234.931,0.613252
234.997,0.61322
235.064,0.613079
235.13,0.612891
235.197,0.613126
235.264,0.613565
235.33,0.613706
235.397,0.613785
235.463,0.613894
235.53,0.614286
235.597,0.614286
235.663,0.614098
235.73,0.613628
235.796,0.613079
235.863,0.612766
235.93,0.612985
235.996,0.61344
236.063,0.613706
236.13,0.614082
236.196,0.615133
236.263,0.615807
236.329,0.615885
236.396,0.616559
236.463,0.617343
236.529,0.617672
236.596,0.617938
236.662,0.618017
236.729,0.618032
236.796,0.618142
236.862,0.618659
236.929,0.618722
236.995,0.618597
237.062,0.618597
237.129,0.618597
237.195,0.619239
237.262,0.619271
237.329,0.619694
237.395,0.619584
237.462,0.619239
237.528,0.619412
237.595,0.618581
237.662,0.619051
237.728,0.619083
237.795,0.616653
237.861,0.616543
237.928,0.616496
237.995,0.616199
238.061,0.616794
238.128,0.616481
238.194,0.61659
238.261,0.616042
238.328,0.616653
238.394,0.61681
238.461,0.616857
238.527,0.617202
238.594,0.617797
238.661,0.617766
238.727,0.617954
238.794,0.617923
238.861,0.617876
238.927,0.618032
238.994,0.618174
239.06,0.618048
239.127,0.618158
239.194,0.618236
239.26,0.618487
239.327,0.618471
239.393,0.61833
239.46,0.618362
239.527,0.618001
239.593,0.617782
239.66,0.617735
239.726,0.617249
239.793,0.616543
239.86,0.616653
239.926,0.616214
239.993,0.615869
240.059,0.616073
240.126,0.616371
240.193,0.616183
240.259,0.616104
240.326,0.616763
240.393,0.617061
240.459,0.616967
240.526,0.617547
240.592,0.618189
240.659,0.618612
240.726,0.619334
240.792,0.620039
240.859,0.620525
240.925,0.621356
240.992,0.622139
241.059,0.623158
241.125,0.626685
241.192,0.628738
241.258,0.629271
241.325,0.629695
241.392,0.629522
241.458,0.629757
241.525,0.629146
241.591,0.628613
241.658,0.628691
241.725,0.628597
241.791,0.628629
241.858,0.628409
241.925,0.628582
241.991,0.629381
242.058,0.629068
242.124,0.629397
242.191,0.629475
242.258,0.629554
242.324,0.629616
242.391,0.629601
242.457,0.629365
242.524,0.629804
242.591,0.628958
242.657,0.628676
242.724,0.629224
242.79,0.627265
242.857,0.627077
242.924,0.627876
242.99,0.627563
243.057,0.627484
243.124,0.627249
243.19,0.627155
243.257,0.627218
243.323,0.627484
243.39,0.627437
243.457,0.626873
243.523,0.625572
243.59,0.625682
243.656,0.62576
243.723,0.625415
243.79,0.625337
243.856,0.625447
243.923,0.625384
243.989,0.624726
244.056,0.624412
244.123,0.624036
244.189,0.623393
244.256,0.622829
244.322,0.622672
244.389,0.622421
244.456,0.624161
244.522,0.624271
244.589,0.623848
244.656,0.623566
244.722,0.622233
244.789,0.621936
244.855,0.622406
244.922,0.622954
244.989,0.622186
245.055,0.622766
245.122,0.621951
245.188,0.622139
245.255,0.622061
245.322,0.62228
245.388,0.622155
245.455,0.621732
245.521,0.621465
245.588,0.621669
245.655,0.621183
245.721,0.620995
245.788,0.620619
245.854,0.62007
245.921,0.620509
245.988,0.620556
246.054,0.620305
246.121,0.618816
246.188,0.619067
246.254,0.618659
246.321,0.618785
246.387,0.618032
246.454,0.617938
246.521,0.617985
246.587,0.618456
246.654,0.61844
246.72,0.618409
246.787,0.618487
246.854,0.618221
246.92,0.618503
246.987,0.617938
247.053,0.618032
247.12,0.617296
247.187,0.617108
247.253,0.616794
247.32,0.61612
247.386,0.61612
247.453,0.615572
247.52,0.616387
247.586,0.616214
247.653,0.616794
247.72,0.615901
247.786,0.614192
247.853,0.61449
247.919,0.614584
247.986,0.61496
248.053,0.614741
248.119,0.615007
248.186,0.614349
248.252,0.614412
248.319,0.614521
248.386,0.614506
248.452,0.614192
248.519,0.614474
248.585,0.614819
248.652,0.614051
248.719,0.615023
248.785,0.614945
248.852,0.614866
248.919,0.615211
248.985,0.614709
249.052,0.615477
249.118,0.614694
249.185,0.615415
249.252,0.615211
249.318,0.615054
249.385,0.61449
249.451,0.615274
249.518,0.615039
249.585,0.614929
249.651,0.614631
249.718,0.615007
249.784,0.61485
249.851,0.614333
249.918,0.614584
249.984,0.614239
250.051,0.614067
250.117,0.61402
250.184,0.614474
250.251,0.613785
250.317,0.613706
250.384,0.612029
250.451,0.612484
250.517,0.612186
250.584,0.611998
250.65,0.611214
250.717,0.610885
250.784,0.610195
250.85,0.610101
250.917,0.608471
250.983,0.609176
251.05,0.608737
251.117,0.609772
251.183,0.610759
251.25,0.610853
251.316,0.61228
251.383,0.612499
251.45,0.61275
251.516,0.61264
251.583,0.612562
251.649,0.613032
251.716,0.612938
251.783,0.613016
251.849,0.61344
251.916,0.612969
251.983,0.612672
252.049,0.613299
252.116,0.613064
252.182,0.61402
252.249,0.61427
252.316,0.614145
252.382,0.614945
252.449,0.614521
252.515,0.61438
252.582,0.615023
252.649,0.61496
252.715,0.614568
252.782,0.614709
252.848,0.613894
252.915,0.613158
252.982,0.611026
253.048,0.610164
253.115,0.608957
253.181,0.608377
253.248,0.608048
253.315,0.606558
253.381,0.605367
253.448,0.604803
253.515,0.604113
253.581,0.603737
253.648,0.603925
253.714,0.604066
253.781,0.604866
253.848,0.606041
253.914,0.606903
253.981,0.607326
254.047,0.608533
254.114,0.608142
254.181,0.609207
254.247,0.611026
254.314,0.613393
254.38,0.615086
254.447,0.642266
254.514,0.641717
254.58,0.642203
254.647,0.642156
254.714,0.643097
254.78,0.643614
254.847,0.644116
254.913,0.644194
254.98,0.644696
255.047,0.645636
255.113,0.645809
255.18,0.647313
255.246,0.647533
255.313,0.647956
255.38,0.64794
255.446,0.648489
255.513,0.648442
255.579,0.649053
255.646,0.649241
255.713,0.649445
255.779,0.649163
255.846,0.649429
255.912,0.649649
255.979,0.649618
256.046,0.649539
256.112,0.656248
256.179,0.656656
256.246,0.657126
256.312,0.656828
256.379,0.656938
256.445,0.657502
256.512,0.657784
256.579,0.658019
256.645,0.657988
256.712,0.657486
256.778,0.657565
256.845,0.65733
256.912,0.657126
256.978,0.655919
257.045,0.655527
257.111,0.655088
257.178,0.656326
257.245,0.655856
257.311,0.655825
257.378,0.656185
257.444,0.656264
257.511,0.655793
257.578,0.65584
257.644,0.655684
257.711,0.655652
257.778,0.652674
257.844,0.651828
257.911,0.652925
257.977,0.651828
258.044,0.651812
258.111,0.651781
258.177,0.651624
258.244,0.652047
258.31,0.652925
258.377,0.65305
258.444,0.653019
258.51,0.653411
258.577,0.653238
258.643,0.652408
258.71,0.652
258.777,0.652314
258.843,0.652611
258.91,0.65211
258.976,0.652016
259.043,0.652031
259.11,0.652047
259.176,0.651671
259.243,0.651718
259.31,0.651561
259.376,0.651577
259.443,0.656452
259.509,0.656311
259.576,0.656123
259.643,0.655966
259.709,0.656373
259.776,0.655402
259.842,0.6549
259.909,0.654837
259.976,0.655527
260.042,0.655684
260.109,0.655104
260.175,0.65443
260.242,0.652329
260.309,0.652627
260.375,0.653238
260.442,0.65164
260.509,0.65222
260.575,0.650966
260.642,0.650809
260.708,0.651013
260.775,0.651169
260.842,0.650636
260.908,0.651138
260.975,0.651201
261.041,0.651483
261.108,0.647705
261.175,0.648269
261.241,0.647987
261.308,0.648081
261.374,0.648364
261.441,0.648019
261.508,0.647376
261.574,0.649257
261.641,0.649257
261.707,0.649665
261.774,0.649665
261.841,0.651561
261.907,0.651091
261.974,0.652282
262.041,0.652298
262.107,0.652047
262.174,0.651906
262.24,0.65106
262.307,0.651577
262.374,0.650589
262.44,0.650621
262.507,0.651138
262.573,0.65164
262.64,0.651279
262.707,0.650715
262.773,0.657251
262.84,0.656922
262.906,0.657565
262.973,0.65664
263.04,0.655072
263.106,0.654414
263.173,0.654226
263.239,0.654289
263.306,0.654853
263.373,0.6549
263.439,0.654398
263.506,0.656076
263.573,0.656593
263.639,0.65733
263.706,0.657486
263.772,0.659697
263.839,0.660214
263.906,0.659289
263.972,0.658207
264.039,0.658521
264.105,0.657737
264.172,0.657831
264.239,0.659007
264.305,0.658427
264.372,0.657878
264.438,0.665669
264.505,0.665684
264.572,0.665261
264.638,0.668553
264.705,0.665951
264.771,0.665825
264.838,0.664603
264.905,0.663035
264.971,0.663082
265.038,0.663255
265.105,0.66327
265.171,0.664274
265.238,0.663129
265.304,0.661483
265.371,0.657847
265.438,0.659211
265.504,0.660151
265.571,0.661813
265.637,0.6599
265.704,0.660088
265.771,0.660433
265.837,0.660433
265.904,0.659806
265.97,0.657769
266.037,0.657627
266.104,0.656718
266.17,0.657063
266.237,0.657784
266.304,0.659289
266.37,0.660277
266.437,0.659869
266.503,0.659838
266.57,0.659132
266.637,0.659508
266.703,0.658239
266.77,0.658427
266.836,0.657831
266.903,0.657471
266.97,0.658772
267.036,0.657784
267.103,0.659179
267.169,0.659242
267.236,0.659289
267.303,0.660026
267.369,0.659979
267.436,0.659853
267.502,0.65943
267.569,0.658913
267.636,0.659023
267.702,0.658944
267.769,0.658834
267.836,0.659195
267.902,0.659775
267.969,0.661719
268.035,0.66211
268.102,0.662847
268.169,0.662393
268.235,0.66222
268.302,0.662205
268.368,0.661468
268.435,0.660998
268.502,0.660277
268.568,0.655966
268.635,0.656656
268.701,0.654822
268.768,0.654477
268.835,0.65338
268.901,0.653505
268.968,0.653787
269.034,0.652753
269.101,0.654414
269.168,0.655402
269.234,0.654775
269.301,0.653912
269.368,0.653254
269.434,0.644335
269.501,0.64399
269.567,0.645134
269.634,0.646122
269.701,0.644069
269.767,0.644555
269.834,0.644758
269.9,0.645009
269.967,0.64515
270.034,0.648708
270.1,0.649147
270.167,0.652031
270.233,0.653442
270.3,0.654665
270.367,0.653066
270.433,0.652988
270.5,0.6528
270.566,0.65327
270.633,0.654461
270.7,0.657173
270.766,0.657314
270.833,0.661813
270.9,0.661844
270.966,0.662095
271.033,0.663694
271.099,0.678397
271.166,0.67824
271.233,0.677974
271.299,0.678491
271.366,0.676657
271.432,0.676249
271.499,0.677629
271.566,0.677566
271.632,0.67498
271.699,0.674196
271.765,0.674948
271.832,0.672832
271.899,0.672754
271.965,0.672613
272.032,0.672926
272.099,0.670826
272.165,0.668929
272.232,0.668678
272.298,0.665982
272.365,0.665794
272.432,0.666076
272.498,0.66617
272.565,0.666782
272.631,0.666782
272.698,0.664807
272.765,0.668083
272.831,0.666688
272.898,0.665919
272.964,0.666264
273.031,0.667362
273.098,0.669713
273.164,0.669274
273.231,0.67045
273.297,0.667989
273.364,0.666327
273.431,0.666719
273.497,0.666014
273.564,0.665371
273.631,0.66628
273.697,0.66639
273.764,0.666421
273.83,0.666703
273.897,0.667064
273.964,0.666578
274.03,0.666594
274.097,0.666311
274.163,0.666108
274.23,0.666311
274.297,0.667315
274.363,0.666954
274.43,0.672425
274.496,0.672315
274.563,0.672064
274.63,0.671923
274.696,0.672472
274.763,0.671437
274.829,0.672174
274.896,0.671813
274.963,0.671531
275.029,0.672189
275.096,0.672331
275.163,0.673491
275.229,0.673491
275.296,0.672973
275.362,0.672237
275.429,0.672331
275.496,0.671657
275.562,0.672111
275.629,0.670873
275.695,0.671155
275.762,0.670685
275.829,0.670653
275.895,0.67103
275.962,0.671374
276.028,0.671954
276.095,0.68299
276.162,0.682457
276.228,0.681767
276.295,0.682378
276.361,0.68346
276.428,0.682316
276.495,0.681924
276.561,0.682425
276.628,0.682331
276.695,0.681626
276.761,0.68335
276.828,0.683507
276.894,0.681312
276.961,0.682833
277.028,0.684353
277.094,0.683319
277.161,0.684338
277.227,0.684087
277.294,0.684823
277.361,0.685168
277.427,0.687535
277.494,0.68904
277.56,0.689354
277.627,0.69136
277.694,0.692536
277.76,0.694323
277.827,0.695185
277.894,0.699119
277.96,0.700922
278.027,0.703477
278.093,0.706847
278.16,0.707975
278.227,0.711189
278.293,0.713744
278.36,0.715139
278.426,0.717568
278.493,0.720625
278.56,0.721299
278.626,0.723948
278.693,0.724842
278.759,0.727789
278.826,0.729701
278.893,0.732303
278.959,0.733212
279.026,0.735344
279.092,0.738181
279.159,0.740783
279.226,0.741488
279.292,0.74616
279.359,0.74558
279.426,0.75326
279.492,0.754264
279.559,0.756944
279.625,0.75685
279.692,0.759044
279.759,0.758684
279.825,0.761333
279.892,0.760487
279.958,0.760377
280.025,0.762853
280.092,0.764045
280.158,0.765001
280.225,0.767964
280.291,0.768152
280.358,0.771208
280.425,0.773748
280.491,0.778231
280.558,0.776867
280.624,0.776318
280.691,0.777792
280.758,0.779594
280.824,0.780127
280.891,0.787463
280.958,0.786883
281.024,0.788764
281.091,0.784845
281.157,0.785237
281.224,0.787463
281.291,0.787573
281.357,0.788216
281.424,0.792432
281.49,0.793216
281.557,0.792887
281.624,0.796743
281.69,0.795536
281.757,0.796837
281.823,0.799878
281.89,0.801116
281.957,0.803138
282.023,0.805066
282.09,0.810239
282.156,0.811932
282.223,0.813374
282.29,0.813781
282.356,0.814205
282.423,0.795645
282.49,0.784767
282.556,0.780488
282.623,0.756991
282.689,0.737836
282.756,0.72423
282.823,0.724121
282.889,0.721722
282.956,0.72191
283.022,0.664587
283.089,0.65896
283.156,0.656201
283.222,0.654289
283.289,0.652627
283.355,0.651248
283.422,0.602734
283.489,0.606182
283.555,0.605665
283.622,0.60949
283.688,0.609254
283.755,0.610273
283.822,0.576008
283.888,0.573735
283.955,0.5706
284.022,0.567998
284.088,0.567308
284.155,0.566039
284.221,0.563233
284.288,0.564597
284.355,0.56643
284.421,0.558718
284.488,0.564111
284.554,0.569142
284.621,0.572795
284.688,0.577231
284.754,0.5785
284.821,0.580554
284.887,0.584363
284.954,0.583736
285.021,0.590836
285.087,0.598282
285.154,0.600163
285.221,0.600696
285.287,0.596103
285.354,0.597655
285.42,0.600508
285.487,0.604944
285.554,0.60579
285.62,0.603878
285.687,0.605477
285.753,0.605634
285.82,0.601574
285.887,0.600743
285.953,0.570537
286.02,0.568139
286.086,0.568045
286.153,0.570772
286.22,0.569832
286.286,0.572183
286.353,0.571478
286.419,0.569471
286.486,0.571462
286.553,0.572606
286.619,0.579221
286.686,0.581165
286.753,0.583767
286.819,0.588893
286.886,0.591902
286.952,0.588861
287.019,0.589943
287.086,0.590335
287.152,0.589394
287.219,0.590821
287.285,0.591103
287.352,0.590946
287.419,0.584159
287.485,0.581416
287.552,0.578767
287.618,0.561085
287.685,0.557558
287.752,0.559706
287.818,0.557433
287.885,0.5598
287.951,0.54842
288.018,0.543169
288.085,0.536993
288.151,0.535002
288.218,0.53146
288.285,0.518575
288.351,0.517164
288.418,0.513935
288.484,0.511552
288.551,0.509154
288.618,0.50348
288.684,0.500549
288.751,0.497633
288.817,0.49442
288.884,0.487272
288.951,0.486284
289.017,0.484983
289.084,0.484215
289.15,0.483698
289.217,0.483776
289.284,0.483808
289.35,0.487632
289.417,0.478635
289.483,0.480861
289.55,0.479544
289.617,0.482084
289.683,0.485328
289.75,0.484858
289.817,0.48536
289.883,0.484278
289.95,0.483102
290.016,0.480328
290.083,0.47945
290.15,0.478039
290.216,0.47492
290.283,0.471362
290.349,0.469152
290.416,0.465186
290.483,0.458618
290.549,0.455044
290.616,0.451658
290.682,0.448759
290.749,0.444134
290.816,0.439604
290.882,0.434996
290.949,0.431924
291.016,0.433303
291.082,0.432457
291.149,0.431187
291.215,0.432127
291.282,0.428397
291.349,0.425215
291.415,0.426359
291.482,0.425528
291.548,0.423334
291.615,0.425748
291.682,0.420716
291.748,0.422158
291.815,0.425951
291.881,0.426908
291.948,0.422691
292.015,0.42161
292.081,0.42012
292.148,0.420841
292.214,0.418036
292.281,0.408396
292.348,0.407565
292.414,0.400715
292.481,0.396247
292.548,0.39689
292.614,0.394507
292.681,0.388739
292.747,0.387046
292.814,0.381231
292.881,0.374099
292.947,0.371497
293.014,0.367405
293.08,0.361841
293.147,0.360305
293.214,0.354144
293.28,0.355101
293.347,0.353925
293.413,0.353157
293.48,0.349285
293.547,0.349818
293.613,0.350226
293.68,0.347216
293.746,0.348674
293.813,0.348846
293.88,0.34151
293.946,0.339222
294.013,0.343141
294.08,0.345476
294.146,0.345194
294.213,0.350429
294.279,0.353188
294.346,0.353126
294.413,0.348862
294.479,0.354395
294.546,0.354442
294.612,0.355869
294.679,0.362672
294.746,0.361496
294.812,0.362389
294.879,0.358784
294.945,0.356652
295.012,0.358204
295.079,0.361057
295.145,0.36286
295.212,0.362405
295.278,0.364897
295.345,0.36717
295.412,0.368456
295.478,0.371481
295.545,0.370587
295.612,0.37402
295.678,0.375212
295.745,0.375792
295.811,0.380494
295.878,0.387015
295.945,0.386545
296.011,0.390557
296.078,0.396733
296.144,0.401342
296.211,0.412142
296.278,0.421892
296.344,0.42813
296.411,0.436893
296.477,0.43973
296.544,0.442018
296.611,0.442739
296.677,0.44705
296.744,0.450389
296.811,0.452238
296.877,0.452458
296.944,0.453148
297.01,0.452097
297.077,0.448523
297.144,0.445953
297.21,0.443319
297.277,0.436548
297.343,0.435764
297.41,0.436563
297.477,0.438523
297.543,0.438789
297.61,0.444087
297.676,0.446987
297.743,0.441815
297.81,0.450122
297.876,0.457301
297.943,0.459433
298.009,0.465045
298.076,0.464872
298.143,0.455232
298.209,0.452771
298.276,0.449934
298.343,0.43208
298.409,0.431563
298.476,0.429228
298.542,0.429275
298.609,0.411327
298.676,0.40595
298.742,0.403944
298.809,0.398787
298.875,0.382924
298.942,0.378911
299.009,0.373237
299.075,0.372547
299.142,0.372657
299.208,0.371199
299.275,0.371262
299.342,0.36971
299.408,0.373033
299.475,0.388363
299.541,0.395746
299.608,0.408505
299.675,0.417769
299.741,0.422205
299.808,0.430105
299.875,0.436736
299.941,0.440028
300.008,0.453571
300.074,0.459135
300.141,0.457819
300.208,0.463995
300.274,0.465358
300.341,0.469512
300.407,0.484889
300.474,0.485297
300.541,0.482569
300.607,0.491191
300.674,0.494294
300.74,0.498025
300.807,0.512023
300.874,0.510753
300.94,0.511411
301.007,0.51069
301.073,0.522885
301.14,0.522352
301.207,0.524531
301.273,0.526318
301.34,0.525127
301.407,0.550803
301.473,0.557214
301.54,0.561759
301.606,0.569471
301.673,0.600774
301.74,0.605837
301.806,0.614725
301.873,0.613785
301.939,0.616481
302.006,0.619584
302.073,0.618189
302.139,0.615258
302.206,0.609521
302.272,0.602028
302.339,0.595523
302.406,0.586338
302.472,0.573798
302.539,0.574691
302.606,0.561775
302.672,0.551633
302.739,0.543702
302.805,0.53367
302.872,0.523748
302.939,0.517932
303.005,0.514813
303.072,0.510518
303.138,0.506129
303.205,0.501019
303.272,0.502853
303.338,0.50094
303.405,0.502916
303.471,0.506411
303.538,0.50906
303.605,0.472788
303.671,0.471409
303.738,0.470202
303.804,0.465484
303.871,0.465688
303.938,0.465327
304.004,0.465186
304.071,0.450796
304.138,0.448727
304.204,0.446705
304.271,0.448163
304.337,0.449307
304.404,0.448037
304.471,0.441109
304.537,0.440059
304.604,0.439745
304.67,0.440043
304.737,0.441188
304.804,0.442159
304.87,0.438335
304.937,0.435529
305.003,0.432441
305.07,0.427331
305.137,0.42545
305.203,0.422252
305.27,0.418427
305.336,0.419399
305.403,0.415763
305.47,0.414854
305.536,0.413709
305.603,0.41733
305.67,0.418569
305.736,0.419133
305.803,0.422519
305.869,0.432535
305.936,0.435764
306.003,0.438444
306.069,0.43556
306.136,0.439134
306.202,0.440153
306.269,0.436783
306.336,0.437143
306.402,0.43451
306.469,0.43603
306.535,0.436595
306.602,0.434604
306.669,0.4352
306.735,0.433977
306.802,0.431924
306.868,0.422973
306.935,0.421171
307.002,0.416907
307.068,0.417236
307.135,0.413537
307.202,0.404681
307.268,0.395667
307.335,0.393316
307.401,0.386184
307.468,0.378064
307.535,0.374459
307.601,0.369145
307.668,0.363252
307.734,0.357922
307.801,0.349395
307.868,0.346229
307.934,0.343909
308.001,0.32839
308.067,0.318578
308.134,0.318108
308.201,0.31154
308.267,0.305568
308.334,0.301853
308.401,0.302025
308.467,0.302151
308.534,0.302104
308.6,0.301696
308.667,0.304439
308.734,0.303546
308.8,0.307919
308.867,0.309251
308.933,0.308765
309,0.31886
309.067,0.328673
309.133,0.33187
309.2,0.337639
309.266,0.344473
309.333,0.350727
309.4,0.357154
309.466,0.368769
309.533,0.37344
309.599,0.381058
309.666,0.382218
309.733,0.385291
309.799,0.391921
309.866,0.387611
309.933,0.388488
309.999,0.391169
310.066,0.388739
310.132,0.389053
310.199,0.390322
310.266,0.386435
310.332,0.387501
310.399,0.372218
310.465,0.367578
310.532,0.363346
310.599,0.357405
310.665,0.353157
310.732,0.348643
310.798,0.341542
310.865,0.33673
310.932,0.33673
310.998,0.328485
311.065,0.327152
311.131,0.32292
311.198,0.315835
311.265,0.308891
311.331,0.304659
311.398,0.29679
311.465,0.285222
311.531,0.279155
311.598,0.274641
311.664,0.268073
311.731,0.257618
311.798,0.247633
311.864,0.245172
311.931,0.242147
311.997,0.237852
312.064,0.225923
312.131,0.222945
312.197,0.219951
312.264,0.219261
312.33,0.216079
312.397,0.212427
312.464,0.207066
312.53,0.204746
312.597,0.19948
312.663,0.195451
312.73,0.193006
312.797,0.192677
312.863,0.192677
312.93,0.193805
312.997,0.196893
313.063,0.201047
313.13,0.200687
313.196,0.204433
313.263,0.20495
313.33,0.205029
313.396,0.204433
313.463,0.203226
313.529,0.20495
313.596,0.204496
313.663,0.205797
313.729,0.204182
313.796,0.21285
313.862,0.218478
313.929,0.220845
313.996,0.23014
314.062,0.239984
314.129,0.246348
314.196,0.257383
314.262,0.267979
314.329,0.270017
314.395,0.272556
314.462,0.275096
314.529,0.274108
314.595,0.274751
314.662,0.279202
314.728,0.282384
314.795,0.283874
314.862,0.288952
314.928,0.290802
314.995,0.289548
315.061,0.285237
315.128,0.285018
315.195,0.283011
315.261,0.280472
315.328,0.280942
315.394,0.273936
315.461,0.269076
315.528,0.267415
315.594,0.26776
315.661,0.26207
315.728,0.261991
315.794,0.259891
315.861,0.257242
315.927,0.258935
315.994,0.257367
316.061,0.254734
316.127,0.248668
316.194,0.242351
316.26,0.235328
316.327,0.233134
316.394,0.222381
316.46,0.218211
316.527,0.214747
316.593,0.20832
316.66,0.200875
316.727,0.199166
316.793,0.190529
316.86,0.186752
316.926,0.183695
316.993,0.177895
317.06,0.171265
317.126,0.166829
317.193,0.160512
317.26,0.153834
317.326,0.151091
317.393,0.145793
317.459,0.139084
317.526,0.135541
317.593,0.130322
317.659,0.124224
317.726,0.121873
317.792,0.116606
317.859,0.113189
317.926,0.110838
317.992,0.106261
318.059,0.101668
318.125,0.100398
318.192,0.0929682
318.259,0.0855069
318.325,0.0819957
318.392,0.0750674
318.458,0.0700357
318.525,0.067324
318.592,0.0622296
318.658,0.0593141
318.725,0.0571979
318.792,0.054784
318.858,0.0506928
318.925,0.0492194
318.991,0.0427143
319.058,0.0390777
319.125,0.0362562
319.191,0.0322748
319.258,0.0273998
319.324,0.024594
319.391,0.0220703
319.458,0.0205029
319.524,0.0200483
319.591,0.0187786
319.657,0.0168036
319.724,0.0155809
319.791,0.0130416
319.857,0.0108001
319.924,0.00993793
319.991,0.00948335
320.057,0.00956173
320.124,0.0097028
320.19,0.00984388
320.257,0.0102514
320.324,0.0102671
320.39,0.010612
320.457,0.0106433
320.523,0.0108314
320.59,0.0105963
320.657,0.0106747
320.723,0.0108314
320.79,0.0110195
320.856,0.0109568
320.923,0.0107217
320.99,0.010753
321.056,0.0110038
321.123,0.0109568
321.189,0.0108157
321.256,0.0112703
321.323,0.0113957
321.389,0.0117405
321.456,0.0121167
321.523,0.0120697
321.589,0.0121011
321.656,0.0115681
321.722,0.0115211
321.789,0.011427
321.856,0.0116151
321.922,0.0115211
321.989,0.0141231
322.055,0.0142485
322.122,0.0142172
322.189,0.0144523
322.255,0.014515
322.322,0.0147501
322.388,0.0146561
322.455,0.014468
322.522,0.0143426
322.588,0.0146091
322.655,0.0147658
322.721,0.0150636
322.788,0.0150323
322.855,0.015095
322.921,0.0148285
322.988,0.0147188
323.055,0.0144993
323.121,0.014468
323.188,0.0147658
323.254,0.0147658
323.321,0.0147345
323.388,0.0147501
323.454,0.0147501
323.521,0.0145464
323.587,0.0143896
323.654,0.0142329
323.721,0.0140448
323.787,0.0140291
323.854,0.0139664
323.92,0.0141075
323.987,0.0139977
324.054,0.0139507
324.12,0.013888
324.187,0.0141545
324.253,0.0140448
324.32,0.0138723
324.387,0.013794
324.453,0.0135432
324.52,0.0136686
324.587,0.0133864
324.653,0.0136529
324.72,0.0138723
324.786,0.0138253
324.853,0.0139037
324.92,0.0136842
324.986,0.0137783
325.053,0.0137313
325.119,0.0134961
325.186,0.0141545
325.253,0.0141388
325.319,0.0138723
325.386,0.013935
325.452,0.0137626
325.519,0.013841
325.586,0.0139507
325.652,0.0139037
325.719,0.013888
325.786,0.0140761
325.852,0.0140448
325.919,0.0137313
325.985,0.0137626
326.052,0.0136215
326.119,0.0137469
326.185,0.0139977
326.252,0.0138253
326.318,0.0136842
326.385,0.013214
326.452,0.0132924
326.518,0.0131043
326.585,0.0131826
326.651,0.0131043
326.718,0.013214
326.785,0.0134491
326.851,0.0135745
326.918,0.0133394
326.984,0.0127437
327.051,0.0127281
327.118,0.0118503
327.184,0.0110979
327.251,0.0108157
327.318,0.0103768
327.384,0.0100163
327.451,0.0126654
327.517,0.025268
327.584,0.0382312
327.651,0.0427613
327.717,0.0490313
327.784,0.0506145
327.85,0.0519155
327.917,0.0527933
327.984,0.0536711
328.05,0.0538749
328.117,0.0618534
328.183,0.0766192
328.25,0.0828265
328.317,0.0939401
328.383,0.10485
328.45,0.108675
328.516,0.111386
328.583,0.111104
328.65,0.110744
328.716,0.109834
328.783,0.109239
328.85,0.108518
328.916,0.108377
328.983,0.10833
329.049,0.107107
329.116,0.107013
329.183,0.105994
329.249,0.104568
329.316,0.105273
329.382,0.103423
329.449,0.103439
329.516,0.100915
329.582,0.101182
329.649,0.100868
329.715,0.0964324
329.782,0.0914007
329.849,0.0898175
329.915,0.0852248
329.982,0.0815568
330.048,0.0809298
330.115,0.0764154
330.182,0.0738448
330.248,0.0731864
330.315,0.0703806
330.382,0.0667597
330.448,0.0660073
330.515,0.0652235
330.581,0.0654586
330.648,0.0653019
330.715,0.0637658
330.781,0.0683428
330.848,0.0719324
330.914,0.0795348
330.981,0.0853972
331.048,0.0874349
331.114,0.0913223
331.181,0.096887
331.247,0.101997
331.314,0.109082
331.381,0.112922
331.447,0.115321
331.514,0.117547
331.581,0.114788
331.647,0.113471
331.714,0.108706
331.78,0.104505
331.847,0.103298
331.914,0.0980939
331.98,0.0936266
332.047,0.0922942
332.113,0.0920434
332.18,0.0911029
332.247,0.0907894
332.313,0.0892376
332.38,0.0870744
332.446,0.0863691
332.513,0.0858048
332.58,0.0846605
332.646,0.0836259
332.713,0.0826541
332.779,0.082419
332.846,0.0822309
332.913,0.0826071
332.979,0.0818076
333.046,0.0806947
333.113,0.0803969
333.179,0.0785316
333.246,0.0769954
333.312,0.0750361
333.379,0.072434
333.446,0.0718697
333.512,0.0694714
333.579,0.0669007
333.645,0.0658192
333.712,0.0649884
333.779,0.0621199
333.845,0.0609286
333.912,0.0556461
333.978,0.0518998
334.045,0.0493605
334.112,0.0451282
334.178,0.0406452
334.245,0.0381529
334.311,0.0337012
334.378,0.0335131
334.445,0.0339833
334.511,0.0316164
334.578,0.0298922
334.645,0.0292965
334.711,0.0284344
334.778,0.0275252
334.844,0.0272588
334.911,0.0261772
334.978,0.0245
335.044,0.0237632
335.111,0.0218352
335.177,0.0202521
335.244,0.0197348
335.311,0.0199856
335.377,0.0202364
335.444,0.0199542
335.51,0.020158
335.577,0.0200326
335.644,0.0201737
335.71,0.020111
335.777,0.0201894
335.843,0.0201894
335.91,0.0199386
335.977,0.0201894
336.043,0.0197505
336.11,0.0199542
336.177,0.0199229
336.243,0.0192175
336.31,0.0194213
336.376,0.0193429
336.443,0.0194683
336.51,0.0218822
336.576,0.0228854
336.643,0.0237632
336.709,0.0260988
336.776,0.028983
336.843,0.0311775
336.909,0.0338893
336.976,0.040896
337.042,0.0438429
337.109,0.0491097
337.176,0.0563985
337.242,0.0614302
337.309,0.067324
337.375,0.0737037
337.442,0.0782337
337.509,0.0854913
337.575,0.0953195
337.642,0.0995987
337.709,0.110195
337.775,0.117985
337.842,0.12286
337.908,0.129569
337.975,0.137156
338.042,0.1391
338.108,0.144382
338.175,0.147486
338.241,0.149806
338.308,0.15421
338.375,0.154257
338.441,0.15374
338.508,0.15131
338.574,0.147878
338.641,0.1441
338.708,0.140824
338.774,0.134413
338.841,0.133049
338.908,0.128707
338.974,0.121309
339.041,0.118691
339.107,0.115321
339.174,0.109317
339.241,0.106794
339.307,0.104693
339.374,0.101778
339.44,0.101542
339.507,0.096354
339.574,0.0948022
339.64,0.0925763
339.707,0.0879679
339.773,0.0842686
339.84,0.082419
339.907,0.0788921
339.973,0.0740642
340.04,0.0720578
340.106,0.0676845
340.173,0.0628409
340.24,0.0599097
340.306,0.0567434
340.373,0.0512415
340.44,0.0466957
340.506,0.0439212
340.573,0.0436861
340.639,0.0438429
340.706,0.0437018
340.773,0.0436861
340.839,0.0423067
340.906,0.0401279
340.972,0.0398458
341.039,0.0384977
341.106,0.0342498
341.172,0.0316007
341.239,0.0302527
341.305,0.0268826
341.372,0.023246
341.439,0.0213493
341.505,0.0177754
341.572,0.0139977
341.638,0.0120854
341.705,0.00813531
341.772,0.00717913
341.838,0.00716346
341.905,0.00717913
341.972,0.00739858
342.038,0.00739858
342.105,0.00746128
342.171,0.00749263
342.238,0.00750831
342.305,0.00749263
342.371,0.00752398
342.438,0.00752398
342.504,0.00752398
342.571,0.00753966
342.638,0.00764938
342.704,0.00764938
342.771,0.00768073
342.837,0.00768073
342.904,0.00774343
342.971,0.00774343
343.037,0.00772776
343.104,0.00774343
343.17,0.00775911
343.237,0.00775911
343.304,0.00780613
343.37,0.00780613
343.437,0.00780613
343.504,0.00780613
343.57,0.00780613
343.637,0.00780613
343.703,0.00775911
343.77,0.00780613
343.837,0.00780613
343.903,0.00779046
343.97,0.00779046
344.036,0.00779046
344.103,0.00779046
344.17,0.00777478
344.236,0.00777478
344.303,0.00775911
344.369,0.00775911
344.436,0.00772776
344.503,0.00774343
344.569,0.00772776
344.636,0.00772776
344.703,0.00772776
344.769,0.00772776
344.836,0.00758668
344.902,0.00753966
344.969,0.00753966
345.036,0.00758668
345.102,0.00774343
345.169,0.00780613
345.235,0.00780613
345.302,0.00782181
345.369,0.00782181
345.435,0.00782181
345.502,0.00777478
345.568,0.00772776
345.635,0.00774343
345.702,0.00774343
345.768,0.00774343
345.835,0.00771208
345.901,0.00777478
345.968,0.00763371
346.035,0.00797856
346.101,0.00796288
346.168,0.00796288
346.235,0.00794721
346.301,0.00793153
346.368,0.00793153
346.434,0.00799423
346.501,0.00799423
346.568,0.00797856
346.634,0.00796288
346.701,0.00796288
346.767,0.00796288
346.834,0.00793153
346.901,0.00793153
346.967,0.00794721
347.034,0.00794721
347.1,0.00791586
347.167,0.00791586
347.234,0.00791586
347.3,0.00791586
347.367,0.00793153
347.433,0.00791586
347.5,0.00793153
347.567,0.00790018
347.633,0.00793153
347.7,0.00769641
347.767,0.00771208
347.833,0.00766506
347.9,0.00769641
347.966,0.00768073
348.033,0.00768073
348.1,0.00769641
348.166,0.00768073
348.233,0.00766506
348.299,0.00764938
348.366,0.00763371
348.433,0.00763371
348.499,0.00763371
348.566,0.00764938
348.632,0.00763371
348.699,0.00761803
348.766,0.00761803
348.832,0.00763371
348.899,0.00761803
348.965,0.00761803
349.032,0.00763371
349.099,0.00763371
349.165,0.00763371
349.232,0.00763371
349.299,0.00763371
349.365,0.00764938
349.432,0.00763371
349.498,0.00764938
349.565,0.00764938
349.632,0.00764938
349.698,0.00764938
349.765,0.00763371
349.831,0.00764938
349.898,0.00764938
349.965,0.00763371
350.031,0.00763371
350.098,0.00764938
350.164,0.0138253
350.231,0.0240767
350.298,0.0293279
350.364,0.0401593
350.431,0.0481378
350.498,0.0525895
350.564,0.0603173
350.631,0.0639225
350.697,0.0639068
350.764,0.065584
350.831,0.0672456
350.897,0.0671515
350.964,0.0689698
351.03,0.0689228
351.097,0.069252
351.164,0.0687817
351.23,0.068092
351.297,0.0680293
351.363,0.0685623
351.43,0.0681861
351.497,0.0684212
351.563,0.0682488
351.63,0.0677472
351.696,0.0676688
351.763,0.0670575
351.83,0.0665245
351.896,0.0661327
351.963,0.0661483
352.03,0.0656154
352.096,0.06549
352.163,0.0645025
352.229,0.0682488
352.296,0.0734215
352.363,0.0823876
352.429,0.0933758
352.496,0.0979372
352.562,0.107405
352.629,0.110007
352.696,0.113314
352.762,0.116481
352.829,0.120399
352.895,0.120446
352.962,0.121434
353.029,0.122374
353.095,0.123064
353.162,0.12377
353.228,0.125478
353.295,0.12634
353.362,0.127171
353.428,0.12692
353.495,0.128206
353.562,0.12797
353.628,0.128033
353.695,0.127908
353.761,0.12761
353.828,0.127594
353.895,0.12739
353.961,0.126967
354.028,0.126983
354.094,0.126607
354.161,0.125854
354.228,0.125102
354.294,0.124851
354.361,0.125933
354.427,0.124788
354.494,0.124208
354.561,0.123252
354.627,0.121638
354.694,0.12054
354.76,0.119584
354.827,0.120885
354.894,0.122563
354.96,0.128409
355.027,0.136451
355.094,0.139021
355.16,0.141811
355.227,0.146702
355.293,0.147925
355.36,0.153505
355.427,0.153489
355.493,0.153223
355.56,0.152988
355.626,0.152847
355.693,0.152941
355.76,0.153411
355.826,0.15443
355.893,0.154367
355.959,0.154775
356.026,0.154336
356.093,0.155057
356.159,0.154445
356.226,0.154242
356.293,0.153709
356.359,0.156389
356.426,0.161515
356.492,0.164995
356.559,0.175716
356.626,0.186438
356.692,0.190952
356.759,0.200091
356.825,0.206925
356.892,0.210687
356.959,0.214042
357.025,0.216048
357.092,0.216471
357.158,0.21865
357.225,0.21564
357.292,0.215719
357.358,0.214778
357.425,0.214653
357.491,0.214308
357.558,0.211534
357.625,0.211471
357.691,0.211142
357.758,0.210217
357.825,0.209982
357.891,0.210405
357.958,0.210515
358.024,0.21075
358.091,0.209872
358.158,0.209637
358.224,0.208759
358.291,0.20785
358.357,0.208022
358.424,0.206518
358.491,0.206533
358.557,0.206188
358.624,0.205499
358.69,0.20691
358.757,0.212004
358.824,0.218619
358.89,0.222177
358.957,0.229278
359.023,0.234341
359.09,0.234968
359.157,0.240297
359.223,0.244984
359.29,0.246207
359.357,0.252038
359.423,0.254546
359.49,0.255408
359.556,0.255361
359.623,0.254185
359.69,0.254091
359.756,0.254279
359.823,0.252367
359.889,0.253417
359.956,0.252665
360.023,0.253543
360.089,0.252242
360.156,0.252304
360.222,0.253025
360.289,0.254201
360.356,0.25511
360.422,0.255518
360.489,0.25616
360.555,0.256772
360.622,0.257477
360.689,0.258088
360.755,0.260863
360.822,0.265173
360.889,0.267791
360.955,0.271898
361.022,0.278795
361.088,0.280786
361.155,0.282432
361.222,0.285911
361.288,0.286146
361.355,0.287385
361.421,0.288654
361.488,0.288435
361.555,0.289485
361.621,0.290253
361.688,0.289611
361.754,0.289093
361.821,0.28889
361.888,0.288498
361.954,0.289344
362.021,0.289861
362.088,0.28972
362.154,0.290614
362.221,0.291711
362.287,0.291931
362.354,0.29447
362.421,0.297244
362.487,0.297918
362.554,0.298749
362.62,0.300317
362.687,0.298295
362.754,0.300379
362.82,0.303467
362.887,0.304518
362.953,0.305568
363.02,0.307496
363.087,0.307308
363.153,0.306571
363.22,0.306226
363.286,0.306524
363.353,0.305928
363.42,0.305474
363.486,0.305442
363.553,0.307057
363.62,0.307135
363.686,0.307402
363.753,0.30621
363.819,0.306179
363.886,0.305223
363.953,0.304314
364.019,0.302793
364.086,0.301633
364.152,0.301273
364.219,0.298906
364.286,0.299298
364.352,0.298749
364.419,0.297041
364.485,0.296837
364.552,0.296257
364.619,0.295693
364.685,0.296225
364.752,0.296037
364.818,0.295128
364.885,0.294862
364.952,0.29483
365.018,0.29483
365.085,0.295238
365.152,0.29679
365.218,0.299658
365.285,0.299815
365.351,0.301022
365.418,0.30342
365.485,0.304847
365.551,0.307214
365.618,0.311634
365.684,0.312888
365.751,0.315913
365.818,0.318061
365.884,0.321008
365.951,0.325334
366.017,0.332748
366.084,0.333406
366.151,0.335883
366.217,0.336933
366.284,0.340492
366.35,0.343235
366.417,0.346229
366.484,0.349411
366.55,0.352749
366.617,0.355947
366.684,0.356527
366.75,0.359129
366.817,0.364897
366.883,0.366731
366.95,0.36891
367.017,0.370258
367.083,0.371685
367.15,0.374679
367.216,0.376309
367.283,0.376842
367.35,0.377234
367.416,0.378111
367.483,0.377751
367.549,0.378597
367.616,0.383504
367.683,0.389319
367.749,0.395119
367.816,0.400872
367.883,0.402894
367.949,0.40943
368.016,0.415481
368.082,0.418098
368.149,0.42498
368.216,0.444761
368.282,0.449699
368.349,0.460781
368.415,0.469669
368.482,0.474528
368.549,0.483761
368.615,0.490376
368.682,0.49583
368.748,0.502774
368.815,0.507273
368.882,0.510236
368.948,0.513449
369.015,0.5166
369.081,0.52008
369.148,0.521051
369.215,0.52102
369.281,0.522431
369.348,0.525049
369.415,0.526397
369.481,0.528027
369.548,0.527039
369.614,0.528105
369.681,0.529829
369.748,0.529563
369.814,0.533842
369.881,0.534297
369.947,0.533827
370.014,0.537306
370.081,0.539172
370.147,0.543059
370.214,0.548044
370.28,0.549502
370.347,0.552276
370.414,0.555583
370.48,0.557653
370.547,0.562339
370.613,0.566399
370.68,0.568061
370.747,0.571556
370.813,0.574425
370.88,0.575757
370.947,0.579942
371.013,0.584425
371.08,0.585507
371.146,0.587294
371.213,0.591166
371.28,0.592294
371.346,0.596871
371.413,0.600524
371.479,0.603345
371.546,0.605289
371.613,0.609568
371.679,0.611966
371.746,0.614443
371.812,0.616434
371.879,0.617531
371.946,0.618487
372.012,0.622092
372.079,0.622986
372.145,0.628284
372.212,0.630682
372.279,0.633253
372.345,0.634726
372.412,0.636121
372.479,0.637281
372.545,0.638363
372.612,0.639695
372.678,0.639617
372.745,0.640918
372.812,0.641623
372.878,0.642909
372.945,0.64341
373.011,0.644304
373.078,0.643849
373.145,0.643833
373.211,0.644868
373.278,0.644366
373.344,0.645824
373.411,0.649335
373.478,0.651499
373.544,0.653458
373.611,0.652705
373.678,0.653019
373.744,0.653207
373.811,0.652909
373.877,0.653176
373.944,0.651984
374.011,0.652204
374.077,0.650872
374.144,0.649774
374.21,0.649132
374.277,0.648552
374.344,0.651201
374.41,0.649696
374.477,0.648975
374.543,0.648646
374.61,0.647752
374.677,0.647956
374.743,0.647266
374.81,0.646592
374.876,0.645511
374.943,0.645291
375.01,0.644241
375.076,0.643755
375.143,0.643018
375.21,0.642078
375.276,0.641278
375.343,0.640307
375.409,0.641137
375.476,0.641874
375.543,0.641984
375.609,0.642266
375.676,0.642579
375.742,0.643457
375.809,0.643724
375.876,0.645417
375.942,0.647329
376.009,0.669305
376.075,0.668819
376.142,0.669493
376.209,0.669729
376.275,0.669478
376.342,0.670089
376.408,0.669619
376.475,0.667942
376.542,0.668333
376.608,0.667424
376.675,0.667393
376.742,0.667565
376.808,0.668459
376.875,0.66907
376.941,0.670371
377.008,0.669885
377.075,0.669713
377.141,0.670105
377.208,0.670026
377.274,0.670371
377.341,0.66965
377.408,0.66838
377.474,0.668976
377.541,0.668788
377.607,0.669885
377.674,0.680889
377.741,0.68067
377.807,0.681156
377.874,0.681751
377.94,0.683334
378.007,0.682488
378.074,0.681594
378.14,0.681547
378.207,0.681657
378.274,0.680529
378.34,0.682472
378.407,0.683742
378.473,0.683037
378.54,0.684071
378.607,0.684228
378.673,0.683052
378.74,0.683381
378.806,0.684181
378.873,0.683836
378.94,0.684385
379.006,0.682943
379.073,0.682127
379.139,0.682425
379.206,0.681438
379.273,0.680936
379.339,0.685027
379.406,0.685341
379.473,0.684933
379.539,0.685247
379.606,0.685262
379.672,0.685795
379.739,0.695294
379.806,0.699527
379.872,0.703602
379.939,0.709073
380.005,0.715468
380.072,0.718681
380.139,0.720986
380.205,0.723133
380.272,0.723588
380.338,0.729403
380.405,0.747821
380.472,0.75268
380.538,0.757477
380.605,0.763277
380.671,0.76522
380.738,0.767854
380.805,0.772447
380.871,0.773277
380.938,0.774578
381.005,0.789203
381.071,0.788419
381.138,0.78831
381.204,0.78751
381.271,0.78809
381.338,0.788576
381.404,0.789187
381.471,0.789423
381.537,0.789438
381.604,0.788874
381.671,0.788937
381.737,0.789626
381.804,0.789705
381.87,0.790144
381.937,0.790974
382.004,0.790661
382.07,0.790645
382.137,0.791319
