0.0666092,0.057224
0.133218,0.0576299
0.199828,0.0637175
0.266437,0.0681818
0.333046,0.0738636
0.399655,0.0779221
0.466264,0.0787338
0.532873,0.0896916
0.599483,0.0929383
0.666092,0.0900974
0.732701,0.0921266
0.79931,0.0941558
0.865919,0.09375
0.932529,0.0892857
0.999138,0.086039
1.06575,0.0913149
1.13236,0.0933442
1.19897,0.0945617
1.26557,0.0933442
1.33218,0.0913149
1.39879,0.0900974
1.4654,0.0929383
1.53201,0.0925325
1.59862,0.0921266
1.66523,0.0969968
1.73184,0.0941558
1.79845,0.102679
1.86506,0.104708
1.93167,0.105519
1.99828,0.101055
2.06488,0.101461
2.13149,0.101461
2.1981,0.0974026
2.26471,0.0974026
2.33132,0.105114
2.39793,0.0978084
2.46454,0.103084
2.53115,0.0994318
2.59776,0.10349
2.66437,0.0986201
2.73098,0.104708
2.79759,0.0994318
2.86419,0.100649
2.9308,0.105519
2.99741,0.100649
3.06402,0.101867
3.13063,0.101055
3.19724,0.099026
3.26385,0.0986201
3.33046,0.0986201
3.39707,0.0978084
3.46368,0.100649
3.53029,0.102273
3.5969,0.0965909
3.6635,0.0953734
3.73011,0.0982143
3.79672,0.0965909
3.86333,0.0953734
3.92994,0.0925325
3.99655,0.101461
4.06316,0.102273
4.12977,0.102679
4.19638,0.104302
4.26299,0.101055
4.3296,0.104708
4.39621,0.100244
4.46282,0.105925
4.52942,0.10349
4.59603,0.106331
4.66264,0.107549
4.72925,0.108766
4.79586,0.107143
4.86247,0.106737
4.92908,0.10836
4.99569,0.11039
5.0623,0.107955
5.12891,0.108766
5.19552,0.111201
5.26213,0.111201
5.32873,0.107143
5.39534,0.11039
5.46195,0.112825
5.52856,0.110795
5.59517,0.116477
5.66178,0.121347
5.72839,0.128247
5.795,0.133523
5.86161,0.14164
5.92822,0.14651
5.99483,0.146916
6.06144,0.150974
6.12804,0.157468
6.19465,0.157062
6.26126,0.153409
6.32787,0.153003
6.39448,0.150162
6.46109,0.14651
6.5277,0.144075
6.59431,0.146916
6.66092,0.144886
6.72753,0.148945
6.79414,0.144886
6.86075,0.150162
6.92735,0.148539
6.99396,0.148539
7.06057,0.142045
7.12718,0.145292
7.19379,0.148945
7.2604,0.155032
7.32701,0.16112
7.39362,0.165584
7.46023,0.169643
7.52684,0.176948
7.59345,0.181006
7.66006,0.180195
7.72666,0.178977
7.79327,0.178571
7.85988,0.180601
7.92649,0.179383
7.9931,0.181006
8.05971,0.178571
8.12632,0.172078
8.19293,0.174919
8.25954,0.175731
8.32615,0.179789
8.39276,0.174919
8.45937,0.181412
8.52598,0.176136
8.59258,0.183442
8.65919,0.184659
8.7258,0.180601
8.79241,0.180601
8.85902,0.179789
8.92563,0.178166
8.99224,0.175325
9.05885,0.184253
9.12546,0.185065
9.19207,0.181818
9.25868,0.187906
9.32529,0.183442
9.39189,0.179383
9.4585,0.182224
9.52511,0.183442
9.59172,0.181412
9.65833,0.180601
9.72494,0.184659
9.79155,0.185471
9.85816,0.182224
9.92477,0.181818
9.99138,0.181006
10.058,0.183847
10.1246,0.177354
10.1912,0.179789
10.2578,0.173295
10.3244,0.179789
10.391,0.178571
10.4576,0.173295
10.5243,0.172484
10.5909,0.174513
10.6575,0.170455
10.7241,0.170049
10.7907,0.168831
10.8573,0.168831
10.9239,0.165584
10.9905,0.16599
11.0571,0.169237
11.1237,0.16599
11.1903,0.165584
11.257,0.164773
11.3236,0.168425
11.3902,0.169237
11.4568,0.169237
11.5234,0.170049
11.59,0.169237
11.6566,0.170455
11.7232,0.171266
11.7898,0.166396
11.8564,0.164773
11.923,0.164773
11.9897,0.161932
12.0563,0.162744
12.1229,0.169237
12.1895,0.167614
12.2561,0.164773
12.3227,0.162744
12.3893,0.16112
12.4559,0.162744
12.5225,0.160308
12.5891,0.160714
12.6557,0.163149
12.7224,0.166802
12.789,0.16599
12.8556,0.165179
12.9222,0.165584
12.9888,0.168019
13.0554,0.168831
13.122,0.168425
13.1886,0.168831
13.2552,0.169643
13.3218,0.172484
13.3884,0.17289
13.4551,0.173701
13.5217,0.17289
13.5883,0.17289
13.6549,0.17289
13.7215,0.17289
13.7881,0.171266
13.8547,0.170049
13.9213,0.171672
13.9879,0.172484
14.0545,0.173701
14.1211,0.174513
14.1878,0.173701
14.2544,0.17289
14.321,0.171672
14.3876,0.171672
14.4542,0.172484
14.5208,0.172078
14.5874,0.171672
14.654,0.168425
14.7206,0.170455
14.7872,0.171672
14.8538,0.171266
14.9205,0.170049
14.9871,0.170455
15.0537,0.170455
15.1203,0.169643
15.1869,0.170049
15.2535,0.168831
15.3201,0.169643
15.3867,0.168019
15.4533,0.167614
15.5199,0.167208
15.5865,0.168831
15.6532,0.168019
15.7198,0.168019
15.7864,0.166802
15.853,0.166802
15.9196,0.164367
15.9862,0.165179
16.0528,0.165584
16.1194,0.167208
16.186,0.165179
16.2526,0.164773
16.3192,0.166396
16.3859,0.165179
16.4525,0.167614
16.5191,0.167208
16.5857,0.16599
16.6523,0.166396
16.7189,0.166802
16.7855,0.165584
16.8521,0.16599
16.9187,0.164367
16.9853,0.165179
17.052,0.165179
17.1186,0.165179
17.1852,0.165584
17.2518,0.165179
17.3184,0.164367
17.385,0.163961
17.4516,0.163961
17.5182,0.165179
17.5848,0.165179
17.6514,0.16599
17.718,0.165584
17.7847,0.165584
17.8513,0.165584
17.9179,0.164367
17.9845,0.163555
18.0511,0.163961
18.1177,0.163555
18.1843,0.164773
18.2509,0.164367
18.3175,0.166802
18.3841,0.164773
18.4507,0.162338
18.5174,0.162338
18.584,0.162338
18.6506,0.163555
18.7172,0.162338
18.7838,0.161932
18.8504,0.161932
18.917,0.16112
18.9836,0.161932
19.0502,0.162744
19.1168,0.162744
19.1834,0.161932
19.2501,0.161932
19.3167,0.16112
19.3833,0.161932
19.4499,0.161932
19.5165,0.16112
19.5831,0.16112
19.6497,0.162744
19.7163,0.162338
19.7829,0.162338
19.8495,0.161932
19.9161,0.161526
19.9828,0.161526
20.0494,0.161526
20.116,0.160714
20.1826,0.161932
20.2492,0.160714
20.3158,0.160308
20.3824,0.161526
20.449,0.161526
20.5156,0.163961
20.5822,0.163555
20.6488,0.164367
20.7155,0.165584
20.7821,0.16599
20.8487,0.166396
20.9153,0.168019
20.9819,0.168831
21.0485,0.167208
21.1151,0.166802
21.1817,0.166802
21.2483,0.166396
21.3149,0.168019
21.3815,0.168831
21.4482,0.169643
21.5148,0.168831
21.5814,0.166396
21.648,0.168019
21.7146,0.167614
21.7812,0.167614
21.8478,0.169237
21.9144,0.168425
21.981,0.167614
22.0476,0.168425
22.1142,0.168425
22.1809,0.169237
22.2475,0.168425
22.3141,0.169643
22.3807,0.169643
22.4473,0.169237
22.5139,0.168019
22.5805,0.169237
22.6471,0.17086
22.7137,0.17086
22.7803,0.173295
22.8469,0.174107
22.9136,0.176948
22.9802,0.172484
23.0468,0.17086
23.1134,0.173701
23.18,0.173295
23.2466,0.173701
23.3132,0.172484
23.3798,0.174919
23.4464,0.175325
23.513,0.173701
23.5796,0.172078
23.6463,0.17289
23.7129,0.173701
23.7795,0.173295
23.8461,0.172078
23.9127,0.17086
23.9793,0.170049
24.0459,0.171266
24.1125,0.171266
24.1791,0.170455
24.2457,0.171266
24.3124,0.172078
24.379,0.172484
24.4456,0.172484
24.5122,0.171266
24.5788,0.172078
24.6454,0.173701
24.712,0.175325
24.7786,0.172078
24.8452,0.174919
24.9118,0.172078
24.9784,0.171672
25.0451,0.17086
25.1117,0.172484
25.1783,0.171672
25.2449,0.170455
25.3115,0.170455
25.3781,0.171672
25.4447,0.170455
25.5113,0.171266
25.5779,0.170455
25.6445,0.170455
25.7111,0.171266
25.7778,0.170455
25.8444,0.168831
25.911,0.168019
25.9776,0.169237
26.0442,0.166802
26.1108,0.167614
26.1774,0.170049
26.244,0.172484
26.3106,0.171672
26.3772,0.172078
26.4438,0.172484
26.5105,0.174107
26.5771,0.174513
26.6437,0.174513
26.7103,0.175325
26.7769,0.173701
26.8435,0.175325
26.9101,0.176948
26.9767,0.176542
27.0433,0.176948
27.1099,0.178166
27.1765,0.179383
27.2432,0.180195
27.3098,0.181006
27.3764,0.183442
27.443,0.183442
27.5096,0.187906
27.5762,0.189935
27.6428,0.189123
27.7094,0.193994
27.776,0.198052
27.8426,0.200081
27.9092,0.198864
27.9759,0.196023
28.0425,0.199269
28.1091,0.201705
28.1757,0.202922
28.2423,0.20211
28.3089,0.202516
28.3755,0.206575
28.4421,0.20414
28.5087,0.20414
28.5753,0.208604
28.6419,0.214286
28.7086,0.21388
28.7752,0.215503
28.8418,0.218344
28.9084,0.22362
28.975,0.22362
29.0416,0.230519
29.1082,0.231331
29.1748,0.234578
29.2414,0.233766
29.308,0.238636
29.3746,0.239854
29.4413,0.237825
29.5079,0.246753
29.5745,0.244318
29.6411,0.24026
29.7077,0.240666
29.7743,0.248782
29.8409,0.244724
29.9075,0.250812
29.9741,0.25
30.0407,0.251623
30.1073,0.251623
30.174,0.253247
30.2406,0.258929
30.3072,0.253653
30.3738,0.252029
30.4404,0.255682
30.507,0.260146
30.5736,0.262581
30.6402,0.264205
30.7068,0.26461
30.7734,0.26664
30.8401,0.25974
30.9067,0.260958
30.9733,0.258117
31.0399,0.262581
31.1065,0.262581
31.1731,0.258117
31.2397,0.257305
31.3063,0.268669
31.3729,0.266234
31.4395,0.267451
31.5061,0.262581
31.5728,0.265422
31.6394,0.271104
31.706,0.26461
31.7726,0.26461
31.8392,0.26461
31.9058,0.262987
31.9724,0.264205
32.039,0.262581
32.1056,0.260552
32.1722,0.25974
32.2388,0.259334
32.3055,0.257711
32.3721,0.259334
32.4387,0.258523
32.5053,0.258523
32.5719,0.261769
32.6385,0.261769
32.7051,0.263393
32.7717,0.264205
32.8383,0.265422
32.9049,0.264205
32.9715,0.262987
33.0382,0.258929
33.1048,0.263393
33.1714,0.262987
33.238,0.262175
33.3046,0.266234
33.3712,0.271916
33.4378,0.279627
33.5044,0.284903
33.571,0.288149
33.6376,0.295049
33.7042,0.297078
33.7709,0.298295
33.8375,0.310065
33.9041,0.312906
33.9707,0.32224
34.0373,0.320211
34.1039,0.326299
34.1705,0.318994
34.2371,0.324269
34.3037,0.324269
34.3703,0.327516
34.4369,0.328328
34.5036,0.326705
34.5702,0.328328
34.6368,0.341721
34.7034,0.339692
34.77,0.343344
34.8366,0.344562
34.9032,0.340097
34.9698,0.346591
35.0364,0.350649
35.103,0.347808
35.1696,0.353896
35.2363,0.354302
35.3029,0.354708
35.3695,0.356737
35.4361,0.362825
35.5027,0.362419
35.5693,0.358766
35.6359,0.359984
35.7025,0.360795
35.7691,0.361201
35.8357,0.362013
35.9023,0.366071
35.969,0.364854
36.0356,0.368101
36.1022,0.36526
36.1688,0.36526
36.2354,0.361201
36.302,0.352679
36.3686,0.357549
36.4352,0.35349
36.5018,0.359578
36.5684,0.356737
36.635,0.349432
36.7017,0.355519
36.7683,0.354708
36.8349,0.350649
36.9015,0.354302
36.9681,0.351461
37.0347,0.34862
37.1013,0.345373
37.1679,0.346997
37.2345,0.350649
37.3011,0.348214
37.3678,0.342938
37.4344,0.342127
37.501,0.342532
37.5676,0.341315
37.6342,0.340909
37.7008,0.339286
37.7674,0.338474
37.834,0.336039
37.9006,0.34375
37.9672,0.346591
38.0338,0.350649
38.1005,0.35349
38.1671,0.351867
38.2337,0.355114
38.3003,0.360795
38.3669,0.362825
38.4335,0.36526
38.5001,0.368506
38.5667,0.37013
38.6333,0.375812
38.6999,0.37987
38.7665,0.383929
38.8332,0.385146
38.8998,0.38474
38.9664,0.392451
39.033,0.395292
39.0996,0.398133
39.1662,0.397727
39.2328,0.40138
39.2994,0.402597
39.366,0.403003
39.4326,0.407468
39.4992,0.414773
39.5659,0.405438
39.6325,0.418019
39.6991,0.433036
39.7657,0.431818
39.8323,0.445211
39.8989,0.446023
39.9655,0.452922
40.0321,0.454545
40.0987,0.455357
40.1653,0.458198
40.2319,0.462662
40.2986,0.466721
40.3652,0.465097
40.4318,0.477273
40.4984,0.484578
40.565,0.487825
40.6316,0.496347
40.6982,0.497971
40.7648,0.500812
40.8314,0.506494
40.898,0.508929
40.9646,0.505276
41.0313,0.508523
41.0979,0.506494
41.1645,0.50974
41.2311,0.520698
41.2977,0.528409
41.3643,0.528815
41.4309,0.528815
41.4975,0.533685
41.5641,0.530032
41.6307,0.524351
41.6973,0.528409
41.764,0.530032
41.8306,0.531656
41.8972,0.534903
41.9638,0.536526
42.0304,0.531656
42.097,0.538961
42.1636,0.538961
42.2302,0.540179
42.2968,0.540179
42.3634,0.537744
42.43,0.536526
42.4967,0.534091
42.5633,0.537338
42.6299,0.535714
42.6965,0.537744
42.7631,0.536932
42.8297,0.532873
42.8963,0.529627
42.9629,0.538149
43.0295,0.538149
43.0961,0.544237
43.1627,0.543019
43.2294,0.543831
43.296,0.544237
43.3626,0.548701
43.4292,0.543425
43.4958,0.548295
43.5624,0.550731
43.629,0.543019
43.6956,0.541396
43.7622,0.546266
43.8288,0.549513
43.8954,0.547484
43.9621,0.543831
44.0287,0.548701
44.0953,0.541396
44.1619,0.538961
44.2285,0.540584
44.2951,0.544643
44.3617,0.547484
44.4283,0.549513
44.4949,0.54099
44.5615,0.542614
44.6282,0.548295
44.6948,0.543425
44.7614,0.542614
44.828,0.545455
44.8946,0.543425
44.9612,0.546266
45.0278,0.547078
45.0944,0.543019
45.161,0.543831
45.2276,0.550325
45.2942,0.555195
45.3609,0.553977
45.4275,0.550731
45.4941,0.553166
45.5607,0.556818
45.6273,0.558036
45.6939,0.556818
45.7605,0.558847
45.8271,0.563718
45.8937,0.560065
45.9603,0.558442
46.0269,0.558847
46.0936,0.559659
46.1602,0.563312
46.2268,0.560877
46.2934,0.562094
46.36,0.560471
46.4266,0.564123
46.4932,0.566153
46.5598,0.563312
46.6264,0.562906
46.693,0.564935
46.7596,0.563718
46.8263,0.564123
46.8929,0.566153
46.9595,0.562906
47.0261,0.562094
47.0927,0.563312
47.1593,0.565747
47.2259,0.564935
47.2925,0.56737
47.3591,0.568182
47.4257,0.567776
47.4923,0.56737
47.559,0.563312
47.6256,0.5625
47.6922,0.564529
47.7588,0.564123
47.8254,0.568588
47.892,0.568994
47.9586,0.563312
48.0252,0.568994
48.0918,0.568994
48.1584,0.568182
48.225,0.571834
48.2917,0.569805
48.3583,0.569805
48.4249,0.571023
48.4915,0.57224
48.5581,0.57224
48.6247,0.575487
48.6913,0.57224
48.7579,0.575081
48.8245,0.575487
48.8911,0.576299
48.9577,0.573864
49.0244,0.574269
49.091,0.576705
49.1576,0.575487
49.2242,0.57711
49.2908,0.576299
49.3574,0.57711
49.424,0.57914
49.4906,0.580763
49.5572,0.581169
49.6238,0.57914
49.6904,0.581169
49.7571,0.579951
49.8237,0.579545
49.8903,0.577516
49.9569,0.57914
50.0235,0.576299
50.0901,0.576705
50.1567,0.575487
50.2233,0.574675
50.2899,0.578328
50.3565,0.582386
50.4231,0.579951
50.4898,0.579545
50.5564,0.578734
50.623,0.57914
50.6896,0.577516
50.7562,0.57711
50.8228,0.57711
50.8894,0.577516
50.956,0.576299
51.0226,0.575893
51.0892,0.575487
51.1559,0.577516
51.2225,0.576705
51.2891,0.582792
51.3557,0.580763
51.4223,0.580357
51.4889,0.579545
51.5555,0.578328
51.6221,0.579545
51.6887,0.579545
51.7553,0.57914
51.8219,0.579951
51.8886,0.578328
51.9552,0.579951
52.0218,0.579545
52.0884,0.581981
52.155,0.580357
52.2216,0.581169
52.2882,0.581169
52.3548,0.579545
52.4214,0.580763
52.488,0.586039
52.5546,0.588068
52.6213,0.588474
52.6879,0.589692
52.7545,0.590097
52.8211,0.592127
52.8877,0.590909
52.9543,0.590097
53.0209,0.596185
53.0875,0.596997
53.1541,0.596997
53.2207,0.598214
53.2873,0.599432
53.354,0.600244
53.4206,0.601055
53.4872,0.597403
53.5538,0.601461
53.6204,0.594562
53.687,0.601055
53.7536,0.60349
53.8202,0.595779
53.8868,0.597403
53.9534,0.597808
54.02,0.595373
54.0867,0.59862
54.1533,0.599838
54.2199,0.606737
54.2865,0.603896
54.3531,0.602273
54.4197,0.602273
54.4863,0.607955
54.5529,0.606331
54.6195,0.605519
54.6861,0.604302
54.7527,0.607143
54.8194,0.607143
54.886,0.604708
54.9526,0.604302
55.0192,0.604708
55.0858,0.603896
55.1524,0.605925
55.219,0.607955
55.2856,0.608766
55.3522,0.61039
55.4188,0.609984
55.4854,0.610795
55.5521,0.612419
55.6187,0.61039
55.6853,0.61039
55.7519,0.61039
55.8185,0.606331
55.8851,0.609984
55.9517,0.61039
56.0183,0.609984
56.0849,0.60836
56.1515,0.606331
56.2181,0.606737
56.2848,0.615666
56.3514,0.613231
56.418,0.612013
56.4846,0.613636
56.5512,0.616477
56.6178,0.614854
56.6844,0.614448
56.751,0.614042
56.8176,0.61039
56.8842,0.612825
56.9508,0.613231
57.0175,0.613231
57.0841,0.612013
57.1507,0.610795
57.2173,0.609578
57.2839,0.60836
57.3505,0.60836
57.4171,0.607955
57.4837,0.607549
57.5503,0.606737
57.6169,0.607549
57.6836,0.606737
57.7502,0.607549
57.8168,0.606737
57.8834,0.607143
57.95,0.607549
58.0166,0.607549
58.0832,0.606737
58.1498,0.606737
58.2164,0.60349
58.283,0.600649
58.3496,0.601867
58.4163,0.603084
58.4829,0.603896
58.5495,0.603896
58.6161,0.607955
58.6827,0.610795
58.7493,0.611607
58.8159,0.613231
58.8825,0.613231
58.9491,0.609172
59.0157,0.610795
59.0823,0.607143
59.149,0.608766
59.2156,0.607955
59.2822,0.61039
59.3488,0.608766
59.4154,0.61039
59.482,0.609578
59.5486,0.61039
59.6152,0.614042
59.6818,0.612825
59.7484,0.612825
59.815,0.614448
59.8817,0.612825
59.9483,0.613231
60.0149,0.611607
60.0815,0.612419
60.1481,0.611201
60.2147,0.610795
60.2813,0.614854
60.3479,0.615666
60.4145,0.616883
60.4811,0.613636
60.5477,0.612013
60.6144,0.610795
60.681,0.609172
60.7476,0.608766
60.8142,0.60836
60.8808,0.607955
60.9474,0.608766
61.014,0.60836
61.0806,0.60836
61.1472,0.61039
61.2138,0.606737
61.2804,0.605519
61.3471,0.604708
61.4137,0.603896
61.4803,0.603896
61.5469,0.605519
61.6135,0.605925
61.6801,0.605114
61.7467,0.604302
61.8133,0.60349
61.8799,0.604302
61.9465,0.61039
62.0131,0.610795
62.0798,0.613636
62.1464,0.609984
62.213,0.611201
62.2796,0.61039
62.3462,0.60836
62.4128,0.611607
62.4794,0.611607
62.546,0.612825
62.6126,0.613636
62.6792,0.609578
62.7458,0.611201
62.8125,0.611607
62.8791,0.614042
62.9457,0.614448
63.0123,0.612013
63.0789,0.61526
63.1455,0.616071
63.2121,0.616883
63.2787,0.618101
63.3453,0.620536
63.4119,0.620536
63.4785,0.620536
63.5452,0.619318
63.6118,0.623782
63.6784,0.624188
63.745,0.623377
63.8116,0.621753
63.8782,0.621347
63.9448,0.618101
64.0114,0.616071
64.078,0.617695
64.1446,0.618101
64.2112,0.617289
64.2779,0.617289
64.3445,0.615666
64.4111,0.615666
64.4777,0.616883
64.5443,0.615666
64.6109,0.618506
64.6775,0.616477
64.7441,0.616883
64.8107,0.61526
64.8773,0.616071
64.944,0.617695
65.0106,0.619318
65.0772,0.618506
65.1438,0.620536
65.2104,0.619724
65.277,0.616071
65.3436,0.616071
65.4102,0.616883
65.4768,0.616071
65.5434,0.620942
65.61,0.619318
65.6767,0.620942
65.7433,0.619318
65.8099,0.616883
65.8765,0.615666
65.9431,0.617695
66.0097,0.614854
66.0763,0.614042
66.1429,0.611607
66.2095,0.612419
66.2761,0.61039
66.3427,0.61039
66.4094,0.61039
66.476,0.61039
66.5426,0.610795
66.6092,0.613636
66.6758,0.612419
66.7424,0.612013
66.809,0.612419
66.8756,0.612013
66.9422,0.614448
67.0088,0.613636
67.0754,0.61526
67.1421,0.616071
67.2087,0.61526
67.2753,0.614448
67.3419,0.613231
67.4085,0.613636
67.4751,0.609578
67.5417,0.607955
67.6083,0.609172
67.6749,0.606331
67.7415,0.601055
67.8081,0.603084
67.8748,0.607143
67.9414,0.607143
68.008,0.605519
68.0746,0.607143
68.1412,0.607549
68.2078,0.606331
68.2744,0.605925
68.341,0.606331
68.4076,0.605925
68.4742,0.604708
68.5408,0.604302
68.6075,0.605519
68.6741,0.605925
68.7407,0.603896
68.8073,0.604708
68.8739,0.601867
68.9405,0.606331
69.0071,0.608766
69.0737,0.607955
69.1403,0.608766
69.2069,0.609578
69.2735,0.607143
69.3402,0.60349
69.4068,0.604302
69.4734,0.603896
69.54,0.604302
69.6066,0.607549
69.6732,0.606331
69.7398,0.605114
69.8064,0.603896
69.873,0.604302
69.9396,0.604708
70.0062,0.603896
70.0729,0.604302
70.1395,0.60349
70.2061,0.601867
70.2727,0.601867
70.3393,0.601867
70.4059,0.602273
70.4725,0.601055
70.5391,0.59862
70.6057,0.59862
70.6723,0.603896
70.7389,0.60349
70.8056,0.60349
70.8722,0.604302
70.9388,0.605114
71.0054,0.603084
71.072,0.603896
71.1386,0.605925
71.2052,0.607955
71.2718,0.607143
71.3384,0.605519
71.405,0.607955
71.4717,0.607549
71.5383,0.606737
71.6049,0.60836
71.6715,0.607955
71.7381,0.605519
71.8047,0.606737
71.8713,0.607143
71.9379,0.605925
72.0045,0.607143
72.0711,0.606737
72.1377,0.605114
72.2044,0.602679
72.271,0.603896
72.3376,0.60836
72.4042,0.606331
72.4708,0.606331
72.5374,0.604708
72.604,0.605925
72.6706,0.605925
72.7372,0.605114
72.8038,0.602273
72.8704,0.602273
72.9371,0.604302
73.0037,0.603084
73.0703,0.602679
73.1369,0.602679
73.2035,0.601055
73.2701,0.602273
73.3367,0.601867
73.4033,0.597808
73.4699,0.597808
73.5365,0.599026
73.6031,0.599838
73.6698,0.599026
73.7364,0.599432
73.803,0.59862
73.8696,0.59862
73.9362,0.600244
74.0028,0.612013
74.0694,0.612013
74.136,0.61039
74.2026,0.609578
74.2692,0.61039
74.3358,0.609172
74.4025,0.608766
74.4691,0.607143
74.5357,0.605114
74.6023,0.605114
74.6689,0.605925
74.7355,0.607143
74.8021,0.60836
74.8687,0.607143
74.9353,0.607143
75.0019,0.604708
75.0685,0.602679
75.1352,0.602679
75.2018,0.605519
75.2684,0.609578
75.335,0.608766
75.4016,0.603084
75.4682,0.603896
75.5348,0.605925
75.6014,0.603896
75.668,0.609984
75.7346,0.610795
75.8012,0.610795
75.8679,0.614854
75.9345,0.611201
76.0011,0.609984
76.0677,0.609984
76.1343,0.609578
76.2009,0.604708
76.2675,0.607549
76.3341,0.60836
76.4007,0.605519
76.4673,0.604302
76.5339,0.601867
76.6006,0.601867
76.6672,0.60349
76.7338,0.602679
76.8004,0.605519
76.867,0.604708
76.9336,0.600649
77.0002,0.600244
77.0668,0.602679
77.1334,0.605114
77.2,0.607549
77.2666,0.610795
77.3333,0.601867
77.3999,0.599838
77.4665,0.601867
77.5331,0.600244
77.5997,0.600649
77.6663,0.599838
77.7329,0.596997
77.7995,0.597403
77.8661,0.597403
77.9327,0.595779
77.9994,0.595779
78.066,0.596997
78.1326,0.596997
78.1992,0.596185
78.2658,0.596185
78.3324,0.595779
78.399,0.595779
78.4656,0.594562
78.5322,0.591721
78.5988,0.596997
78.6654,0.598214
78.7321,0.595373
78.7987,0.592127
78.8653,0.59375
78.9319,0.594968
78.9985,0.608766
79.0651,0.605114
79.1317,0.607549
79.1983,0.607143
79.2649,0.606331
79.3315,0.607143
79.3981,0.607549
79.4648,0.606737
79.5314,0.61039
79.598,0.609984
79.6646,0.609578
79.7312,0.609984
79.7978,0.612419
79.8644,0.612419
79.931,0.609984
79.9976,0.609984
80.0642,0.608766
80.1308,0.60836
80.1975,0.608766
80.2641,0.607549
80.3307,0.609172
80.3973,0.61039
80.4639,0.609984
80.5305,0.60836
80.5971,0.609578
80.6637,0.612825
80.7303,0.614448
80.7969,0.613636
80.8635,0.612013
80.9302,0.612825
80.9968,0.612419
81.0634,0.609578
81.13,0.611607
81.1966,0.609984
81.2632,0.61039
81.3298,0.611201
81.3964,0.612825
81.463,0.612419
81.5296,0.609984
81.5962,0.607549
81.6629,0.606737
81.7295,0.60836
81.7961,0.609172
81.8627,0.60836
81.9293,0.609172
81.9959,0.609578
82.0625,0.611201
82.1291,0.609984
82.1957,0.612825
82.2623,0.61526
82.3289,0.611201
82.3956,0.612825
82.4622,0.612013
82.5288,0.61526
82.5954,0.614042
82.662,0.614854
82.7286,0.614854
82.7952,0.614448
82.8618,0.618101
82.9284,0.617695
82.995,0.614448
83.0616,0.615666
83.1283,0.614448
83.1949,0.614448
83.2615,0.616071
83.3281,0.619724
83.3947,0.618506
83.4613,0.618912
83.5279,0.617695
83.5945,0.617289
83.6611,0.614854
83.7277,0.612419
83.7943,0.614448
83.861,0.61526
83.9276,0.612013
83.9942,0.608766
84.0608,0.609578
84.1274,0.612013
84.194,0.612825
84.2606,0.612419
84.3272,0.613636
84.3938,0.613231
84.4604,0.613231
84.527,0.612825
84.5937,0.611201
84.6603,0.610795
84.7269,0.611201
84.7935,0.610795
84.8601,0.610795
84.9267,0.613231
84.9933,0.611607
85.0599,0.611607
85.1265,0.609172
85.1931,0.611607
85.2598,0.61039
85.3264,0.611201
85.393,0.61039
85.4596,0.610795
85.5262,0.607143
85.5928,0.60836
85.6594,0.613231
85.726,0.614854
85.7926,0.613636
85.8592,0.613231
85.9258,0.613231
85.9925,0.613231
86.0591,0.61526
86.1257,0.615666
86.1923,0.61526
86.2589,0.613636
86.3255,0.613636
86.3921,0.616477
86.4587,0.616477
86.5253,0.614448
86.5919,0.613636
86.6585,0.616071
86.7252,0.611201
86.7918,0.60836
86.8584,0.611607
86.925,0.609172
86.9916,0.612013
87.0582,0.609578
87.1248,0.609984
87.1914,0.612825
87.258,0.612825
87.3246,0.611201
87.3912,0.609172
87.4579,0.609984
87.5245,0.605114
87.5911,0.607143
87.6577,0.605925
87.7243,0.607143
87.7909,0.606331
87.8575,0.604302
87.9241,0.606737
87.9907,0.605925
88.0573,0.607955
88.1239,0.604708
88.1906,0.60349
88.2572,0.601867
88.3238,0.604302
88.3904,0.601867
88.457,0.603896
88.5236,0.604708
88.5902,0.605114
88.6568,0.602679
88.7234,0.603896
88.79,0.60349
88.8566,0.603084
88.9233,0.605925
88.9899,0.614854
89.0565,0.610795
89.1231,0.611201
89.1897,0.60836
89.2563,0.611201
89.3229,0.611201
89.3895,0.606737
89.4561,0.605519
89.5227,0.604708
89.5893,0.606737
89.656,0.605925
89.7226,0.606331
89.7892,0.609172
89.8558,0.608766
89.9224,0.60836
89.989,0.606331
90.0556,0.607549
90.1222,0.607143
90.1888,0.611607
90.2554,0.612419
90.322,0.611201
90.3887,0.610795
90.4553,0.612013
90.5219,0.613231
90.5885,0.612825
90.6551,0.613636
90.7217,0.614042
90.7883,0.616477
90.8549,0.618506
90.9215,0.616883
90.9881,0.614448
91.0547,0.615666
91.1214,0.616477
91.188,0.617695
91.2546,0.617289
91.3212,0.620536
91.3878,0.618506
91.4544,0.617289
91.521,0.616071
91.5876,0.614854
91.6542,0.613636
91.7208,0.611201
91.7875,0.612825
91.8541,0.614448
91.9207,0.616071
91.9873,0.613636
92.0539,0.614042
92.1205,0.614042
92.1871,0.614042
92.2537,0.613636
92.3203,0.618912
92.3869,0.620942
92.4535,0.621753
92.5202,0.619724
92.5868,0.615666
92.6534,0.614854
92.72,0.616071
92.7866,0.61526
92.8532,0.612419
92.9198,0.612013
92.9864,0.611607
93.053,0.609984
93.1196,0.611201
93.1862,0.610795
93.2529,0.609172
93.3195,0.61039
93.3861,0.609984
93.4527,0.609172
93.5193,0.60836
93.5859,0.605925
93.6525,0.607549
93.7191,0.605519
93.7857,0.605925
93.8523,0.606737
93.9189,0.605925
93.9856,0.609172
94.0522,0.609172
94.1188,0.616071
94.1854,0.613231
94.252,0.612419
94.3186,0.610795
94.3852,0.609578
94.4518,0.61039
94.5184,0.611607
94.585,0.609172
94.6516,0.613231
94.7183,0.612013
94.7849,0.612825
94.8515,0.612419
94.9181,0.618506
94.9847,0.622971
95.0513,0.618912
95.1179,0.620942
95.1845,0.618912
95.2511,0.620942
95.3177,0.624594
95.3843,0.623782
95.451,0.621347
95.5176,0.622971
95.5842,0.622565
95.6508,0.621753
95.7174,0.625406
95.784,0.624594
95.8506,0.622159
95.9172,0.627029
95.9838,0.624188
96.0504,0.626218
96.117,0.630682
96.1837,0.635552
96.2503,0.641234
96.3169,0.634334
96.3835,0.642045
96.4501,0.642451
96.5167,0.647321
96.5833,0.65625
96.6499,0.653409
96.7165,0.652597
96.7831,0.658685
96.8497,0.660308
96.9164,0.667208
96.983,0.66112
97.0496,0.664773
97.1162,0.668019
97.1828,0.663961
97.2494,0.66112
97.316,0.663961
97.3826,0.682224
97.4492,0.68263
97.5158,0.681412
97.5824,0.687094
97.6491,0.690747
97.7157,0.683442
97.7823,0.688312
97.8489,0.685471
97.9155,0.684659
97.9821,0.686688
98.0487,0.693182
98.1153,0.688312
98.1819,0.685471
98.2485,0.684659
98.3152,0.685065
98.3818,0.681818
98.4484,0.698864
98.515,0.69724
98.5816,0.707792
98.6482,0.69724
98.7148,0.697646
98.7814,0.700893
98.848,0.700893
98.9146,0.715503
98.9812,0.707386
99.0479,0.713068
99.1145,0.710227
99.1811,0.710227
99.2477,0.708198
99.3143,0.702922
99.3809,0.701705
99.4475,0.699675
99.5141,0.71388
99.5807,0.695211
99.6473,0.71875
99.7139,0.729302
99.7806,0.715097
99.8472,0.70901
99.9138,0.704951
99.9804,0.721591
100.047,0.726055
100.114,0.717532
100.18,0.708604
100.247,0.712256
100.313,0.696429
100.38,0.711445
100.447,0.721185
100.513,0.724432
100.58,0.710633
100.646,0.706575
100.713,0.709821
100.78,0.711851
100.846,0.714692
100.913,0.710633
100.98,0.696023
101.046,0.694399
101.113,0.691558
101.179,0.706981
101.246,0.697646
101.313,0.699675
101.379,0.638393
101.446,0.645292
101.512,0.635552
101.579,0.631088
101.646,0.637175
101.712,0.643263
101.779,0.641234
101.845,0.644481
101.912,0.629464
101.979,0.631088
102.045,0.644481
102.112,0.634334
102.178,0.627435
102.245,0.632305
102.312,0.634334
102.378,0.635552
102.445,0.640422
102.512,0.622159
102.578,0.619724
102.645,0.634334
102.711,0.623377
102.778,0.62013
102.845,0.619724
102.911,0.621347
102.978,0.616883
103.044,0.640016
103.111,0.634334
103.178,0.644481
103.244,0.605519
103.311,0.581169
103.377,0.568588
103.444,0.573864
103.511,0.575081
103.577,0.567776
103.644,0.57914
103.71,0.586445
103.777,0.564529
103.844,0.571429
103.91,0.551542
103.977,0.56737
104.044,0.558847
104.11,0.557224
104.177,0.543831
104.243,0.554383
104.31,0.546266
104.377,0.539367
104.443,0.532873
104.51,0.551136
104.576,0.542208
104.643,0.564123
104.71,0.54586
104.776,0.546672
104.843,0.545455
104.909,0.545455
104.976,0.551542
105.043,0.564123
105.109,0.545455
105.176,0.541802
105.243,0.55763
105.309,0.568994
105.376,0.565747
105.442,0.577516
105.509,0.572646
105.576,0.570617
105.642,0.584821
105.709,0.586445
105.775,0.568994
105.842,0.586445
105.909,0.576705
105.975,0.57224
106.042,0.571429
106.108,0.580357
106.175,0.584416
106.242,0.578328
106.308,0.579951
106.375,0.563718
106.441,0.562094
106.508,0.572646
106.575,0.561282
106.641,0.563718
106.708,0.558847
106.775,0.569399
106.841,0.565747
106.908,0.56737
106.974,0.568182
107.041,0.571429
107.108,0.554789
107.174,0.575487
107.241,0.591721
107.307,0.580357
107.374,0.58401
107.441,0.570211
107.507,0.566964
107.574,0.559253
107.64,0.559253
107.707,0.548701
107.774,0.549919
107.84,0.523945
107.907,0.534903
107.973,0.528815
108.04,0.551136
108.107,0.513393
108.173,0.522321
108.24,0.532062
108.307,0.520292
108.373,0.517045
108.44,0.532873
108.506,0.535714
108.573,0.503653
108.64,0.52638
108.706,0.534091
108.773,0.532062
108.839,0.531656
108.906,0.522321
108.973,0.513393
109.039,0.52638
109.106,0.530438
109.172,0.538555
109.239,0.543831
109.306,0.51461
109.372,0.519075
109.439,0.510958
109.505,0.517451
109.572,0.50974
109.639,0.515422
109.705,0.520292
109.772,0.514205
109.839,0.514205
109.905,0.51664
109.972,0.518263
110.038,0.50974
110.105,0.52151
110.172,0.515828
110.238,0.517857
110.305,0.530032
110.371,0.511769
110.438,0.522321
110.505,0.527192
110.571,0.513393
110.638,0.514205
110.704,0.525162
110.771,0.52638
110.838,0.529627
110.904,0.525162
110.971,0.514205
111.038,0.511769
111.104,0.53612
111.171,0.516234
111.237,0.52638
111.304,0.529221
111.371,0.513799
111.437,0.52151
111.504,0.519075
111.57,0.496753
111.637,0.502029
111.704,0.499188
111.77,0.493506
111.837,0.490666
111.903,0.481737
111.97,0.471997
112.037,0.473214
112.103,0.46875
112.17,0.477679
112.236,0.464286
112.303,0.475244
112.37,0.474432
112.436,0.46388
112.503,0.478896
112.57,0.462662
112.636,0.469968
112.703,0.469562
112.769,0.489448
112.836,0.486201
112.903,0.507305
112.969,0.502029
113.036,0.514205
113.102,0.530438
113.169,0.525974
113.236,0.525162
113.302,0.541802
113.369,0.534091
113.435,0.524351
113.502,0.544643
113.569,0.564529
113.635,0.568182
113.702,0.573052
113.768,0.553977
113.835,0.553571
113.902,0.558036
113.968,0.522727
114.035,0.540179
114.102,0.53125
114.168,0.540584
114.235,0.539773
114.301,0.525974
114.368,0.535714
114.435,0.537744
114.501,0.540179
114.568,0.530032
114.634,0.534091
114.701,0.518669
114.768,0.49513
114.834,0.50974
114.901,0.523945
114.967,0.519075
115.034,0.530438
115.101,0.521916
115.167,0.512987
115.234,0.526786
115.3,0.500406
115.367,0.481331
115.434,0.471997
115.5,0.465097
115.567,0.465503
115.634,0.430601
115.7,0.444805
115.767,0.419237
115.833,0.417208
115.9,0.416802
115.967,0.393669
116.033,0.385958
116.1,0.390422
116.166,0.382711
116.233,0.366071
116.3,0.363231
116.366,0.347403
116.433,0.332386
116.499,0.330763
116.566,0.331981
116.633,0.327922
116.699,0.320211
116.766,0.316964
116.833,0.321834
116.899,0.318588
116.966,0.317776
117.032,0.310471
117.099,0.32224
117.166,0.326299
117.232,0.316558
117.299,0.310065
117.365,0.312906
117.432,0.312094
117.499,0.305195
117.565,0.304383
117.632,0.307224
117.698,0.310877
117.765,0.306006
117.832,0.301136
117.898,0.318588
117.965,0.310065
118.031,0.32914
118.098,0.304383
118.165,0.316964
118.231,0.327922
118.298,0.330763
118.365,0.318588
118.431,0.307224
118.498,0.313312
118.564,0.306818
118.631,0.328734
118.698,0.299919
118.764,0.301948
118.831,0.318994
118.897,0.291802
118.964,0.28612
119.031,0.290584
119.097,0.269886
119.164,0.272321
119.23,0.273133
119.297,0.273133
119.364,0.256088
119.43,0.260958
119.497,0.25487
119.563,0.254464
119.63,0.239448
119.697,0.232549
119.763,0.228084
119.83,0.218344
119.897,0.219562
119.963,0.219156
120.03,0.227273
120.096,0.231737
120.163,0.232143
120.23,0.231331
120.296,0.226055
120.363,0.229302
120.429,0.230925
120.496,0.228084
120.563,0.241477
120.629,0.241477
120.696,0.226867
120.762,0.226055
120.829,0.215909
120.896,0.228084
120.962,0.211851
121.029,0.215909
121.095,0.212256
121.162,0.212256
121.229,0.214692
121.295,0.227679
121.362,0.227273
121.429,0.232549
121.495,0.226055
121.562,0.220373
121.628,0.22849
121.695,0.236201
121.762,0.240666
121.828,0.237825
121.895,0.257711
121.961,0.225244
122.028,0.236201
122.095,0.238231
122.161,0.224838
122.228,0.228084
122.294,0.22362
122.361,0.216721
122.428,0.203734
122.494,0.225244
122.561,0.224432
122.628,0.20414
122.694,0.206981
122.761,0.206575
122.827,0.193182
122.894,0.190747
122.961,0.180601
123.027,0.19724
123.094,0.17776
123.16,0.176948
123.227,0.163555
123.294,0.159091
123.36,0.158279
123.427,0.161932
123.493,0.150568
123.56,0.143263
123.627,0.142045
123.693,0.153815
123.76,0.158279
123.826,0.155032
123.893,0.146104
123.96,0.156656
124.026,0.160308
124.093,0.15138
124.16,0.153003
124.226,0.138393
124.293,0.147727
124.359,0.145292
124.426,0.147321
124.493,0.153003
124.559,0.16112
124.626,0.163555
124.692,0.174107
124.759,0.163149
124.826,0.161932
124.892,0.173701
124.959,0.169237
125.025,0.165179
125.092,0.168019
125.159,0.167208
125.225,0.157873
125.292,0.159497
125.358,0.173295
125.425,0.173295
125.492,0.16112
125.558,0.176136
125.625,0.179383
125.692,0.185471
125.758,0.19237
125.825,0.198052
125.891,0.20901
125.958,0.207386
126.025,0.217127
126.091,0.219156
126.158,0.217938
126.224,0.228896
126.291,0.236201
126.358,0.234578
126.424,0.237013
126.491,0.250406
126.557,0.251623
126.624,0.252841
126.691,0.279221
126.757,0.288961
126.824,0.275974
126.89,0.29099
126.957,0.299919
127.024,0.300325
127.09,0.293831
127.157,0.293831
127.224,0.299919
127.29,0.28125
127.357,0.279627
127.423,0.280844
127.49,0.284091
127.557,0.267451
127.623,0.265828
127.69,0.265828
127.756,0.264205
127.823,0.25974
127.89,0.265422
127.956,0.254464
128.023,0.256899
128.089,0.243101
128.156,0.245942
128.223,0.239854
128.289,0.240666
128.356,0.229302
128.422,0.228896
128.489,0.230519
128.556,0.206981
128.622,0.217532
128.689,0.203328
128.756,0.192776
128.822,0.19237
128.889,0.184659
128.955,0.174919
129.022,0.170455
129.089,0.171266
129.155,0.161526
129.222,0.168019
129.288,0.172484
129.355,0.158279
129.422,0.161526
129.488,0.16112
129.555,0.160308
129.621,0.155032
129.688,0.14651
129.755,0.137175
129.821,0.128653
129.888,0.129058
129.955,0.112419
130.021,0.101461
130.088,0.106331
130.154,0.0880682
130.221,0.0779221
130.288,0.0762987
130.354,0.0649351
130.421,0.0657468
130.487,0.0604708
130.554,0.0600649
130.621,0.0564123
130.687,0.0556006
130.754,0.0470779
130.82,0.0470779
130.887,0.0446429
130.954,0.036526
131.02,0.0332792
131.087,0.0308442
131.153,0.0340909
131.22,0.03125
131.287,0.0231331
131.353,0.0231331
131.42,0.0243506
131.487,0.0190747
131.553,0.0125812
131.62,0.0109578
131.686,0.0101461
131.753,0.00243506
131.82,0.00202922
131.886,0
131.953,0
132.019,0
132.086,0
132.153,0.00162338
132.219,0.00243506
132.286,0.000405844
132.352,0.00243506
132.419,0.00202922
132.486,0.00162338
132.552,0.000811688
132.619,0.000811688
132.685,0.000405844
132.752,0.000405844
132.819,0.00121753
132.885,0.00202922
132.952,0.00405844
133.019,0.00405844
133.085,0.00446429
133.152,0.00405844
133.218,0.00405844
133.285,0.00446429
133.352,0.00730519
133.418,0.00892857
133.485,0.0174513
133.551,0.0267857
133.618,0.03125
133.685,0.0397727
133.751,0.0511364
133.818,0.0564123
133.884,0.0698052
133.951,0.0799513
134.018,0.0880682
134.084,0.0957792
134.151,0.112013
134.217,0.114854
134.284,0.128653
134.351,0.135146
134.417,0.142857
134.484,0.158685
134.551,0.167614
134.617,0.174919
134.684,0.179789
134.75,0.18263
134.817,0.190341
134.884,0.202922
134.95,0.215909
135.017,0.222808
135.083,0.222808
135.15,0.239042
135.217,0.249594
135.283,0.248782
135.35,0.258929
135.416,0.253247
135.483,0.247159
135.55,0.232143
135.616,0.227679
135.683,0.216315
135.75,0.217938
135.816,0.213068
135.883,0.215909
135.949,0.201299
136.016,0.208604
136.083,0.1875
136.149,0.18263
136.216,0.188312
136.282,0.157468
136.349,0.152192
136.416,0.173701
136.482,0.133929
136.549,0.145292
136.615,0.125
136.682,0.112419
136.749,0.107143
136.815,0.105519
136.882,0.113231
136.948,0.0986201
137.015,0.0925325
137.082,0.099026
137.148,0.0673701
137.215,0.0799513
137.282,0.0564123
137.348,0.0645292
137.415,0.0689935
137.481,0.0515422
137.548,0.0474838
137.615,0.0450487
137.681,0.044237
137.748,0.0393669
137.814,0.0434253
137.881,0.038961
137.948,0.0409903
138.014,0.0373377
138.081,0.0353084
138.147,0.0357143
138.214,0.0300325
138.281,0.0296266
138.347,0.0280032
138.414,0.0308442
138.48,0.025974
138.547,0.0231331
138.614,0.0206981
138.68,0.0158279
138.747,0.0117695
138.814,0.0121753
138.88,0.0125812
138.947,0.0117695
139.013,0.0121753
139.08,0.00933442
139.147,0.00974026
139.213,0.00974026
139.28,0.00852273
139.346,0.00974026
139.413,0.00811688
139.48,0.0121753
139.546,0.0121753
139.613,0.0121753
139.679,0.0142045
139.746,0.0162338
139.813,0.0158279
139.879,0.0162338
139.946,0.0142045
140.012,0.0150162
140.079,0.0154221
140.146,0.0158279
140.212,0.0166396
140.279,0.0206981
140.346,0.0239448
140.412,0.0267857
140.479,0.0353084
140.545,0.0413961
140.612,0.0426136
140.679,0.0511364
140.745,0.0523539
140.812,0.0535714
140.878,0.0612825
140.945,0.0681818
141.012,0.0742695
141.078,0.0831981
141.145,0.0925325
141.211,0.09375
141.278,0.10349
141.345,0.11526
141.411,0.121347
141.478,0.132711
141.545,0.140016
141.611,0.145292
141.678,0.158685
141.744,0.176948
141.811,0.174919
141.878,0.181412
141.944,0.194399
142.011,0.194399
142.077,0.200487
142.144,0.200893
142.211,0.199269
142.277,0.21388
142.344,0.210227
142.41,0.214692
142.477,0.209821
142.544,0.212662
142.61,0.211445
142.677,0.210633
142.743,0.213068
142.81,0.213474
142.877,0.211851
142.943,0.202516
143.01,0.209416
143.077,0.198458
143.143,0.197646
143.21,0.189935
143.276,0.196429
143.343,0.185065
143.41,0.189935
143.476,0.200893
143.543,0.207792
143.609,0.210633
143.676,0.217127
143.743,0.21388
143.809,0.219156
143.876,0.229302
143.942,0.230114
144.009,0.225244
144.076,0.224432
144.142,0.225244
144.209,0.22362
144.275,0.219156
144.342,0.204951
144.409,0.212662
144.475,0.210227
144.542,0.206981
144.609,0.207386
144.675,0.191964
144.742,0.201705
144.808,0.195211
144.875,0.181818
144.942,0.175731
145.008,0.159497
145.075,0.159091
145.141,0.144886
145.208,0.14164
145.275,0.131494
145.341,0.123377
145.408,0.114854
145.474,0.107549
145.541,0.0945617
145.608,0.0969968
145.674,0.0909091
145.741,0.0856331
145.807,0.0758929
145.874,0.0762987
145.941,0.0681818
146.007,0.0669643
146.074,0.0531656
146.141,0.0487013
146.207,0.0430195
146.274,0.0373377
146.34,0.0316558
146.407,0.0308442
146.474,0.0300325
146.54,0.0206981
146.607,0.0219156
146.673,0.0219156
146.74,0.012987
146.807,0.0162338
146.873,0.0174513
146.94,0.0162338
147.006,0.0150162
147.073,0.0162338
147.14,0.00974026
147.206,0.0105519
147.273,0.0150162
147.34,0.0109578
147.406,0.0101461
147.473,0.00852273
147.539,0.00730519
147.606,0.00649351
147.673,0.00527597
147.739,0.00446429
147.806,0.00446429
147.872,0.00446429
147.939,0.00527597
148.006,0.00568182
148.072,0.00771104
148.139,0.00608766
148.205,0.00730519
148.272,0.00649351
148.339,0.00892857
148.405,0.00771104
148.472,0.00852273
148.538,0.00811688
148.605,0.00974026
148.672,0.00933442
148.738,0.0101461
148.805,0.00892857
148.872,0.00852273
148.938,0.00811688
149.005,0.00771104
149.071,0.00771104
149.138,0.00933442
149.205,0.0109578
149.271,0.00811688
149.338,0.00933442
149.404,0.00892857
149.471,0.00771104
149.538,0.00892857
149.604,0.0113636
149.671,0.00933442
149.737,0.0101461
149.804,0.00649351
149.871,0.00974026
149.937,0.00730519
150.004,0.0105519
150.07,0.00892857
150.137,0.0109578
150.204,0.0101461
150.27,0.0109578
150.337,0.0121753
150.404,0.012987
150.47,0.00933442
150.537,0.0117695
150.603,0.0109578
150.67,0.0105519
150.737,0.0109578
150.803,0.0109578
150.87,0.0105519
150.936,0.0117695
151.003,0.0125812
151.07,0.0142045
151.136,0.0186688
151.203,0.0206981
151.269,0.0304383
151.336,0.0300325
151.403,0.0353084
151.469,0.0418019
151.536,0.0450487
151.602,0.0470779
151.669,0.0474838
151.736,0.0531656
151.802,0.0551948
151.869,0.0568182
151.936,0.0629058
152.002,0.0649351
152.069,0.0673701
152.135,0.0710227
152.202,0.0673701
152.269,0.0746753
152.335,0.080763
152.402,0.0787338
152.468,0.0750812
152.535,0.0758929
152.602,0.0726461
152.668,0.0795455
152.735,0.075487
152.801,0.0726461
152.868,0.0758929
152.935,0.0726461
153.001,0.0726461
153.068,0.0742695
153.135,0.0803571
153.201,0.0750812
153.268,0.0819805
153.334,0.0811688
153.401,0.0827922
153.468,0.0803571
153.534,0.0706169
153.601,0.0819805
153.667,0.075487
153.734,0.0762987
153.801,0.0722403
153.867,0.0791396
153.934,0.0783279
154,0.0726461
154.067,0.0689935
154.134,0.0665584
154.2,0.0726461
154.267,0.0539773
154.333,0.0653409
154.4,0.0629058
154.467,0.0491071
154.533,0.0499188
154.6,0.0438312
154.667,0.0515422
154.733,0.0454545
154.8,0.0405844
154.866,0.0381494
154.933,0.0409903
155,0.0413961
155.066,0.038961
155.133,0.0418019
155.199,0.0361201
155.266,0.0413961
155.333,0.03125
155.399,0.0357143
155.466,0.0353084
155.532,0.0344968
155.599,0.0284091
155.666,0.0251623
155.732,0.0227273
155.799,0.0215097
155.865,0.0231331
155.932,0.0223214
155.999,0.0211039
156.065,0.0198864
156.132,0.0186688
156.199,0.0186688
156.265,0.0162338
156.332,0.0166396
156.398,0.0186688
156.465,0.0198864
156.532,0.0158279
156.598,0.0174513
156.665,0.0142045
156.731,0.0158279
156.798,0.0133929
156.865,0.0158279
156.931,0.0162338
156.998,0.0150162
157.064,0.0133929
157.131,0.0150162
157.198,0.0137987
157.264,0.0133929
157.331,0.0117695
157.397,0.0113636
157.464,0.0170455
157.531,0.0125812
157.597,0.012987
157.664,0.0137987
157.731,0.0154221
157.797,0.0121753
157.864,0.0142045
157.93,0.0121753
157.997,0.0162338
158.064,0.0150162
158.13,0.0166396
158.197,0.0158279
158.263,0.0146104
158.33,0.0146104
158.397,0.0121753
158.463,0.0109578
158.53,0.0109578
158.596,0.00852273
158.663,0.0117695
158.73,0.0162338
158.796,0.018263
158.863,0.0340909
158.93,0.0560065
158.996,0.0641234
159.063,0.0750812
159.129,0.0779221
159.196,0.0771104
159.263,0.0803571
159.329,0.0775162
159.396,0.0779221
159.462,0.0730519
159.529,0.0718344
159.596,0.0742695
159.662,0.0734578
159.729,0.0681818
159.795,0.0706169
159.862,0.0706169
159.929,0.0641234
159.995,0.0625
160.062,0.067776
160.128,0.0669643
160.195,0.0641234
160.262,0.0657468
160.328,0.0645292
160.395,0.0649351
160.462,0.0645292
160.528,0.0608766
160.595,0.0645292
160.661,0.0661526
160.728,0.0633117
160.795,0.0608766
160.861,0.0531656
160.928,0.0515422
160.994,0.0539773
161.061,0.0458604
161.128,0.0438312
161.194,0.0438312
161.261,0.038961
161.327,0.0336851
161.394,0.0267857
161.461,0.0255682
161.527,0.0178571
161.594,0.0206981
161.66,0.0154221
161.727,0.0142045
161.794,0.012987
161.86,0.00852273
161.927,0.00730519
161.994,0.00649351
162.06,0.012987
162.127,0.03125
162.193,0.0357143
162.26,0.0377435
162.327,0.0450487
162.393,0.049513
162.46,0.0466721
162.526,0.0519481
162.593,0.0499188
162.66,0.0564123
162.726,0.0482955
162.793,0.0507305
162.859,0.0515422
162.926,0.0560065
162.993,0.0511364
163.059,0.0499188
163.126,0.0466721
163.192,0.0462662
163.259,0.0450487
163.326,0.0470779
163.392,0.0454545
163.459,0.0474838
163.526,0.0535714
163.592,0.0466721
163.659,0.0503247
163.725,0.0438312
163.792,0.0401786
163.859,0.0515422
163.925,0.0519481
163.992,0.0478896
164.058,0.0478896
164.125,0.0450487
164.192,0.0361201
164.258,0.0397727
164.325,0.0357143
164.391,0.0324675
164.458,0.0280032
164.525,0.0267857
164.591,0.0231331
164.658,0.0211039
164.725,0.0190747
164.791,0.0170455
164.858,0.0158279
164.924,0.0162338
164.991,0.0198864
165.058,0.0243506
165.124,0.0166396
165.191,0.0206981
165.257,0.0170455
165.324,0.018263
165.391,0.0170455
165.457,0.0186688
165.524,0.0170455
165.59,0.0178571
165.657,0.0206981
165.724,0.0186688
165.79,0.0178571
165.857,0.018263
165.923,0.0202922
165.99,0.0198864
166.057,0.0219156
166.123,0.0198864
166.19,0.0215097
166.257,0.0198864
166.323,0.0202922
166.39,0.0166396
166.456,0.0190747
166.523,0.0211039
166.59,0.0166396
166.656,0.0158279
166.723,0.0162338
166.789,0.0186688
166.856,0.0154221
166.923,0.0142045
166.989,0.0158279
167.056,0.0190747
167.122,0.0324675
167.189,0.038961
167.256,0.0519481
167.322,0.0616883
167.389,0.0592532
167.455,0.0637175
167.522,0.0762987
167.589,0.0718344
167.655,0.0665584
167.722,0.0629058
167.789,0.0706169
167.855,0.0673701
167.922,0.0665584
167.988,0.0625
168.055,0.0657468
168.122,0.067776
168.188,0.0633117
168.255,0.075487
168.321,0.070211
168.388,0.0693994
168.455,0.0730519
168.521,0.0722403
168.588,0.0710227
168.654,0.0771104
168.721,0.0710227
168.788,0.0722403
168.854,0.0685877
168.921,0.0742695
168.987,0.0746753
169.054,0.0718344
169.121,0.0685877
169.187,0.0710227
169.254,0.0722403
169.321,0.0633117
169.387,0.0710227
169.454,0.0706169
169.52,0.0698052
169.587,0.0726461
169.654,0.0649351
169.72,0.0685877
169.787,0.0718344
169.853,0.0661526
169.92,0.054789
169.987,0.0616883
170.053,0.0543831
170.12,0.0564123
170.186,0.0568182
170.253,0.0470779
170.32,0.0474838
170.386,0.0434253
170.453,0.0413961
170.52,0.0336851
170.586,0.0288149
170.653,0.0247565
170.719,0.0211039
170.786,0.0170455
170.853,0.0162338
170.919,0.0105519
170.986,0.0109578
171.052,0.0101461
171.119,0.00933442
171.186,0.00811688
171.252,0.00730519
171.319,0.00527597
171.385,0.00568182
171.452,0.00568182
171.519,0.00527597
171.585,0.00527597
171.652,0.00527597
171.718,0.00527597
171.785,0.00527597
171.852,0.00527597
171.918,0.00527597
171.985,0.00527597
172.052,0.00527597
172.118,0.00527597
172.185,0.00527597
172.251,0.00649351
172.318,0.00649351
172.385,0.00649351
172.451,0.00649351
172.518,0.00649351
172.584,0.00689935
172.651,0.00649351
172.718,0.00608766
172.784,0.00608766
172.851,0.00608766
172.917,0.00608766
172.984,0.00608766
173.051,0.00608766
173.117,0.00527597
173.184,0.00527597
173.25,0.00608766
173.317,0.00689935
173.384,0.00689935
173.45,0.00649351
173.517,0.00649351
173.584,0.00649351
173.65,0.00649351
173.717,0.00649351
173.783,0.00649351
173.85,0.00649351
173.917,0.00608766
173.983,0.00568182
174.05,0.00568182
174.116,0.00608766
174.183,0.00608766
174.25,0.00608766
174.316,0.00771104
174.383,0.00771104
174.449,0.00608766
174.516,0.00649351
174.583,0.00608766
174.649,0.00649351
174.716,0.00649351
174.782,0.00649351
174.849,0.00771104
174.916,0.0137987
174.982,0.0174513
175.049,0.0255682
175.116,0.0288149
175.182,0.0349026
175.249,0.0361201
175.315,0.0409903
175.382,0.0438312
175.449,0.0458604
175.515,0.0487013
175.582,0.0474838
175.648,0.0503247
175.715,0.0641234
175.782,0.0706169
175.848,0.0795455
175.915,0.0892857
175.981,0.0933442
176.048,0.105925
176.115,0.119318
176.181,0.121347
176.248,0.140016
176.315,0.138799
176.381,0.143669
176.448,0.148945
176.514,0.152192
176.581,0.146104
176.648,0.154221
176.714,0.147727
176.781,0.146916
176.847,0.149351
176.914,0.148945
176.981,0.156656
177.047,0.157062
177.114,0.165179
177.18,0.156656
177.247,0.151786
177.314,0.163149
177.38,0.150568
177.447,0.155844
177.513,0.143669
177.58,0.147321
177.647,0.133117
177.713,0.140828
177.78,0.136769
177.847,0.133523
177.913,0.124594
177.98,0.123377
178.046,0.133523
178.113,0.131899
178.18,0.148539
178.246,0.142451
178.313,0.150974
178.379,0.133523
178.446,0.143263
178.513,0.135146
178.579,0.135958
178.646,0.13474
178.712,0.122159
178.779,0.131088
178.846,0.123377
178.912,0.116883
178.979,0.119318
179.045,0.12013
179.112,0.116071
179.179,0.118912
179.245,0.103084
179.312,0.111607
179.379,0.106737
179.445,0.0957792
179.512,0.100649
179.578,0.0961851
179.645,0.0900974
179.712,0.088474
179.778,0.080763
179.845,0.0775162
179.911,0.0726461
179.978,0.067776
180.045,0.0657468
180.111,0.0600649
180.178,0.057224
180.244,0.0604708
180.311,0.0543831
180.378,0.049513
180.444,0.0499188
180.511,0.0450487
180.577,0.0482955
180.644,0.0462662
180.711,0.0474838
180.777,0.0499188
180.844,0.0454545
180.911,0.0462662
180.977,0.0511364
181.044,0.0503247
181.11,0.0458604
181.177,0.0438312
181.244,0.0438312
181.31,0.0470779
181.377,0.0458604
181.443,0.0458604
181.51,0.0499188
181.577,0.0515422
181.643,0.0515422
181.71,0.0511364
181.776,0.0523539
181.843,0.0612825
181.91,0.0693994
181.976,0.0734578
182.043,0.0811688
182.109,0.0823864
182.176,0.0799513
182.243,0.0803571
182.309,0.0876623
182.376,0.088474
182.443,0.0827922
182.509,0.0896916
182.576,0.0900974
182.642,0.0892857
182.709,0.0880682
182.776,0.086039
182.842,0.0848214
182.909,0.0840097
182.975,0.086039
183.042,0.0815747
183.109,0.0856331
183.175,0.0840097
183.242,0.080763
183.308,0.0848214
183.375,0.0868506
183.442,0.0868506
183.508,0.0856331
183.575,0.086039
183.642,0.0872565
183.708,0.0880682
183.775,0.086039
183.841,0.0864448
183.908,0.0823864
183.975,0.0844156
184.041,0.0856331
184.108,0.0868506
184.174,0.0933442
184.241,0.088474
184.308,0.0872565
184.374,0.0856331
184.441,0.0917208
184.507,0.0848214
184.574,0.0852273
184.641,0.0900974
184.707,0.0872565
184.774,0.0827922
184.84,0.0913149
184.907,0.0933442
184.974,0.0933442
185.04,0.0917208
185.107,0.088474
185.174,0.088474
185.24,0.0969968
185.307,0.0965909
185.373,0.099026
185.44,0.0913149
185.507,0.0929383
185.573,0.0905032
185.64,0.0925325
185.706,0.0888799
185.773,0.0925325
185.84,0.0986201
185.906,0.0917208
185.973,0.0888799
186.039,0.0953734
186.106,0.088474
186.173,0.088474
186.239,0.0888799
186.306,0.0945617
186.372,0.0953734
186.439,0.0933442
186.506,0.0961851
186.572,0.0933442
186.639,0.0892857
186.706,0.0876623
186.772,0.0876623
186.839,0.0852273
186.905,0.0876623
186.972,0.0864448
187.039,0.0900974
187.105,0.0856331
187.172,0.0852273
187.238,0.0819805
187.305,0.0880682
187.372,0.0888799
187.438,0.0905032
187.505,0.0913149
187.571,0.0929383
187.638,0.0945617
187.705,0.0974026
187.771,0.099026
187.838,0.101055
187.904,0.0982143
187.971,0.0994318
188.038,0.0974026
188.104,0.0957792
188.171,0.0978084
188.238,0.0994318
188.304,0.0994318
188.371,0.0994318
188.437,0.0974026
188.504,0.0978084
188.571,0.0957792
188.637,0.0957792
188.704,0.0986201
188.77,0.0974026
188.837,0.0965909
188.904,0.0941558
188.97,0.0941558
189.037,0.0921266
189.103,0.0945617
189.17,0.09375
189.237,0.0933442
189.303,0.0961851
189.37,0.0941558
189.437,0.0933442
189.503,0.0961851
189.57,0.099026
189.636,0.0986201
189.703,0.0978084
189.77,0.0965909
189.836,0.0978084
189.903,0.0941558
189.969,0.0949675
190.036,0.0961851
190.103,0.0978084
190.169,0.0969968
190.236,0.0969968
190.302,0.0982143
190.369,0.0986201
190.436,0.0978084
190.502,0.0974026
190.569,0.0921266
190.635,0.0933442
190.702,0.0913149
190.769,0.0913149
190.835,0.0941558
190.902,0.0925325
190.969,0.0921266
191.035,0.09375
191.102,0.0929383
191.168,0.0921266
191.235,0.09375
191.302,0.0974026
191.368,0.0969968
191.435,0.0953734
191.501,0.09375
191.568,0.0949675
191.635,0.0925325
191.701,0.0900974
191.768,0.0921266
191.834,0.0929383
191.901,0.0961851
191.968,0.0974026
192.034,0.0994318
192.101,0.0994318
192.167,0.101055
192.234,0.101867
192.301,0.101461
192.367,0.10349
192.434,0.10349
192.501,0.104302
192.567,0.102679
192.634,0.101461
192.7,0.101055
192.767,0.102679
192.834,0.102273
192.9,0.100244
192.967,0.101055
193.033,0.101461
193.1,0.102273
193.167,0.101867
193.233,0.099026
193.3,0.100649
193.366,0.100649
193.433,0.0998377
193.5,0.0978084
193.566,0.0982143
193.633,0.099026
193.699,0.0998377
193.766,0.100649
193.833,0.099026
193.899,0.0969968
193.966,0.0994318
194.033,0.100649
194.099,0.0998377
194.166,0.100244
194.232,0.100649
194.299,0.101867
194.366,0.0998377
194.432,0.0969968
194.499,0.0965909
194.565,0.0965909
194.632,0.0969968
194.699,0.0994318
194.765,0.0986201
194.832,0.0986201
194.898,0.0994318
194.965,0.101461
195.032,0.101867
195.098,0.102679
195.165,0.101867
195.232,0.102679
195.298,0.103896
195.365,0.106331
195.431,0.104708
195.498,0.102273
195.565,0.101461
195.631,0.102273
195.698,0.100649
195.764,0.103084
195.831,0.103084
195.898,0.104302
195.964,0.105519
196.031,0.107955
196.097,0.105519
196.164,0.106331
196.231,0.103896
196.297,0.106737
196.364,0.106737
196.43,0.107955
196.497,0.11039
196.564,0.112013
196.63,0.116071
196.697,0.112825
196.764,0.112825
196.83,0.114042
196.897,0.115666
196.963,0.115666
197.03,0.118912
197.097,0.120536
197.163,0.123782
197.23,0.129058
197.296,0.133117
197.363,0.133523
197.43,0.137987
197.496,0.139205
197.563,0.140828
197.629,0.142045
197.696,0.146916
197.763,0.148945
197.829,0.150162
197.896,0.154221
197.962,0.157468
198.029,0.163961
198.096,0.170455
198.162,0.172484
198.229,0.174107
198.296,0.177354
198.362,0.181006
198.429,0.183036
198.495,0.185065
198.562,0.185471
198.629,0.190341
198.695,0.197646
198.762,0.199675
198.828,0.202516
198.895,0.214692
198.962,0.219156
199.028,0.221185
199.095,0.223214
199.161,0.230925
199.228,0.237419
199.295,0.241477
199.361,0.244318
199.428,0.254464
199.494,0.257305
199.561,0.259334
199.628,0.268669
199.694,0.278815
199.761,0.279221
199.828,0.291396
199.894,0.297078
199.961,0.305601
200.027,0.308036
200.094,0.316558
200.161,0.31737
200.227,0.324269
200.294,0.337256
200.36,0.339692
200.427,0.347808
200.494,0.357549
200.56,0.366477
200.627,0.378247
200.693,0.387175
200.76,0.390422
200.827,0.418831
200.893,0.425325
200.96,0.430195
201.027,0.442776
201.093,0.453328
201.16,0.457792
201.226,0.472403
201.293,0.480114
201.36,0.481331
201.426,0.493912
201.493,0.502029
201.559,0.505682
201.626,0.499188
201.693,0.506088
201.759,0.502435
201.826,0.509334
201.892,0.502841
201.959,0.501623
202.026,0.499594
202.092,0.499188
202.159,0.496347
202.225,0.496753
202.292,0.501623
202.359,0.500812
202.425,0.513393
202.492,0.474432
202.559,0.472808
202.625,0.476867
202.692,0.461851
202.758,0.467127
202.825,0.468344
202.892,0.470779
202.958,0.469156
203.025,0.466315
203.091,0.458198
203.158,0.461445
203.225,0.462662
203.291,0.465909
203.358,0.461039
203.424,0.455357
203.491,0.469968
203.558,0.469156
203.624,0.464286
203.691,0.473214
203.757,0.477679
203.824,0.491071
203.891,0.488636
203.957,0.491071
204.024,0.5
204.091,0.495942
204.157,0.496347
204.224,0.496347
204.29,0.50487
204.357,0.515016
204.424,0.506088
204.49,0.512987
204.557,0.511364
204.623,0.510958
204.69,0.512175
204.757,0.518669
204.823,0.513799
204.89,0.51664
204.956,0.525162
205.023,0.520292
205.09,0.518669
205.156,0.522727
205.223,0.521916
205.289,0.534497
205.356,0.536932
205.423,0.536526
205.489,0.538555
205.556,0.545049
205.623,0.548295
205.689,0.55763
205.756,0.566964
205.822,0.571429
205.889,0.575893
205.956,0.573052
206.022,0.575893
206.089,0.576705
206.155,0.582386
206.222,0.581169
206.289,0.583198
206.355,0.582792
206.422,0.57711
206.488,0.577516
206.555,0.569805
206.622,0.575081
206.688,0.564123
206.755,0.559659
206.822,0.563312
206.888,0.559659
206.955,0.561282
207.021,0.550325
207.088,0.549513
207.155,0.542208
207.221,0.545049
207.288,0.543831
207.354,0.548295
207.421,0.54586
207.488,0.551136
207.554,0.54789
207.621,0.536932
207.687,0.542614
207.754,0.545049
207.821,0.547078
207.887,0.550731
207.954,0.551542
208.02,0.553166
208.087,0.55276
208.154,0.551542
208.22,0.54789
208.287,0.553166
208.354,0.554383
208.42,0.556818
208.487,0.555601
208.553,0.559253
208.62,0.561688
208.687,0.560877
208.753,0.564529
208.82,0.566964
208.886,0.563312
208.953,0.561688
209.02,0.561688
209.086,0.564529
209.153,0.567776
209.219,0.56737
209.286,0.567776
209.353,0.56737
209.419,0.568994
209.486,0.569805
209.552,0.575081
209.619,0.573458
209.686,0.575081
209.752,0.575081
209.819,0.575487
209.886,0.575487
209.952,0.574675
210.019,0.577922
210.085,0.572646
210.152,0.577922
210.219,0.578734
210.285,0.576705
210.352,0.574269
210.418,0.580357
210.485,0.582386
210.552,0.584821
210.618,0.581169
210.685,0.583604
210.751,0.583604
210.818,0.586039
210.885,0.583198
210.951,0.581169
211.018,0.578734
211.084,0.582792
211.151,0.583198
211.218,0.579951
211.284,0.580763
211.351,0.580357
211.418,0.579951
211.484,0.579951
211.551,0.579951
211.617,0.57914
211.684,0.580357
211.751,0.582386
211.817,0.580357
211.884,0.583604
211.95,0.580357
212.017,0.577922
212.084,0.583604
212.15,0.582792
212.217,0.58888
212.283,0.589692
212.35,0.592127
212.417,0.592127
212.483,0.586039
212.55,0.585227
212.617,0.590097
212.683,0.587662
212.75,0.588068
212.816,0.588068
212.883,0.591315
212.95,0.587256
213.016,0.58888
213.083,0.587662
213.149,0.588474
213.216,0.586851
213.283,0.587662
213.349,0.587662
213.416,0.586851
213.482,0.587256
213.549,0.586851
213.616,0.589692
213.682,0.586445
213.749,0.587662
213.815,0.58888
213.882,0.594156
213.949,0.592532
214.015,0.592127
214.082,0.594156
214.149,0.592127
214.215,0.594968
214.282,0.592127
214.348,0.591315
214.415,0.591315
214.482,0.589692
214.548,0.590097
214.615,0.589692
214.681,0.586851
214.748,0.588068
214.815,0.588068
214.881,0.589692
214.948,0.588474
215.014,0.586851
215.081,0.587662
215.148,0.58401
215.214,0.589692
215.281,0.586851
215.347,0.585633
215.414,0.583198
215.481,0.584416
215.547,0.580763
215.614,0.583604
215.681,0.584821
215.747,0.58401
215.814,0.584416
215.88,0.584416
215.947,0.583604
216.014,0.584416
216.08,0.583198
216.147,0.583198
216.213,0.581981
216.28,0.583604
216.347,0.58401
216.413,0.582792
216.48,0.584416
216.546,0.582792
216.613,0.584416
216.68,0.58401
216.746,0.583604
216.813,0.581981
216.879,0.582386
216.946,0.581981
217.013,0.583198
217.079,0.581981
217.146,0.583604
217.213,0.581169
217.279,0.582386
217.346,0.581575
217.412,0.581981
217.479,0.586445
217.546,0.587662
217.612,0.587662
217.679,0.587662
217.745,0.586039
217.812,0.587662
217.879,0.587662
217.945,0.587256
218.012,0.587662
218.078,0.587662
218.145,0.586851
218.212,0.586851
218.278,0.586851
218.345,0.587256
218.412,0.587256
218.478,0.586039
218.545,0.586851
218.611,0.586445
218.678,0.586039
218.745,0.588068
218.811,0.588068
218.878,0.583604
218.944,0.582386
219.011,0.582386
219.078,0.586039
219.144,0.585227
219.211,0.584821
219.277,0.585227
219.344,0.584821
219.411,0.586445
219.477,0.584416
219.544,0.585633
219.61,0.584821
219.677,0.582792
219.744,0.580763
219.81,0.582386
219.877,0.579951
219.944,0.579545
220.01,0.579545
220.077,0.57914
220.143,0.578328
220.21,0.57914
220.277,0.580763
220.343,0.581169
220.41,0.581169
220.476,0.584416
220.543,0.590097
220.61,0.589692
220.676,0.591315
220.743,0.591721
220.809,0.589286
220.876,0.585227
220.943,0.586445
221.009,0.584821
221.076,0.586039
221.142,0.587256
221.209,0.585227
221.276,0.581575
221.342,0.581575
221.409,0.581169
221.476,0.580357
221.542,0.581575
221.609,0.580763
221.675,0.580357
221.742,0.581169
221.809,0.581981
221.875,0.580357
221.942,0.580357
222.008,0.581981
222.075,0.581169
222.142,0.581169
222.208,0.575893
222.275,0.575893
222.341,0.573458
222.408,0.57711
222.475,0.580357
222.541,0.579951
222.608,0.574675
222.674,0.576299
222.741,0.574675
222.808,0.57224
222.874,0.571429
222.941,0.571023
223.008,0.571429
223.074,0.575487
223.141,0.572646
223.207,0.574269
223.274,0.572646
223.341,0.572646
223.407,0.574675
223.474,0.576299
223.54,0.576705
223.607,0.575893
223.674,0.57711
223.74,0.574675
223.807,0.573052
223.873,0.589286
223.94,0.586851
224.007,0.585227
224.073,0.58401
224.14,0.583604
224.207,0.582792
224.273,0.586039
224.34,0.586039
224.406,0.583198
224.473,0.58401
224.54,0.584416
224.606,0.581575
224.673,0.580357
224.739,0.578734
224.806,0.580357
224.873,0.578734
224.939,0.577922
225.006,0.577922
225.072,0.577516
225.139,0.577516
225.206,0.576705
225.272,0.577516
225.339,0.577516
225.405,0.578328
225.472,0.577922
225.539,0.574675
225.605,0.574269
225.672,0.574675
225.739,0.574675
225.805,0.575081
225.872,0.574675
225.938,0.57711
226.005,0.579545
226.072,0.579545
226.138,0.579545
226.205,0.577922
226.271,0.577922
226.338,0.577516
226.405,0.57914
226.471,0.579951
226.538,0.577922
226.604,0.579951
226.671,0.579951
226.738,0.577922
226.804,0.57711
226.871,0.579951
226.937,0.580763
227.004,0.582386
227.071,0.580357
227.137,0.581169
227.204,0.583604
227.271,0.581981
227.337,0.581575
227.404,0.581169
227.47,0.583198
227.537,0.580763
227.604,0.579951
227.67,0.579951
227.737,0.581575
227.803,0.583198
227.87,0.583198
227.937,0.585227
228.003,0.58401
228.07,0.583604
228.136,0.58401
228.203,0.583604
228.27,0.583604
228.336,0.582792
228.403,0.583198
228.469,0.582386
228.536,0.582386
228.603,0.582386
228.669,0.582386
228.736,0.581981
228.803,0.582792
228.869,0.592938
228.936,0.593344
229.002,0.592938
229.069,0.592938
229.136,0.593344
229.202,0.593344
229.269,0.594562
229.335,0.594156
229.402,0.594562
229.469,0.594562
229.535,0.595779
229.602,0.59375
229.668,0.594562
229.735,0.594562
229.802,0.591721
229.868,0.591721
229.935,0.591721
230.001,0.590909
230.068,0.590909
230.135,0.590503
230.201,0.591315
230.268,0.591721
230.335,0.591721
230.401,0.592938
230.468,0.592532
230.534,0.598214
230.601,0.598214
230.668,0.599026
230.734,0.600244
230.801,0.599838
230.867,0.601867
230.934,0.599838
231.001,0.600649
231.067,0.599432
231.134,0.597403
231.2,0.595779
231.267,0.59862
231.334,0.59862
231.4,0.595779
231.467,0.593344
231.534,0.594562
231.6,0.594968
231.667,0.594562
231.733,0.595373
231.8,0.594156
231.867,0.595373
231.933,0.595373
232,0.596591
232.066,0.596185
232.133,0.595373
232.2,0.58888
232.266,0.58888
232.333,0.590097
232.399,0.589692
232.466,0.588068
232.533,0.587662
232.599,0.587256
232.666,0.587256
232.732,0.588068
232.799,0.589692
232.866,0.589692
232.932,0.589286
232.999,0.58888
233.066,0.58888
233.132,0.588474
233.199,0.590097
233.265,0.58888
233.332,0.589692
233.399,0.589286
233.465,0.589692
233.532,0.589286
233.598,0.58888
233.665,0.589286
233.732,0.58888
233.798,0.588474
233.865,0.586851
233.931,0.58888
233.998,0.589692
234.065,0.590503
234.131,0.590909
234.198,0.58888
234.264,0.588068
234.331,0.588474
234.398,0.586445
234.464,0.586851
234.531,0.587256
234.598,0.588474
234.664,0.587256
234.731,0.585227
234.797,0.584821
234.864,0.584416
234.931,0.585633
234.997,0.585227
235.064,0.584416
235.13,0.585633
235.197,0.584821
235.264,0.585227
235.33,0.585633
235.397,0.586039
235.463,0.586445
235.53,0.587256
235.597,0.586851
235.663,0.588474
235.73,0.589286
235.796,0.590097
235.863,0.589286
235.93,0.589286
235.996,0.58888
236.063,0.590503
236.13,0.592127
236.196,0.592532
236.263,0.591721
236.329,0.591315
236.396,0.592532
236.463,0.594562
236.529,0.594562
236.596,0.595373
236.662,0.595373
236.729,0.594156
236.796,0.593344
236.862,0.592127
236.929,0.592532
236.995,0.592938
237.062,0.593344
237.129,0.595373
237.195,0.586851
237.262,0.590097
237.329,0.589692
237.395,0.589692
237.462,0.588068
237.528,0.588474
237.595,0.587662
237.662,0.587662
237.728,0.589692
237.795,0.599026
237.861,0.59862
237.928,0.599432
237.995,0.599838
238.061,0.599026
238.128,0.599432
238.194,0.596997
238.261,0.595779
238.328,0.595779
238.394,0.595779
238.461,0.596591
238.527,0.597403
238.594,0.597403
238.661,0.595779
238.727,0.595779
238.794,0.596591
238.861,0.597403
238.927,0.598214
238.994,0.59862
239.06,0.599026
239.127,0.597808
239.194,0.597403
239.26,0.598214
239.327,0.597808
239.393,0.598214
239.46,0.595373
239.527,0.594156
239.593,0.592938
239.66,0.592938
239.726,0.592938
239.793,0.592938
239.86,0.594562
239.926,0.593344
239.993,0.594156
240.059,0.59375
240.126,0.594562
240.193,0.592532
240.259,0.592532
240.326,0.594968
240.393,0.594156
240.459,0.594156
240.526,0.594156
240.592,0.593344
240.659,0.592938
240.726,0.595373
240.792,0.597403
240.859,0.596185
240.925,0.598214
240.992,0.600244
241.059,0.601867
241.125,0.602273
241.192,0.601867
241.258,0.604302
241.325,0.604302
241.392,0.605519
241.458,0.603084
241.525,0.601867
241.591,0.601867
241.658,0.602679
241.725,0.603084
241.791,0.605519
241.858,0.606737
241.925,0.607143
241.991,0.605925
242.058,0.605519
242.124,0.607143
242.191,0.605925
242.258,0.605519
242.324,0.604302
242.391,0.606331
242.457,0.603896
242.524,0.605925
242.591,0.605519
242.657,0.605519
242.724,0.605925
242.79,0.604708
242.857,0.60349
242.924,0.606331
242.99,0.607955
243.057,0.60836
243.124,0.60349
243.19,0.603084
243.257,0.603896
243.323,0.603084
243.39,0.605925
243.457,0.605519
243.523,0.605519
243.59,0.60349
243.656,0.604708
243.723,0.605519
243.79,0.601867
243.856,0.601461
243.923,0.601055
243.989,0.599432
244.056,0.600244
244.123,0.596997
244.189,0.597403
244.256,0.59862
244.322,0.599432
244.389,0.59862
244.456,0.596185
244.522,0.600244
244.589,0.599432
244.656,0.600649
244.722,0.595779
244.789,0.594156
244.855,0.597808
244.922,0.599026
244.989,0.595779
245.055,0.595373
245.122,0.595373
245.188,0.595779
245.255,0.595779
245.322,0.594562
245.388,0.594562
245.455,0.593344
245.521,0.591315
245.588,0.592532
245.655,0.592127
245.721,0.592127
245.788,0.591721
245.854,0.594156
245.921,0.594156
245.988,0.592127
246.054,0.592938
246.121,0.595779
246.188,0.596997
246.254,0.596997
246.321,0.59375
246.387,0.596185
246.454,0.59375
246.521,0.590097
246.587,0.591721
246.654,0.592532
246.72,0.594156
246.787,0.593344
246.854,0.594968
246.92,0.595779
246.987,0.595779
247.053,0.594968
247.12,0.597808
247.187,0.594968
247.253,0.597808
247.32,0.595779
247.386,0.595373
247.453,0.595373
247.52,0.587662
247.586,0.589692
247.653,0.592938
247.72,0.588474
247.786,0.58888
247.853,0.591721
247.919,0.590503
247.986,0.588474
248.053,0.587256
248.119,0.588068
248.186,0.585227
248.252,0.586039
248.319,0.587662
248.386,0.587662
248.452,0.586039
248.519,0.587662
248.585,0.58888
248.652,0.592938
248.719,0.596591
248.785,0.591315
248.852,0.592938
248.919,0.591315
248.985,0.592938
249.052,0.58888
249.118,0.593344
249.185,0.594156
249.252,0.592532
249.318,0.592532
249.385,0.590909
249.451,0.591721
249.518,0.594156
249.585,0.593344
249.651,0.592532
249.718,0.590909
249.784,0.58888
249.851,0.587662
249.918,0.584416
249.984,0.581981
250.051,0.585633
250.117,0.584416
250.184,0.586039
250.251,0.586851
250.317,0.587662
250.384,0.584821
250.451,0.584821
250.517,0.584821
250.584,0.584416
250.65,0.584821
250.717,0.585227
250.784,0.585227
250.85,0.585633
250.917,0.583198
250.983,0.58401
251.05,0.582792
251.117,0.581575
251.183,0.582386
251.25,0.580357
251.316,0.583604
251.383,0.583604
251.45,0.583604
251.516,0.582792
251.583,0.586445
251.649,0.588068
251.716,0.586039
251.783,0.586039
251.849,0.587256
251.916,0.585227
251.983,0.587662
252.049,0.591315
252.116,0.587662
252.182,0.586851
252.249,0.586039
252.316,0.587662
252.382,0.589286
252.449,0.590097
252.515,0.590097
252.582,0.588474
252.649,0.590097
252.715,0.588474
252.782,0.590909
252.848,0.590909
252.915,0.587256
252.982,0.589286
253.048,0.58888
253.115,0.587662
253.181,0.585227
253.248,0.586039
253.315,0.585227
253.381,0.581981
253.448,0.577516
253.515,0.578328
253.581,0.578734
253.648,0.578734
253.714,0.574269
253.781,0.575893
253.848,0.575487
253.914,0.574269
253.981,0.576299
254.047,0.574675
254.114,0.574675
254.181,0.57711
254.247,0.575487
254.314,0.577922
254.38,0.575081
254.447,0.604302
254.514,0.605519
254.58,0.607143
254.647,0.607549
254.714,0.605925
254.78,0.605114
254.847,0.607549
254.913,0.607143
254.98,0.609578
255.047,0.610795
255.113,0.61039
255.18,0.611607
255.246,0.612825
255.313,0.612825
255.38,0.614042
255.446,0.614448
255.513,0.613636
255.579,0.613636
255.646,0.612825
255.713,0.614448
255.779,0.616071
255.846,0.613636
255.912,0.614448
255.979,0.613231
256.046,0.612825
256.112,0.611607
256.179,0.614854
256.246,0.614448
256.312,0.615666
256.379,0.616477
256.445,0.618101
256.512,0.617695
256.579,0.616071
256.645,0.617695
256.712,0.618912
256.778,0.618912
256.845,0.618912
256.912,0.62013
256.978,0.619318
257.045,0.618506
257.111,0.618912
257.178,0.618101
257.245,0.619724
257.311,0.618101
257.378,0.62013
257.444,0.619724
257.511,0.617695
257.578,0.616883
257.644,0.617289
257.711,0.618101
257.778,0.614448
257.844,0.613231
257.911,0.61526
257.977,0.610795
258.044,0.610795
258.111,0.611607
258.177,0.612013
258.244,0.612825
258.31,0.613231
258.377,0.611201
258.444,0.606331
258.51,0.611607
258.577,0.60836
258.643,0.61039
258.71,0.606331
258.777,0.607143
258.843,0.607549
258.91,0.608766
258.976,0.603084
259.043,0.604302
259.11,0.607143
259.176,0.604708
259.243,0.605519
259.31,0.607143
259.376,0.607143
259.443,0.607549
259.509,0.607955
259.576,0.605519
259.643,0.606737
259.709,0.606737
259.776,0.605519
259.842,0.605925
259.909,0.607549
259.976,0.612013
260.042,0.612013
260.109,0.609984
260.175,0.609578
260.242,0.611607
260.309,0.61039
260.375,0.607143
260.442,0.60836
260.509,0.609984
260.575,0.609172
260.642,0.609172
260.708,0.60836
260.775,0.607549
260.842,0.605114
260.908,0.60836
260.975,0.605925
261.041,0.605519
261.108,0.605519
261.175,0.607143
261.241,0.606737
261.308,0.607143
261.374,0.605925
261.441,0.60836
261.508,0.606737
261.574,0.607955
261.641,0.607955
261.707,0.609984
261.774,0.605925
261.841,0.61039
261.907,0.609984
261.974,0.612825
262.041,0.611607
262.107,0.609578
262.174,0.609578
262.24,0.608766
262.307,0.609984
262.374,0.607549
262.44,0.60836
262.507,0.609984
262.573,0.610795
262.64,0.611607
262.707,0.611607
262.773,0.620536
262.84,0.617695
262.906,0.616071
262.973,0.617289
263.04,0.614854
263.106,0.618101
263.173,0.615666
263.239,0.617289
263.306,0.616071
263.373,0.616477
263.439,0.615666
263.506,0.616883
263.573,0.617695
263.639,0.617695
263.706,0.618101
263.772,0.621753
263.839,0.620942
263.906,0.62013
263.972,0.620536
264.039,0.620536
264.105,0.62013
264.172,0.619724
264.239,0.623377
264.305,0.622971
264.372,0.622159
264.438,0.618912
264.505,0.620942
264.572,0.624188
264.638,0.627841
264.705,0.625406
264.771,0.625
264.838,0.622159
264.905,0.621347
264.971,0.619724
265.038,0.623782
265.105,0.622565
265.171,0.625406
265.238,0.622159
265.304,0.621753
265.371,0.616477
265.438,0.616477
265.504,0.614854
265.571,0.617695
265.637,0.616071
265.704,0.615666
265.771,0.61526
265.837,0.616477
265.904,0.615666
265.97,0.614042
266.037,0.614854
266.104,0.615666
266.17,0.613636
266.237,0.613231
266.304,0.614854
266.37,0.616071
266.437,0.61526
266.503,0.61526
266.57,0.612419
266.637,0.611607
266.703,0.61039
266.77,0.61039
266.836,0.612419
266.903,0.61526
266.97,0.615666
267.036,0.614448
267.103,0.616883
267.169,0.616477
267.236,0.616071
267.303,0.616477
267.369,0.617289
267.436,0.618912
267.502,0.62013
267.569,0.62013
267.636,0.62013
267.702,0.62013
267.769,0.616071
267.836,0.616883
267.902,0.618506
267.969,0.622159
268.035,0.620942
268.102,0.619724
268.169,0.620536
268.235,0.621347
268.302,0.620942
268.368,0.620536
268.435,0.619724
268.502,0.620536
268.568,0.613231
268.635,0.614448
268.701,0.613231
268.768,0.614448
268.835,0.61039
268.901,0.608766
268.968,0.613231
269.034,0.612013
269.101,0.615666
269.168,0.614042
269.234,0.617289
269.301,0.616071
269.368,0.612419
269.434,0.607143
269.501,0.605519
269.567,0.605114
269.634,0.60836
269.701,0.608766
269.767,0.60836
269.834,0.606331
269.9,0.605925
269.967,0.605114
270.034,0.60836
270.1,0.61039
270.167,0.613231
270.233,0.613231
270.3,0.615666
270.367,0.616883
270.433,0.615666
270.5,0.617695
270.566,0.617289
270.633,0.617695
270.7,0.616477
270.766,0.615666
270.833,0.618506
270.9,0.615666
270.966,0.616883
271.033,0.618506
271.099,0.633929
271.166,0.630682
271.233,0.630682
271.299,0.634334
271.366,0.631494
271.432,0.629058
271.499,0.632305
271.566,0.62987
271.632,0.629464
271.699,0.631088
271.765,0.62987
271.832,0.629464
271.899,0.626218
271.965,0.623377
272.032,0.623377
272.099,0.624188
272.165,0.621753
272.232,0.621347
272.298,0.622159
272.365,0.621753
272.432,0.621347
272.498,0.620536
272.565,0.619318
272.631,0.621753
272.698,0.618101
272.765,0.62013
272.831,0.62013
272.898,0.622159
272.964,0.621753
273.031,0.624594
273.098,0.626623
273.164,0.624594
273.231,0.627029
273.297,0.626218
273.364,0.625406
273.431,0.629464
273.497,0.626623
273.564,0.628247
273.631,0.625812
273.697,0.624188
273.764,0.623377
273.83,0.622159
273.897,0.623782
273.964,0.624188
274.03,0.623782
274.097,0.623782
274.163,0.624594
274.23,0.625406
274.297,0.627435
274.363,0.626623
274.43,0.621347
274.496,0.62013
274.563,0.621753
274.63,0.619724
274.696,0.619724
274.763,0.621347
274.829,0.624594
274.896,0.623377
274.963,0.620942
275.029,0.623377
275.096,0.622159
275.163,0.624188
275.229,0.626218
275.296,0.623782
275.362,0.623782
275.429,0.626623
275.496,0.626623
275.562,0.626623
275.629,0.626623
275.695,0.627029
275.762,0.627435
275.829,0.624188
275.895,0.625812
275.962,0.625812
276.028,0.624188
276.095,0.631088
276.162,0.632305
276.228,0.637987
276.295,0.637581
276.361,0.640422
276.428,0.640828
276.495,0.64164
276.561,0.638799
276.628,0.635958
276.695,0.636769
276.761,0.639205
276.828,0.639205
276.894,0.639205
276.961,0.640422
277.028,0.641234
277.094,0.645698
277.161,0.650162
277.227,0.645698
277.294,0.645698
277.361,0.652597
277.427,0.651786
277.494,0.650974
277.56,0.657062
277.627,0.657468
277.694,0.660308
277.76,0.663149
277.827,0.663149
277.894,0.658685
277.96,0.659091
278.027,0.664773
278.093,0.668831
278.16,0.667614
278.227,0.670455
278.293,0.671266
278.36,0.678166
278.426,0.684659
278.493,0.68263
278.56,0.68263
278.626,0.678166
278.693,0.678977
278.759,0.680195
278.826,0.668425
278.893,0.680195
278.959,0.686282
279.026,0.691558
279.092,0.694399
279.159,0.695617
279.226,0.700893
279.292,0.706575
279.359,0.701705
279.426,0.698864
279.492,0.706575
279.559,0.70901
279.625,0.711851
279.692,0.715909
279.759,0.716315
279.825,0.716721
279.892,0.713068
279.958,0.710633
280.025,0.715909
280.092,0.724838
280.158,0.726461
280.225,0.738231
280.291,0.73336
280.358,0.73539
280.425,0.734984
280.491,0.720373
280.558,0.718344
280.624,0.734984
280.691,0.741883
280.758,0.743912
280.824,0.734984
280.891,0.741071
280.958,0.746347
281.024,0.751623
281.091,0.743101
281.157,0.740666
281.224,0.741883
281.291,0.750406
281.357,0.73539
281.424,0.756088
281.49,0.754058
281.557,0.74026
281.624,0.742289
281.69,0.755276
281.757,0.762175
281.823,0.769075
281.89,0.758117
281.957,0.771104
282.023,0.761769
282.09,0.780032
282.156,0.787744
282.223,0.783279
282.29,0.770698
282.356,0.780032
282.423,0.765422
282.49,0.762987
282.556,0.758929
282.623,0.735795
282.689,0.702516
282.756,0.699675
282.823,0.703328
282.889,0.697646
282.956,0.696834
283.022,0.637175
283.089,0.635958
283.156,0.635958
283.222,0.606331
283.289,0.617289
283.355,0.62013
283.422,0.566964
283.489,0.561688
283.555,0.574269
283.622,0.563312
283.688,0.575893
283.755,0.562906
283.822,0.548701
283.888,0.554383
283.955,0.540584
284.022,0.549107
284.088,0.559253
284.155,0.545049
284.221,0.550325
284.288,0.551542
284.355,0.553571
284.421,0.553571
284.488,0.534497
284.554,0.544643
284.621,0.546266
284.688,0.54789
284.754,0.560471
284.821,0.55763
284.887,0.579951
284.954,0.565747
285.021,0.57224
285.087,0.570617
285.154,0.575487
285.221,0.604302
285.287,0.575487
285.354,0.569399
285.42,0.602273
285.487,0.582386
285.554,0.57914
285.62,0.594156
285.687,0.599432
285.753,0.591315
285.82,0.588068
285.887,0.607955
285.953,0.571834
286.02,0.558036
286.086,0.549513
286.153,0.54789
286.22,0.532468
286.286,0.570617
286.353,0.551136
286.419,0.556006
286.486,0.564123
286.553,0.562094
286.619,0.562094
286.686,0.550325
286.753,0.573052
286.819,0.579545
286.886,0.563312
286.952,0.571429
287.019,0.582792
287.086,0.573458
287.152,0.568182
287.219,0.564529
287.285,0.56737
287.352,0.577516
287.419,0.565341
287.485,0.576299
287.552,0.574269
287.618,0.530844
287.685,0.545049
287.752,0.54789
287.818,0.543831
287.885,0.543831
287.951,0.510958
288.018,0.512175
288.085,0.510146
288.151,0.529627
288.218,0.520698
288.285,0.490666
288.351,0.486201
288.418,0.489854
288.484,0.493912
288.551,0.482549
288.618,0.47362
288.684,0.469968
288.751,0.476055
288.817,0.472808
288.884,0.460227
288.951,0.461039
289.017,0.469562
289.084,0.477273
289.15,0.469562
289.217,0.448458
289.284,0.465097
289.35,0.472403
289.417,0.456981
289.483,0.449269
289.55,0.443588
289.617,0.46875
289.683,0.481737
289.75,0.471591
289.817,0.487419
289.883,0.459821
289.95,0.45211
290.016,0.462662
290.083,0.471997
290.15,0.465097
290.216,0.465097
290.283,0.461445
290.349,0.456575
290.416,0.433036
290.483,0.430601
290.549,0.423701
290.616,0.435877
290.682,0.428166
290.749,0.419643
290.816,0.42289
290.882,0.428166
290.949,0.421266
291.016,0.420049
291.082,0.40625
291.149,0.410714
291.215,0.424107
291.282,0.414367
291.349,0.421266
291.415,0.408279
291.482,0.413555
291.548,0.410714
291.615,0.41112
291.682,0.419237
291.748,0.414773
291.815,0.411932
291.881,0.410308
291.948,0.419237
292.015,0.418019
292.081,0.42086
292.148,0.421672
292.214,0.416396
292.281,0.407468
292.348,0.403815
292.414,0.397727
292.481,0.398133
292.548,0.399351
292.614,0.39164
292.681,0.387175
292.747,0.374594
292.814,0.371753
292.881,0.369318
292.947,0.383117
293.014,0.357549
293.08,0.355925
293.147,0.332386
293.214,0.355925
293.28,0.336039
293.347,0.332386
293.413,0.337256
293.48,0.333604
293.547,0.343344
293.613,0.331575
293.68,0.334821
293.746,0.32711
293.813,0.33401
293.88,0.344156
293.946,0.330357
294.013,0.336851
294.08,0.340097
294.146,0.323052
294.213,0.340503
294.279,0.351461
294.346,0.335227
294.413,0.335227
294.479,0.350649
294.546,0.341721
294.612,0.346591
294.679,0.352679
294.746,0.348214
294.812,0.375406
294.879,0.357143
294.945,0.351055
295.012,0.36039
295.079,0.353084
295.145,0.341721
295.212,0.36039
295.278,0.345779
295.345,0.341721
295.412,0.346997
295.478,0.338068
295.545,0.353896
295.612,0.354302
295.678,0.360795
295.745,0.372159
295.811,0.370942
295.878,0.375
295.945,0.377029
296.011,0.374594
296.078,0.375812
296.144,0.386769
296.211,0.381088
296.278,0.399351
296.344,0.409903
296.411,0.42776
296.477,0.420049
296.544,0.423701
296.611,0.429383
296.677,0.439123
296.744,0.453328
296.811,0.441558
296.877,0.43263
296.944,0.436282
297.01,0.441153
297.077,0.441558
297.144,0.432224
297.21,0.435471
297.277,0.424919
297.343,0.430601
297.41,0.433442
297.477,0.434253
297.543,0.424107
297.61,0.420049
297.676,0.42289
297.743,0.433036
297.81,0.42289
297.876,0.425731
297.943,0.441153
298.009,0.438718
298.076,0.456981
298.143,0.451299
298.209,0.441964
298.276,0.425731
298.343,0.425325
298.409,0.423701
298.476,0.429789
298.542,0.438312
298.609,0.40625
298.676,0.399756
298.742,0.406656
298.809,0.396916
298.875,0.377029
298.942,0.372159
299.009,0.372971
299.075,0.366477
299.142,0.364854
299.208,0.354302
299.275,0.364042
299.342,0.354302
299.408,0.373782
299.475,0.38474
299.541,0.413555
299.608,0.403409
299.675,0.405032
299.741,0.414367
299.808,0.435877
299.875,0.433847
299.941,0.428977
300.008,0.450081
300.074,0.448864
300.141,0.459416
300.208,0.466315
300.274,0.471997
300.341,0.464692
300.407,0.479708
300.474,0.489448
300.541,0.483766
300.607,0.504058
300.674,0.494724
300.74,0.48336
300.807,0.518669
300.874,0.526786
300.94,0.529221
301.007,0.524756
301.073,0.525162
301.14,0.522321
301.207,0.543425
301.273,0.534091
301.34,0.533279
301.407,0.548701
301.473,0.573864
301.54,0.564935
301.606,0.560877
301.673,0.598214
301.74,0.600244
301.806,0.624188
301.873,0.610795
301.939,0.618506
302.006,0.624594
302.073,0.616883
302.139,0.630682
302.206,0.625
302.272,0.610795
302.339,0.599026
302.406,0.596185
302.472,0.567776
302.539,0.576299
302.606,0.574675
302.672,0.549107
302.739,0.550731
302.805,0.534091
302.872,0.515422
302.939,0.506899
303.005,0.507711
303.072,0.502029
303.138,0.498782
303.205,0.488231
303.272,0.490666
303.338,0.491883
303.405,0.493101
303.471,0.474432
303.538,0.48336
303.605,0.455357
303.671,0.463474
303.738,0.453328
303.804,0.446834
303.871,0.448052
303.938,0.453734
304.004,0.437906
304.071,0.424513
304.138,0.413555
304.204,0.42776
304.271,0.433442
304.337,0.418425
304.404,0.425325
304.471,0.415584
304.537,0.418019
304.604,0.430601
304.67,0.41112
304.737,0.434659
304.804,0.433036
304.87,0.422484
304.937,0.430601
305.003,0.42289
305.07,0.418425
305.137,0.40138
305.203,0.39164
305.27,0.400568
305.336,0.402192
305.403,0.399756
305.47,0.392857
305.536,0.398133
305.603,0.400974
305.67,0.40625
305.736,0.397321
305.803,0.403003
305.869,0.411932
305.936,0.414367
306.003,0.420049
306.069,0.426542
306.136,0.413961
306.202,0.405438
306.269,0.406656
306.336,0.416802
306.402,0.409903
306.469,0.417614
306.535,0.431412
306.602,0.40625
306.669,0.405844
306.735,0.429383
306.802,0.404221
306.868,0.403003
306.935,0.407468
307.002,0.40625
307.068,0.403003
307.135,0.404221
307.202,0.403409
307.268,0.388799
307.335,0.399351
307.401,0.386364
307.468,0.380682
307.535,0.368912
307.601,0.381494
307.668,0.351867
307.734,0.368101
307.801,0.32914
307.868,0.342938
307.934,0.343344
308.001,0.331981
308.067,0.30276
308.134,0.303571
308.201,0.293019
308.267,0.292614
308.334,0.283279
308.401,0.28125
308.467,0.293019
308.534,0.281656
308.6,0.280438
308.667,0.28125
308.734,0.291802
308.8,0.289773
308.867,0.299107
308.933,0.292614
309,0.308036
309.067,0.329951
309.133,0.325081
309.2,0.324269
309.266,0.312094
309.333,0.331169
309.4,0.331169
309.466,0.345779
309.533,0.357549
309.599,0.362825
309.666,0.353084
309.733,0.374594
309.799,0.384334
309.866,0.377029
309.933,0.379464
309.999,0.385552
310.066,0.381899
310.132,0.37987
310.199,0.384334
310.266,0.392451
310.332,0.39651
310.399,0.366883
310.465,0.374188
310.532,0.364854
310.599,0.347808
310.665,0.358766
310.732,0.344562
310.798,0.329545
310.865,0.325893
310.932,0.336039
310.998,0.318182
311.065,0.314935
311.131,0.322646
311.198,0.308442
311.265,0.296672
311.331,0.310065
311.398,0.298701
311.465,0.26461
311.531,0.265828
311.598,0.252029
311.664,0.265016
311.731,0.260146
311.798,0.234172
311.864,0.243912
311.931,0.237419
311.997,0.237013
312.064,0.222403
312.131,0.215909
312.197,0.206575
312.264,0.220779
312.33,0.216315
312.397,0.20901
312.464,0.198052
312.53,0.201705
312.597,0.199675
312.663,0.20211
312.73,0.189529
312.797,0.192776
312.863,0.174919
312.93,0.187906
312.997,0.194399
313.063,0.189529
313.13,0.193182
313.196,0.182224
313.263,0.192776
313.33,0.195211
313.396,0.183847
313.463,0.183847
313.529,0.194399
313.596,0.198864
313.663,0.19724
313.729,0.19724
313.796,0.20414
313.862,0.213474
313.929,0.219968
313.996,0.228896
314.062,0.22849
314.129,0.232549
314.196,0.246753
314.262,0.261364
314.329,0.255276
314.395,0.265422
314.462,0.270698
314.529,0.261769
314.595,0.270292
314.662,0.25487
314.728,0.260958
314.795,0.28125
314.862,0.277192
314.928,0.279627
314.995,0.277597
315.061,0.288555
315.128,0.286932
315.195,0.275568
315.261,0.277597
315.328,0.274756
315.394,0.27151
315.461,0.269886
315.528,0.266234
315.594,0.260552
315.661,0.26664
315.728,0.271104
315.794,0.254058
315.861,0.252435
315.927,0.245536
315.994,0.250406
316.061,0.249594
316.127,0.236607
316.194,0.232143
316.26,0.229708
316.327,0.216721
316.394,0.222808
316.46,0.209821
316.527,0.202516
316.593,0.19724
316.66,0.190341
316.727,0.189123
316.793,0.202922
316.86,0.190747
316.926,0.178166
316.993,0.172484
317.06,0.169237
317.126,0.145698
317.193,0.154221
317.26,0.133117
317.326,0.150568
317.393,0.143669
317.459,0.127841
317.526,0.122971
317.593,0.135958
317.659,0.108766
317.726,0.116883
317.792,0.125406
317.859,0.10836
317.926,0.107549
317.992,0.0953734
318.059,0.103896
318.125,0.0978084
318.192,0.0888799
318.259,0.0779221
318.325,0.0872565
318.392,0.0645292
318.458,0.0637175
318.525,0.0633117
318.592,0.0653409
318.658,0.0499188
318.725,0.0539773
318.792,0.0527597
318.858,0.044237
318.925,0.0430195
318.991,0.0328734
319.058,0.0353084
319.125,0.0288149
319.191,0.0243506
319.258,0.023539
319.324,0.0215097
319.391,0.0162338
319.458,0.0158279
319.524,0.0162338
319.591,0.0117695
319.657,0.0101461
319.724,0.00974026
319.791,0.00527597
319.857,0.00405844
319.924,0.00405844
319.991,0.00405844
320.057,0.00405844
320.124,0.00405844
320.19,0.00405844
320.257,0.00405844
320.324,0.00405844
320.39,0.00405844
320.457,0.00446429
320.523,0.00446429
320.59,0.00446429
320.657,0.00446429
320.723,0.00446429
320.79,0.00446429
320.856,0.00446429
320.923,0.00446429
320.99,0.00405844
321.056,0.00446429
321.123,0.00446429
321.189,0.00446429
321.256,0.00446429
321.323,0.00446429
321.389,0.00446429
321.456,0.00487013
321.523,0.00487013
321.589,0.00527597
321.656,0.00608766
321.722,0.00608766
321.789,0.00649351
321.856,0.00608766
321.922,0.00649351
321.989,0.0101461
322.055,0.0105519
322.122,0.00771104
322.189,0.00689935
322.255,0.00730519
322.322,0.00811688
322.388,0.00852273
322.455,0.00811688
322.522,0.00730519
322.588,0.00649351
322.655,0.00730519
322.721,0.00771104
322.788,0.00892857
322.855,0.00892857
322.921,0.00892857
322.988,0.00892857
323.055,0.00933442
323.121,0.0117695
323.188,0.0121753
323.254,0.012987
323.321,0.0117695
323.388,0.0121753
323.454,0.0109578
323.521,0.0101461
323.587,0.0113636
323.654,0.0113636
323.721,0.00974026
323.787,0.0105519
323.854,0.0101461
323.92,0.0101461
323.987,0.00892857
324.054,0.00933442
324.12,0.0101461
324.187,0.0101461
324.253,0.00852273
324.32,0.00892857
324.387,0.00933442
324.453,0.00730519
324.52,0.00771104
324.587,0.00811688
324.653,0.00892857
324.72,0.00730519
324.786,0.00689935
324.853,0.00649351
324.92,0.00730519
324.986,0.00771104
325.053,0.00771104
325.119,0.00649351
325.186,0.00689935
325.253,0.00568182
325.319,0.00649351
325.386,0.00649351
325.452,0.00771104
325.519,0.00811688
325.586,0.00689935
325.652,0.00608766
325.719,0.00771104
325.786,0.00892857
325.852,0.00811688
325.919,0.00852273
325.985,0.00933442
326.052,0.00771104
326.119,0.00852273
326.185,0.00568182
326.252,0.00527597
326.318,0.00527597
326.385,0.00527597
326.452,0.00527597
326.518,0.00568182
326.585,0.00608766
326.651,0.00608766
326.718,0.00649351
326.785,0.00649351
326.851,0.00730519
326.918,0.00730519
326.984,0.00649351
327.051,0.00608766
327.118,0.00527597
327.184,0.00446429
327.251,0.00446429
327.318,0.00487013
327.384,0.00487013
327.451,0.00487013
327.517,0.0162338
327.584,0.0324675
327.651,0.0385552
327.717,0.044237
327.784,0.0478896
327.85,0.0474838
327.917,0.049513
327.984,0.0507305
328.05,0.0515422
328.117,0.057224
328.183,0.0661526
328.25,0.080763
328.317,0.0896916
328.383,0.099026
328.45,0.10836
328.516,0.113231
328.583,0.112825
328.65,0.109984
328.716,0.11526
328.783,0.109578
328.85,0.104708
328.916,0.112825
328.983,0.103084
329.049,0.105925
329.116,0.101055
329.183,0.108766
329.249,0.101461
329.316,0.10349
329.382,0.106737
329.449,0.0965909
329.516,0.107549
329.582,0.103896
329.649,0.099026
329.715,0.0913149
329.782,0.0868506
329.849,0.0949675
329.915,0.0823864
329.982,0.0762987
330.048,0.0791396
330.115,0.0827922
330.182,0.0742695
330.248,0.0693994
330.315,0.0661526
330.382,0.0612825
330.448,0.0649351
330.515,0.0661526
330.581,0.0681818
330.648,0.0665584
330.715,0.0620942
330.781,0.0661526
330.848,0.0693994
330.914,0.0693994
330.981,0.0823864
331.048,0.0779221
331.114,0.0823864
331.181,0.0933442
331.247,0.0953734
331.314,0.10349
331.381,0.106331
331.447,0.103896
331.514,0.104708
331.581,0.103084
331.647,0.106331
331.714,0.104708
331.78,0.0945617
331.847,0.101867
331.914,0.099026
331.98,0.0836039
332.047,0.0840097
332.113,0.0900974
332.18,0.0896916
332.247,0.0868506
332.313,0.0876623
332.38,0.0758929
332.446,0.0787338
332.513,0.0767045
332.58,0.0762987
332.646,0.0758929
332.713,0.0799513
332.779,0.0767045
332.846,0.0758929
332.913,0.0779221
332.979,0.0880682
333.046,0.0799513
333.113,0.0799513
333.179,0.0653409
333.246,0.0718344
333.312,0.0726461
333.379,0.0844156
333.446,0.0641234
333.512,0.0689935
333.579,0.067776
333.645,0.0637175
333.712,0.0620942
333.779,0.0685877
333.845,0.0551948
333.912,0.0596591
333.978,0.0450487
334.045,0.0474838
334.112,0.0336851
334.178,0.0357143
334.245,0.0324675
334.311,0.0288149
334.378,0.0288149
334.445,0.0223214
334.511,0.0275974
334.578,0.0243506
334.645,0.0263799
334.711,0.0263799
334.778,0.0211039
334.844,0.023539
334.911,0.0223214
334.978,0.0190747
335.044,0.0174513
335.111,0.0206981
335.177,0.0170455
335.244,0.0162338
335.311,0.0174513
335.377,0.0186688
335.444,0.0166396
335.51,0.0166396
335.577,0.0154221
335.644,0.0150162
335.71,0.0137987
335.777,0.0162338
335.843,0.0186688
335.91,0.0186688
335.977,0.0142045
336.043,0.0133929
336.11,0.0158279
336.177,0.0158279
336.243,0.0178571
336.31,0.0154221
336.376,0.0142045
336.443,0.0162338
336.51,0.0170455
336.576,0.0194805
336.643,0.0202922
336.709,0.0219156
336.776,0.0251623
336.843,0.025974
336.909,0.0324675
336.976,0.0349026
337.042,0.0418019
337.109,0.0482955
337.176,0.0499188
337.242,0.0564123
337.309,0.0629058
337.375,0.0681818
337.442,0.0730519
337.509,0.0815747
337.575,0.0896916
337.642,0.0945617
337.709,0.111201
337.775,0.119318
337.842,0.122971
337.908,0.128247
337.975,0.131088
338.042,0.142857
338.108,0.147727
338.175,0.146916
338.241,0.152597
338.308,0.16112
338.375,0.158685
338.441,0.155844
338.508,0.154627
338.574,0.143669
338.641,0.144481
338.708,0.138799
338.774,0.124594
338.841,0.135552
338.908,0.126623
338.974,0.12013
339.041,0.118506
339.107,0.112825
339.174,0.113231
339.241,0.106331
339.307,0.0978084
339.374,0.0978084
339.44,0.0933442
339.507,0.0864448
339.574,0.0856331
339.64,0.0836039
339.707,0.088474
339.773,0.0844156
339.84,0.0775162
339.907,0.0730519
339.973,0.0685877
340.04,0.0637175
340.106,0.0685877
340.173,0.0535714
340.24,0.0551948
340.306,0.0519481
340.373,0.0422078
340.44,0.0401786
340.506,0.0405844
340.573,0.0454545
340.639,0.0377435
340.706,0.0385552
340.773,0.0418019
340.839,0.0328734
340.906,0.0377435
340.972,0.0336851
341.039,0.0332792
341.106,0.0292208
341.172,0.0243506
341.239,0.0239448
341.305,0.0239448
341.372,0.0206981
341.439,0.018263
341.505,0.0146104
341.572,0.0117695
341.638,0.0101461
341.705,0.00446429
341.772,0.00446429
341.838,0.00405844
341.905,0.00405844
341.972,0.00446429
342.038,0.00446429
342.105,0.00446429
342.171,0.00446429
342.238,0.00446429
342.305,0.00446429
342.371,0.00446429
342.438,0.00446429
342.504,0.00446429
342.571,0.00446429
342.638,0.00446429
342.704,0.00446429
342.771,0.00446429
342.837,0.00446429
342.904,0.00446429
342.971,0.00446429
343.037,0.00446429
343.104,0.00446429
343.17,0.00446429
343.237,0.00446429
343.304,0.00446429
343.37,0.00446429
343.437,0.00446429
343.504,0.00446429
343.57,0.00446429
343.637,0.00446429
343.703,0.00446429
343.77,0.00446429
343.837,0.00446429
343.903,0.00446429
343.97,0.00446429
344.036,0.00446429
344.103,0.00446429
344.17,0.00446429
344.236,0.00446429
344.303,0.00446429
344.369,0.00446429
344.436,0.00446429
344.503,0.00446429
344.569,0.00446429
344.636,0.00446429
344.703,0.00446429
344.769,0.00446429
344.836,0.00446429
344.902,0.00446429
344.969,0.00446429
345.036,0.00446429
345.102,0.00446429
345.169,0.00446429
345.235,0.00446429
345.302,0.00405844
345.369,0.00405844
345.435,0.00405844
345.502,0.00405844
345.568,0.00405844
345.635,0.00405844
345.702,0.00405844
345.768,0.00405844
345.835,0.00405844
345.901,0.00405844
345.968,0.00405844
346.035,0.00405844
346.101,0.00405844
346.168,0.00405844
346.235,0.00405844
346.301,0.00405844
346.368,0.00405844
346.434,0.00405844
346.501,0.00405844
346.568,0.00405844
346.634,0.00405844
346.701,0.00405844
346.767,0.00405844
346.834,0.00405844
346.901,0.00405844
346.967,0.00405844
347.034,0.00405844
347.1,0.00405844
347.167,0.00405844
347.234,0.00405844
347.3,0.00405844
347.367,0.00405844
347.433,0.00405844
347.5,0.00405844
347.567,0.00405844
347.633,0.00405844
347.7,0.00405844
347.767,0.00405844
347.833,0.00405844
347.9,0.00405844
347.966,0.00405844
348.033,0.00405844
348.1,0.00405844
348.166,0.00405844
348.233,0.00405844
348.299,0.00405844
348.366,0.00405844
348.433,0.00405844
348.499,0.00405844
348.566,0.00405844
348.632,0.00405844
348.699,0.00405844
348.766,0.00405844
348.832,0.00405844
348.899,0.00405844
348.965,0.00405844
349.032,0.00405844
349.099,0.00405844
349.165,0.00405844
349.232,0.00405844
349.299,0.00405844
349.365,0.00405844
349.432,0.00405844
349.498,0.00405844
349.565,0.00405844
349.632,0.00405844
349.698,0.00405844
349.765,0.00405844
349.831,0.00405844
349.898,0.00405844
349.965,0.00405844
350.031,0.00405844
350.098,0.00405844
350.164,0.00689935
350.231,0.0150162
350.298,0.0227273
350.364,0.0357143
350.431,0.0438312
350.498,0.0499188
350.564,0.0551948
350.631,0.0669643
350.697,0.0669643
350.764,0.0625
350.831,0.0637175
350.897,0.0693994
350.964,0.0661526
351.03,0.0673701
351.097,0.070211
351.164,0.0714286
351.23,0.067776
351.297,0.0689935
351.363,0.0685877
351.43,0.0722403
351.497,0.0730519
351.563,0.0661526
351.63,0.0653409
351.696,0.0661526
351.763,0.0669643
351.83,0.0661526
351.896,0.0629058
351.963,0.0616883
352.03,0.0576299
352.096,0.0685877
352.163,0.0661526
352.229,0.0645292
352.296,0.0645292
352.363,0.0771104
352.429,0.0892857
352.496,0.0900974
352.562,0.103896
352.629,0.109172
352.696,0.11039
352.762,0.120536
352.829,0.127435
352.895,0.124188
352.962,0.122159
353.029,0.123377
353.095,0.124188
353.162,0.125406
353.228,0.128653
353.295,0.132305
353.362,0.126218
353.428,0.125812
353.495,0.130276
353.562,0.128653
353.628,0.12987
353.695,0.117289
353.761,0.126623
353.828,0.133117
353.895,0.131494
353.961,0.131494
354.028,0.129464
354.094,0.129464
354.161,0.133117
354.228,0.133523
354.294,0.128247
354.361,0.132711
354.427,0.131494
354.494,0.135146
354.561,0.129464
354.627,0.129464
354.694,0.125812
354.76,0.127841
354.827,0.121347
354.894,0.12987
354.96,0.128247
355.027,0.135958
355.094,0.135552
355.16,0.148945
355.227,0.140422
355.293,0.153003
355.36,0.151786
355.427,0.160714
355.493,0.157062
355.56,0.158279
355.626,0.153409
355.693,0.160714
355.76,0.15625
355.826,0.154627
355.893,0.153003
355.959,0.162338
356.026,0.163555
356.093,0.160714
356.159,0.155844
356.226,0.150162
356.293,0.153409
356.359,0.155438
356.426,0.167208
356.492,0.162338
356.559,0.171266
356.626,0.178166
356.692,0.183847
356.759,0.193994
356.825,0.20211
356.892,0.209416
356.959,0.215503
357.025,0.217127
357.092,0.214286
357.158,0.215097
357.225,0.212256
357.292,0.211445
357.358,0.212256
357.425,0.21388
357.491,0.213474
357.558,0.20901
357.625,0.205357
357.691,0.207792
357.758,0.206575
357.825,0.211851
357.891,0.209821
357.958,0.206575
358.024,0.206981
358.091,0.212256
358.158,0.211851
358.224,0.204545
358.291,0.200081
358.357,0.202516
358.424,0.203734
358.491,0.204545
358.557,0.202516
358.624,0.198052
358.69,0.198864
358.757,0.204951
358.824,0.204951
358.89,0.20901
358.957,0.221591
359.023,0.231331
359.09,0.230519
359.157,0.243912
359.223,0.245536
359.29,0.248782
359.357,0.248377
359.423,0.245536
359.49,0.25
359.556,0.250812
359.623,0.25487
359.69,0.252029
359.756,0.252841
359.823,0.245942
359.889,0.242695
359.956,0.244318
360.023,0.256494
360.089,0.252029
360.156,0.248377
360.222,0.251623
360.289,0.251623
360.356,0.250812
360.422,0.25487
360.489,0.254464
360.555,0.253653
360.622,0.254464
360.689,0.256088
360.755,0.256899
360.822,0.251623
360.889,0.264205
360.955,0.267451
361.022,0.27151
361.088,0.27151
361.155,0.276786
361.222,0.28125
361.288,0.279221
361.355,0.283685
361.421,0.279627
361.488,0.286526
361.555,0.284497
361.621,0.292208
361.688,0.292208
361.754,0.282062
361.821,0.288961
361.888,0.292614
361.954,0.280844
362.021,0.281656
362.088,0.286526
362.154,0.277192
362.221,0.281656
362.287,0.282062
362.354,0.283279
362.421,0.288149
362.487,0.288961
362.554,0.288961
362.62,0.293425
362.687,0.291396
362.754,0.29586
362.82,0.296266
362.887,0.297078
362.953,0.296672
363.02,0.308036
363.087,0.301542
363.153,0.306818
363.22,0.303977
363.286,0.303977
363.353,0.299919
363.42,0.297078
363.486,0.299919
363.553,0.302354
363.62,0.290584
363.686,0.29586
363.753,0.300325
363.819,0.289773
363.886,0.295049
363.953,0.300731
364.019,0.298295
364.086,0.294237
364.152,0.293425
364.219,0.291802
364.286,0.293831
364.352,0.288961
364.419,0.279221
364.485,0.277597
364.552,0.284497
364.619,0.280844
364.685,0.28125
364.752,0.282468
364.818,0.280844
364.885,0.280032
364.952,0.278815
365.018,0.279627
365.085,0.277597
365.152,0.276786
365.218,0.283685
365.285,0.283685
365.351,0.28612
365.418,0.292208
365.485,0.293831
365.551,0.292208
365.618,0.298295
365.684,0.299919
365.751,0.301948
365.818,0.30276
365.884,0.304789
365.951,0.31737
366.017,0.320617
366.084,0.325487
366.151,0.32224
366.217,0.323458
366.284,0.325081
366.35,0.333198
366.417,0.335633
366.484,0.339286
366.55,0.342127
366.617,0.342938
366.684,0.344156
366.75,0.342938
366.817,0.355114
366.883,0.352273
366.95,0.352679
367.017,0.355519
367.083,0.357955
367.15,0.361201
367.216,0.362419
367.283,0.364042
367.35,0.366477
367.416,0.366071
367.483,0.365666
367.549,0.364448
367.616,0.365666
367.683,0.37013
367.749,0.375
367.816,0.379464
367.883,0.381494
367.949,0.38961
368.016,0.398539
368.082,0.39651
368.149,0.403409
368.216,0.425731
368.282,0.431006
368.349,0.442776
368.415,0.45211
368.482,0.459821
368.549,0.464692
368.615,0.471591
368.682,0.475649
368.748,0.489448
368.815,0.493506
368.882,0.495942
368.948,0.497159
369.015,0.5
369.081,0.498782
369.148,0.495942
369.215,0.5
369.281,0.499188
369.348,0.516234
369.415,0.52151
369.481,0.52151
369.548,0.519481
369.614,0.520292
369.681,0.52151
369.748,0.518669
369.814,0.517045
369.881,0.521104
369.947,0.522727
370.014,0.521916
370.081,0.525162
370.147,0.529221
370.214,0.531656
370.28,0.532062
370.347,0.532062
370.414,0.534091
370.48,0.530844
370.547,0.540584
370.613,0.543019
370.68,0.542208
370.747,0.550325
370.813,0.558442
370.88,0.558036
370.947,0.55276
371.013,0.558847
371.08,0.563312
371.146,0.568182
371.213,0.574675
371.28,0.569399
371.346,0.574269
371.413,0.576299
371.479,0.575081
371.546,0.583198
371.613,0.586445
371.679,0.584416
371.746,0.581169
371.812,0.595373
371.879,0.588068
371.946,0.591315
372.012,0.598214
372.079,0.596997
372.145,0.600244
372.212,0.605114
372.279,0.605925
372.345,0.598214
372.412,0.604302
372.479,0.609984
372.545,0.606331
372.612,0.606331
372.678,0.606737
372.745,0.609172
372.812,0.616883
372.878,0.614448
372.945,0.606737
373.011,0.609984
373.078,0.612419
373.145,0.619318
373.211,0.614448
373.278,0.617289
373.344,0.612419
373.411,0.614448
373.478,0.612825
373.544,0.618506
373.611,0.620942
373.678,0.62013
373.744,0.620942
373.811,0.622565
373.877,0.625406
373.944,0.626218
374.011,0.618506
374.077,0.618101
374.144,0.616477
374.21,0.621347
374.277,0.616477
374.344,0.619724
374.41,0.624188
374.477,0.619318
374.543,0.622159
374.61,0.618912
374.677,0.612825
374.743,0.613231
374.81,0.612419
374.876,0.616071
374.943,0.614042
375.01,0.61526
375.076,0.614448
375.143,0.617289
375.21,0.616477
375.276,0.618101
375.343,0.614042
375.409,0.616883
375.476,0.614448
375.543,0.618506
375.609,0.613636
375.676,0.613636
375.742,0.619724
375.809,0.615666
375.876,0.617289
375.942,0.621753
376.009,0.627029
376.075,0.633117
376.142,0.633523
376.209,0.632711
376.275,0.631899
376.342,0.63961
376.408,0.640422
376.475,0.637581
376.542,0.635552
376.608,0.630276
376.675,0.629464
376.742,0.632305
376.808,0.628247
376.875,0.627029
376.941,0.62987
377.008,0.629464
377.075,0.628653
377.141,0.628247
377.208,0.634334
377.274,0.636769
377.341,0.640016
377.408,0.637581
377.474,0.635146
377.541,0.639205
377.607,0.639205
377.674,0.64651
377.741,0.647727
377.807,0.644481
377.874,0.645698
377.94,0.642857
378.007,0.642045
378.074,0.642451
378.14,0.642857
378.207,0.63961
378.274,0.641234
378.34,0.644075
378.407,0.647727
378.473,0.645292
378.54,0.644481
378.607,0.642857
378.673,0.642045
378.74,0.643263
378.806,0.646104
378.873,0.642045
378.94,0.641234
379.006,0.640016
379.073,0.640828
379.139,0.636364
379.206,0.638799
379.273,0.637175
379.339,0.640828
379.406,0.643669
379.473,0.64164
379.539,0.640828
379.606,0.64164
379.672,0.640016
379.739,0.649351
379.806,0.650162
379.872,0.655438
379.939,0.663149
380.005,0.67086
380.072,0.674107
380.139,0.67289
380.205,0.67776
380.272,0.680601
380.338,0.688312
380.405,0.701299
380.472,0.709416
380.538,0.715097
380.605,0.715503
380.671,0.717532
380.738,0.716721
380.805,0.722808
380.871,0.72362
380.938,0.726867
381.005,0.736607
381.071,0.734578
381.138,0.732549
381.204,0.733766
381.271,0.735795
381.338,0.738231
381.404,0.74026
381.471,0.741071
381.537,0.739854
381.604,0.739042
381.671,0.737013
381.737,0.741071
381.804,0.740666
381.87,0.742289
381.937,0.743101
382.004,0.743506
382.07,0.742695
382.137,0.743101
