0.0666092,0.06134
0.133218,0.0611414
0.199828,0.0615385
0.266437,0.0732506
0.333046,0.0778164
0.399655,0.0802978
0.466264,0.0856576
0.532873,0.089727
0.599483,0.0914144
0.666092,0.0912159
0.732701,0.0934988
0.79931,0.0923077
0.865919,0.093598
0.932529,0.0975682
0.999138,0.0992556
1.06575,0.0983623
1.13236,0.0989578
1.19897,0.0979653
1.26557,0.0998511
1.33218,0.0960794
1.39879,0.0991563
1.4654,0.0988586
1.53201,0.0961787
1.59862,0.100546
1.66523,0.103524
1.73184,0.104615
1.79845,0.1067
1.86506,0.106402
1.93167,0.110174
1.99828,0.110372
2.06488,0.108784
2.13149,0.108089
2.1981,0.109578
2.26471,0.108983
2.33132,0.108089
2.39793,0.106402
2.46454,0.106998
2.53115,0.108685
2.59776,0.106501
2.66437,0.108387
2.73098,0.109181
2.79759,0.109479
2.86419,0.108883
2.9308,0.110074
2.99741,0.109677
3.06402,0.108288
3.13063,0.107295
3.19724,0.108387
3.26385,0.108883
3.33046,0.10799
3.39707,0.110571
3.46368,0.10938
3.53029,0.107097
3.5969,0.108685
3.6635,0.10938
3.73011,0.111663
3.79672,0.11067
3.86333,0.113846
3.92994,0.113648
3.99655,0.112556
4.06316,0.114342
4.12977,0.114045
4.19638,0.112457
4.26299,0.11335
4.3296,0.114839
4.39621,0.115434
4.46282,0.117419
4.52942,0.119107
4.59603,0.119206
4.66264,0.119206
4.72925,0.11871
4.79586,0.119206
4.86247,0.119801
4.92908,0.121191
4.99569,0.120397
5.0623,0.120397
5.12891,0.116725
5.19552,0.118114
5.26213,0.121489
5.32873,0.120298
5.39534,0.12268
5.46195,0.120794
5.52856,0.123077
5.59517,0.127742
5.66178,0.133102
5.72839,0.14402
5.795,0.14531
5.86161,0.151762
5.92822,0.155533
5.99483,0.156328
6.06144,0.161092
6.12804,0.160993
6.19465,0.163573
6.26126,0.163176
6.32787,0.162481
6.39448,0.162978
6.46109,0.160596
6.5277,0.160298
6.59431,0.16268
6.66092,0.160794
6.72753,0.160199
6.79414,0.162581
6.86075,0.164268
6.92735,0.162283
6.99396,0.162581
7.06057,0.163672
7.12718,0.16794
7.19379,0.168238
7.2604,0.173697
7.32701,0.180248
7.39362,0.18263
7.46023,0.186303
7.52684,0.194144
7.59345,0.191166
7.66006,0.194739
7.72666,0.199206
7.79327,0.199305
7.85988,0.200397
7.92649,0.196824
7.9931,0.198114
8.05971,0.198313
8.12632,0.196129
8.19293,0.199305
8.25954,0.197221
8.32615,0.195136
8.39276,0.195335
8.45937,0.196129
8.52598,0.198015
8.59258,0.197519
8.65919,0.199206
8.7258,0.199305
8.79241,0.197419
8.85902,0.198511
8.92563,0.200199
8.99224,0.19871
9.05885,0.197717
9.12546,0.201886
9.19207,0.200397
9.25868,0.199206
9.32529,0.203474
9.39189,0.202581
9.4585,0.201588
9.52511,0.198511
9.59172,0.196625
9.65833,0.197519
9.72494,0.199007
9.79155,0.200993
9.85816,0.197816
9.92477,0.194938
9.99138,0.194938
10.058,0.193052
10.1246,0.193251
10.1912,0.192754
10.2578,0.189082
10.3244,0.185906
10.391,0.184318
10.4576,0.186303
10.5243,0.18531
10.5909,0.183722
10.6575,0.182035
10.7241,0.182134
10.7907,0.183325
10.8573,0.177667
10.9239,0.179156
10.9905,0.17469
11.0571,0.179156
11.1237,0.176079
11.1903,0.177568
11.257,0.174591
11.3236,0.176873
11.3902,0.175782
11.4568,0.177767
11.5234,0.176774
11.59,0.174789
11.6566,0.177469
11.7232,0.174094
11.7898,0.174491
11.8564,0.176476
11.923,0.173002
11.9897,0.175484
12.0563,0.174392
12.1229,0.172506
12.1895,0.174888
12.2561,0.171811
12.3227,0.172506
12.3893,0.174293
12.4559,0.171712
12.5225,0.172506
12.5891,0.171514
12.6557,0.17062
12.7224,0.170819
12.789,0.171315
12.8556,0.17201
12.9222,0.170918
12.9888,0.172903
13.0554,0.173201
13.122,0.173896
13.1886,0.173201
13.2552,0.172705
13.3218,0.1733
13.3884,0.174194
13.4551,0.173896
13.5217,0.173499
13.5883,0.1734
13.6549,0.173697
13.7215,0.172804
13.7881,0.172208
13.8547,0.172705
13.9213,0.172407
13.9879,0.172605
14.0545,0.173697
14.1211,0.173797
14.1878,0.1734
14.2544,0.1733
14.321,0.173201
14.3876,0.1733
14.4542,0.172407
14.5208,0.172208
14.5874,0.172705
14.654,0.173598
14.7206,0.174293
14.7872,0.174591
14.8538,0.173995
14.9205,0.173797
14.9871,0.173598
15.0537,0.173102
15.1203,0.173797
15.1869,0.173797
15.2535,0.173896
15.3201,0.174194
15.3867,0.17469
15.4533,0.174392
15.5199,0.175385
15.5865,0.175087
15.6532,0.17598
15.7198,0.175484
15.7864,0.176476
15.853,0.175087
15.9196,0.175285
15.9862,0.174194
16.0528,0.172506
16.1194,0.172308
16.186,0.172208
16.2526,0.173499
16.3192,0.172208
16.3859,0.171514
16.4525,0.171514
16.5191,0.173201
16.5857,0.171911
16.6523,0.171117
16.7189,0.171216
16.7855,0.171613
16.8521,0.171514
16.9187,0.170819
16.9853,0.17072
17.052,0.172308
17.1186,0.171216
17.1852,0.171514
17.2518,0.171712
17.3184,0.171017
17.385,0.172605
17.4516,0.172506
17.5182,0.172804
17.5848,0.1734
17.6514,0.172407
17.718,0.172109
17.7847,0.172804
17.8513,0.172705
17.9179,0.172804
17.9845,0.171514
18.0511,0.17062
18.1177,0.172109
18.1843,0.173002
18.2509,0.172109
18.3175,0.172506
18.3841,0.172605
18.4507,0.171811
18.5174,0.171017
18.584,0.170521
18.6506,0.170323
18.7172,0.170422
18.7838,0.170422
18.8504,0.170223
18.917,0.168834
18.9836,0.169429
19.0502,0.169926
19.1168,0.170223
19.1834,0.170819
19.2501,0.170819
19.3167,0.170422
19.3833,0.170918
19.4499,0.170521
19.5165,0.171117
19.5831,0.171017
19.6497,0.169926
19.7163,0.169926
19.7829,0.169826
19.8495,0.169826
19.9161,0.169826
19.9828,0.169727
20.0494,0.170124
20.116,0.170422
20.1826,0.170819
20.2492,0.170918
20.3158,0.171811
20.3824,0.172109
20.449,0.173102
20.5156,0.173697
20.5822,0.172903
20.6488,0.172109
20.7155,0.173697
20.7821,0.173896
20.8487,0.173896
20.9153,0.175087
20.9819,0.175782
21.0485,0.176377
21.1151,0.176079
21.1817,0.176179
21.2483,0.175385
21.3149,0.175881
21.3815,0.175484
21.4482,0.175583
21.5148,0.175484
21.5814,0.175484
21.648,0.176179
21.7146,0.175087
21.7812,0.174591
21.8478,0.174491
21.9144,0.175484
21.981,0.175385
22.0476,0.17598
22.1142,0.175385
22.1809,0.175087
22.2475,0.175186
22.3141,0.175285
22.3807,0.175782
22.4473,0.175583
22.5139,0.17598
22.5805,0.175881
22.6471,0.176774
22.7137,0.177568
22.7803,0.179057
22.8469,0.181638
22.9136,0.182432
22.9802,0.183027
23.0468,0.184715
23.1134,0.187196
23.18,0.186501
23.2466,0.185509
23.3132,0.185211
23.3798,0.184715
23.4464,0.184715
23.513,0.183325
23.5796,0.182333
23.6463,0.182035
23.7129,0.181737
23.7795,0.182829
23.8461,0.182035
23.9127,0.182134
23.9793,0.182134
24.0459,0.182134
24.1125,0.183027
24.1791,0.182829
24.2457,0.18273
24.3124,0.183325
24.379,0.183821
24.4456,0.184615
24.5122,0.182531
24.5788,0.183027
24.6454,0.184913
24.712,0.185509
24.7786,0.185112
24.8452,0.185012
24.9118,0.186005
24.9784,0.18531
25.0451,0.18531
25.1117,0.184516
25.1783,0.183921
25.2449,0.183722
25.3115,0.183524
25.3781,0.183722
25.4447,0.183722
25.5113,0.183127
25.5779,0.183722
25.6445,0.182829
25.7111,0.181836
25.7778,0.181141
25.8444,0.181141
25.911,0.180744
25.9776,0.181141
26.0442,0.180943
26.1108,0.181737
26.1774,0.182233
26.244,0.180347
26.3106,0.183623
26.3772,0.183524
26.4438,0.183226
26.5105,0.183921
26.5771,0.183524
26.6437,0.185112
26.7103,0.186501
26.7769,0.186402
26.8435,0.186402
26.9101,0.187494
26.9767,0.188288
27.0433,0.188486
27.1099,0.190273
27.1765,0.189777
27.2432,0.193151
27.3098,0.192854
27.3764,0.194541
27.443,0.197916
27.5096,0.200099
27.5762,0.201092
27.6428,0.204069
27.7094,0.207841
27.776,0.208734
27.8426,0.210025
27.9092,0.211315
27.9759,0.210521
28.0425,0.2133
28.1091,0.215285
28.1757,0.218263
28.2423,0.217866
28.3089,0.224218
28.3755,0.222233
28.4421,0.223821
28.5087,0.226998
28.5753,0.226203
28.6419,0.231365
28.7086,0.234541
28.7752,0.234839
28.8418,0.238213
28.9084,0.238015
28.975,0.240794
29.0416,0.243077
29.1082,0.244169
29.1748,0.24804
29.2414,0.247444
29.308,0.250422
29.3746,0.252804
29.4413,0.253499
29.5079,0.255385
29.5745,0.254094
29.6411,0.254194
29.7077,0.256079
29.7743,0.256377
29.8409,0.260149
29.9075,0.260943
29.9741,0.262432
30.0407,0.265211
30.1073,0.268089
30.174,0.266303
30.2406,0.269677
30.3072,0.271266
30.3738,0.271067
30.4404,0.274541
30.507,0.27464
30.5736,0.272457
30.6402,0.273548
30.7068,0.273846
30.7734,0.274342
30.8401,0.274938
30.9067,0.273548
30.9733,0.273945
31.0399,0.275236
31.1065,0.275931
31.1731,0.276725
31.2397,0.27732
31.3063,0.280099
31.3729,0.280397
31.4395,0.280099
31.5061,0.28268
31.5728,0.280794
31.6394,0.28
31.706,0.278809
31.7726,0.276725
31.8392,0.276526
31.9058,0.277122
31.9724,0.278412
32.039,0.278412
32.1056,0.278412
32.1722,0.27732
32.2388,0.276725
32.3055,0.277022
32.3721,0.276725
32.4387,0.276923
32.5053,0.276328
32.5719,0.27464
32.6385,0.275136
32.7051,0.274938
32.7717,0.273648
32.8383,0.27464
32.9049,0.275236
32.9715,0.272953
33.0382,0.273151
33.1048,0.27464
33.1714,0.275831
33.238,0.27861
33.3046,0.282978
33.3712,0.287047
33.4378,0.292506
33.5044,0.30005
33.571,0.30273
33.6376,0.309777
33.7042,0.316129
33.7709,0.317816
33.8375,0.326154
33.9041,0.33072
33.9707,0.331414
34.0373,0.337568
34.1039,0.338958
34.1705,0.340645
34.2371,0.342531
34.3037,0.343424
34.3703,0.342531
34.4369,0.347097
34.5036,0.347295
34.5702,0.348486
34.6368,0.358511
34.7034,0.360397
34.77,0.360993
34.8366,0.361687
34.9032,0.363474
34.9698,0.366849
35.0364,0.36794
35.103,0.368933
35.1696,0.370422
35.2363,0.371414
35.3029,0.371514
35.3695,0.370521
35.4361,0.371712
35.5027,0.371514
35.5693,0.374094
35.6359,0.375087
35.7025,0.373797
35.7691,0.373002
35.8357,0.372705
35.9023,0.372903
35.969,0.37469
36.0356,0.374591
36.1022,0.375484
36.1688,0.375484
36.2354,0.37737
36.302,0.374789
36.3686,0.373201
36.4352,0.371315
36.5018,0.368635
36.5684,0.369826
36.635,0.366849
36.7017,0.364963
36.7683,0.364764
36.8349,0.365856
36.9015,0.364069
36.9681,0.36139
37.0347,0.36129
37.1013,0.359603
37.1679,0.362878
37.2345,0.359305
37.3011,0.359206
37.3678,0.357816
37.4344,0.354541
37.501,0.354839
37.5676,0.352953
37.6342,0.351266
37.7008,0.352357
37.7674,0.352457
37.834,0.354243
37.9006,0.355434
37.9672,0.355533
38.0338,0.357221
38.1005,0.360794
38.1671,0.363077
38.2337,0.367146
38.3003,0.37072
38.3669,0.372705
38.4335,0.374988
38.5001,0.378263
38.5667,0.378859
38.6333,0.38402
38.6999,0.387792
38.7665,0.390074
38.8332,0.393945
38.8998,0.396328
38.9664,0.396228
39.033,0.400993
39.0996,0.406452
39.1662,0.407246
39.2328,0.411315
39.2994,0.413499
39.366,0.415186
39.4326,0.417667
39.4992,0.418958
39.5659,0.42005
39.6325,0.43603
39.6991,0.443077
39.7657,0.44536
39.8323,0.44794
39.8989,0.453797
39.9655,0.453797
40.0321,0.457767
40.0987,0.460645
40.1653,0.464119
40.2319,0.465509
40.2986,0.468387
40.3652,0.474541
40.4318,0.48536
40.4984,0.492308
40.565,0.496774
40.6316,0.503821
40.6982,0.508685
40.7648,0.512258
40.8314,0.514342
40.898,0.514839
40.9646,0.516427
41.0313,0.520794
41.0979,0.524268
41.1645,0.526749
41.2311,0.529132
41.2977,0.53737
41.3643,0.538859
41.4309,0.540744
41.4975,0.542233
41.5641,0.54134
41.6307,0.54263
41.6973,0.542432
41.764,0.544218
41.8306,0.545409
41.8972,0.546203
41.9638,0.549082
42.0304,0.553648
42.097,0.554243
42.1636,0.555236
42.2302,0.556923
42.2968,0.557816
42.3634,0.556725
42.43,0.555633
42.4967,0.558114
42.5633,0.558313
42.6299,0.556923
42.6965,0.555533
42.7631,0.555037
42.8297,0.554541
42.8963,0.55206
42.9629,0.552953
43.0295,0.554144
43.0961,0.555732
43.1627,0.559404
43.2294,0.558313
43.296,0.559702
43.3626,0.559801
43.4292,0.556228
43.4958,0.558908
43.5624,0.55603
43.629,0.558809
43.6956,0.558511
43.7622,0.558313
43.8288,0.557519
43.8954,0.556923
43.9621,0.556824
44.0287,0.557221
44.0953,0.557221
44.1619,0.55861
44.2285,0.557519
44.2951,0.560993
44.3617,0.559007
44.4283,0.558809
44.4949,0.560397
44.5615,0.559107
44.6282,0.560496
44.6948,0.56139
44.7614,0.563672
44.828,0.564268
44.8946,0.564566
44.9612,0.563474
45.0278,0.561886
45.0944,0.565459
45.161,0.563772
45.2276,0.566452
45.2942,0.567146
45.3609,0.566551
45.4275,0.567146
45.4941,0.57062
45.5607,0.569926
45.6273,0.571613
45.6939,0.571811
45.7605,0.573896
45.8271,0.573995
45.8937,0.573002
45.9603,0.572605
46.0269,0.57201
46.0936,0.573896
46.1602,0.576377
46.2268,0.575087
46.2934,0.580149
46.36,0.57995
46.4266,0.579256
46.4932,0.58263
46.5598,0.58263
46.6264,0.580248
46.693,0.579653
46.7596,0.579454
46.8263,0.579553
46.8929,0.580248
46.9595,0.579057
47.0261,0.579454
47.0927,0.578958
47.1593,0.580744
47.2259,0.580447
47.2925,0.580149
47.3591,0.578958
47.4257,0.580844
47.4923,0.580943
47.559,0.582134
47.6256,0.582829
47.6922,0.582333
47.7588,0.58263
47.8254,0.58273
47.892,0.584318
47.9586,0.586402
48.0252,0.58799
48.0918,0.588089
48.1584,0.585012
48.225,0.584814
48.2917,0.586104
48.3583,0.587196
48.4249,0.587395
48.4915,0.583722
48.5581,0.583623
48.6247,0.584318
48.6913,0.584119
48.7579,0.583226
48.8245,0.581935
48.8911,0.582531
48.9577,0.583325
49.0244,0.582333
49.091,0.582333
49.1576,0.582928
49.2242,0.584218
49.2908,0.583921
49.3574,0.584218
49.424,0.584218
49.4906,0.585112
49.5572,0.584417
49.6238,0.588189
49.6904,0.590174
49.7571,0.590571
49.8237,0.590769
49.8903,0.589777
49.9569,0.589181
50.0235,0.588883
50.0901,0.589578
50.1567,0.590868
50.2233,0.590273
50.2899,0.590074
50.3565,0.589777
50.4231,0.588586
50.4898,0.587295
50.5564,0.587097
50.623,0.587295
50.6896,0.586799
50.7562,0.586104
50.8228,0.585707
50.8894,0.5866
50.956,0.5866
51.0226,0.586303
51.0892,0.586402
51.1559,0.587891
51.2225,0.587196
51.2891,0.589578
51.3557,0.590372
51.4223,0.588784
51.4889,0.589677
51.5555,0.588288
51.6221,0.588983
51.6887,0.586898
51.7553,0.587395
51.8219,0.58799
51.8886,0.588189
51.9552,0.588288
52.0218,0.588089
52.0884,0.589777
52.155,0.588883
52.2216,0.588784
52.2882,0.588288
52.3548,0.589876
52.4214,0.591663
52.488,0.594045
52.5546,0.59335
52.6213,0.59732
52.6879,0.600596
52.7545,0.601489
52.8211,0.605558
52.8877,0.607444
52.9543,0.607444
53.0209,0.610521
53.0875,0.613995
53.1541,0.613697
53.2207,0.614888
53.2873,0.614491
53.354,0.612109
53.4206,0.609926
53.4872,0.61072
53.5538,0.610918
53.6204,0.611514
53.687,0.611613
53.7536,0.609926
53.8202,0.609628
53.8868,0.610223
53.9534,0.608238
54.02,0.610521
54.0867,0.60933
54.1533,0.611117
54.2199,0.611216
54.2865,0.60933
54.3531,0.612506
54.4197,0.612804
54.4863,0.612705
54.5529,0.611514
54.6195,0.621737
54.6861,0.622432
54.7527,0.622432
54.8194,0.623127
54.886,0.625806
54.9526,0.626799
55.0192,0.628189
55.0858,0.628288
55.1524,0.629677
55.219,0.628784
55.2856,0.628486
55.3522,0.631464
55.4188,0.633151
55.4854,0.630769
55.5521,0.631266
55.6187,0.62928
55.6853,0.628586
55.7519,0.628586
55.8185,0.62928
55.8851,0.630471
55.9517,0.629677
56.0183,0.630273
56.0849,0.631365
56.1515,0.63206
56.2181,0.632854
56.2848,0.639801
56.3514,0.638908
56.418,0.63861
56.4846,0.637816
56.5512,0.638908
56.6178,0.637419
56.6844,0.637122
56.751,0.636625
56.8176,0.636129
56.8842,0.637122
56.9508,0.63732
57.0175,0.636625
57.0841,0.636923
57.1507,0.635533
57.2173,0.635335
57.2839,0.635633
57.3505,0.635533
57.4171,0.635236
57.4837,0.633846
57.5503,0.632655
57.6169,0.632159
57.6836,0.63196
57.7502,0.631861
57.8168,0.630571
57.8834,0.630273
57.95,0.636129
58.0166,0.634144
58.0832,0.635136
58.1498,0.634144
58.2164,0.633449
58.283,0.632457
58.3496,0.632457
58.4163,0.632556
58.4829,0.632159
58.5495,0.632457
58.6161,0.632258
58.6827,0.631861
58.7493,0.631861
58.8159,0.63067
58.8825,0.629876
58.9491,0.630868
59.0157,0.632655
59.0823,0.632357
59.149,0.631563
59.2156,0.632357
59.2822,0.632159
59.3488,0.631663
59.4154,0.631663
59.482,0.631762
59.5486,0.631365
59.6152,0.630372
59.6818,0.631762
59.7484,0.631365
59.815,0.63067
59.8817,0.63067
59.9483,0.629975
60.0149,0.63067
60.0815,0.629677
60.1481,0.629578
60.2147,0.62938
60.2813,0.635533
60.3479,0.635037
60.4145,0.635434
60.4811,0.634442
60.5477,0.633251
60.6144,0.632556
60.681,0.632754
60.7476,0.632655
60.8142,0.632357
60.8808,0.630571
60.9474,0.631464
61.014,0.629082
61.0806,0.627395
61.1472,0.626402
61.2138,0.625112
61.2804,0.624417
61.3471,0.624615
61.4137,0.625211
61.4803,0.626998
61.5469,0.6266
61.6135,0.6267
61.6801,0.6267
61.7467,0.627295
61.8133,0.628387
61.8799,0.629181
61.9465,0.634243
62.0131,0.634045
62.0798,0.632556
62.1464,0.63206
62.213,0.631663
62.2796,0.633251
62.3462,0.632556
62.4128,0.634442
62.4794,0.633747
62.546,0.634442
62.6126,0.634342
62.6792,0.634442
62.7458,0.634045
62.8125,0.633151
62.8791,0.633747
62.9457,0.63335
63.0123,0.632854
63.0789,0.632754
63.1455,0.633151
63.2121,0.633449
63.2787,0.632754
63.3453,0.632556
63.4119,0.634442
63.4785,0.635136
63.5452,0.634839
63.6118,0.637717
63.6784,0.63732
63.745,0.637022
63.8116,0.63732
63.8782,0.636824
63.9448,0.637122
64.0114,0.636526
64.078,0.636725
64.1446,0.636228
64.2112,0.634144
64.2779,0.633648
64.3445,0.633945
64.4111,0.633052
64.4777,0.633251
64.5443,0.632854
64.6109,0.63196
64.6775,0.632854
64.7441,0.632953
64.8107,0.633846
64.8773,0.634144
64.944,0.632357
65.0106,0.632159
65.0772,0.634045
65.1438,0.632953
65.2104,0.633449
65.277,0.635037
65.3436,0.635236
65.4102,0.634342
65.4768,0.633151
65.5434,0.632754
65.61,0.632357
65.6767,0.632655
65.7433,0.633747
65.8099,0.632258
65.8765,0.630571
65.9431,0.630769
66.0097,0.628883
66.0763,0.627792
66.1429,0.628486
66.2095,0.627593
66.2761,0.627395
66.3427,0.626799
66.4094,0.626799
66.476,0.626998
66.5426,0.628089
66.6092,0.628387
66.6758,0.628189
66.7424,0.627395
66.809,0.626799
66.8756,0.627295
66.9422,0.635236
67.0088,0.633648
67.0754,0.632457
67.1421,0.632655
67.2087,0.631861
67.2753,0.632159
67.3419,0.629777
67.4085,0.629975
67.4751,0.629479
67.5417,0.628784
67.6083,0.629777
67.6749,0.630074
67.7415,0.630571
67.8081,0.62928
67.8748,0.629975
67.9414,0.626898
68.008,0.62928
68.0746,0.626104
68.1412,0.62799
68.2078,0.626501
68.2744,0.625409
68.341,0.625112
68.4076,0.623226
68.4742,0.624814
68.5408,0.622928
68.6075,0.62402
68.6741,0.623325
68.7407,0.623821
68.8073,0.624814
68.8739,0.624417
68.9405,0.624615
69.0071,0.625806
69.0737,0.625012
69.1403,0.623821
69.2069,0.62402
69.2735,0.623921
69.3402,0.623226
69.4068,0.621538
69.4734,0.622333
69.54,0.62273
69.6066,0.624119
69.6732,0.624119
69.7398,0.623722
69.8064,0.622432
69.873,0.623821
69.9396,0.622928
70.0062,0.624318
70.0729,0.622233
70.1395,0.622134
70.2061,0.622531
70.2727,0.621439
70.3393,0.621836
70.4059,0.621141
70.4725,0.621141
70.5391,0.621638
70.6057,0.621638
70.6723,0.624417
70.7389,0.625112
70.8056,0.623722
70.8722,0.622928
70.9388,0.625012
71.0054,0.625409
71.072,0.62402
71.1386,0.62402
71.2052,0.624218
71.2718,0.623524
71.3384,0.623027
71.405,0.621638
71.4717,0.621141
71.5383,0.620645
71.6049,0.621042
71.6715,0.620347
71.7381,0.621042
71.8047,0.620844
71.8713,0.620744
71.9379,0.621638
72.0045,0.621439
72.0711,0.622035
72.1377,0.621935
72.2044,0.621042
72.271,0.620844
72.3376,0.625707
72.4042,0.626402
72.4708,0.627295
72.5374,0.625608
72.604,0.626104
72.6706,0.625707
72.7372,0.6266
72.8038,0.626303
72.8704,0.627295
72.9371,0.626402
73.0037,0.626005
73.0703,0.625707
73.1369,0.62531
73.2035,0.625806
73.2701,0.625409
73.3367,0.626402
73.4033,0.624913
73.4699,0.624318
73.5365,0.625608
73.6031,0.623821
73.6698,0.623524
73.7364,0.624715
73.803,0.622928
73.8696,0.623127
73.9362,0.623127
74.0028,0.627196
74.0694,0.6267
74.136,0.626501
74.2026,0.626402
74.2692,0.626005
74.3358,0.624814
74.4025,0.624417
74.4691,0.624218
74.5357,0.623027
74.6023,0.624516
74.6689,0.624715
74.7355,0.624417
74.8021,0.622829
74.8687,0.623226
74.9353,0.621737
75.0019,0.622035
75.0685,0.621836
75.1352,0.621737
75.2018,0.621638
75.2684,0.623226
75.335,0.624615
75.4016,0.623127
75.4682,0.624913
75.5348,0.625608
75.6014,0.623623
75.668,0.626303
75.7346,0.628784
75.8012,0.627097
75.8679,0.625906
75.9345,0.626203
76.0011,0.625707
76.0677,0.626303
76.1343,0.626203
76.2009,0.625806
76.2675,0.6267
76.3341,0.627494
76.4007,0.625409
76.4673,0.62402
76.5339,0.624615
76.6006,0.624318
76.6672,0.624516
76.7338,0.623325
76.8004,0.621538
76.867,0.622432
76.9336,0.621737
77.0002,0.622134
77.0668,0.622134
77.1334,0.621836
77.2,0.623226
77.2666,0.622531
77.3333,0.628189
77.3999,0.626303
77.4665,0.628387
77.5331,0.626402
77.5997,0.624913
77.6663,0.625707
77.7329,0.624417
77.7995,0.623424
77.8661,0.623127
77.9327,0.623424
77.9994,0.622333
78.066,0.621836
78.1326,0.619752
78.1992,0.621638
78.2658,0.621042
78.3324,0.622333
78.399,0.621737
78.4656,0.621439
78.5322,0.622134
78.5988,0.623821
78.6654,0.623127
78.7321,0.623325
78.7987,0.623027
78.8653,0.623226
78.9319,0.62273
78.9985,0.628685
79.0651,0.630372
79.1317,0.629975
79.1983,0.629876
79.2649,0.628586
79.3315,0.630074
79.3981,0.629677
79.4648,0.629479
79.5314,0.630769
79.598,0.631861
79.6646,0.631365
79.7312,0.631563
79.7978,0.631663
79.8644,0.631563
79.931,0.632159
79.9976,0.632556
80.0642,0.632556
80.1308,0.632258
80.1975,0.631563
80.2641,0.630868
80.3307,0.631365
80.3973,0.629975
80.4639,0.629975
80.5305,0.630471
80.5971,0.631166
80.6637,0.636526
80.7303,0.635732
80.7969,0.635633
80.8635,0.634938
80.9302,0.635236
80.9968,0.635037
81.0634,0.634243
81.13,0.634739
81.1966,0.633846
81.2632,0.633945
81.3298,0.631861
81.3964,0.630769
81.463,0.630868
81.5296,0.631663
81.5962,0.631365
81.6629,0.63067
81.7295,0.630868
81.7961,0.63067
81.8627,0.629479
81.9293,0.630372
81.9959,0.630273
82.0625,0.632357
82.1291,0.630968
82.1957,0.629677
82.2623,0.630273
82.3289,0.637618
82.3956,0.637122
82.4622,0.635831
82.5288,0.63603
82.5954,0.635136
82.662,0.636129
82.7286,0.636228
82.7952,0.635931
82.8618,0.636824
82.9284,0.637122
82.995,0.636923
83.0616,0.637717
83.1283,0.637022
83.1949,0.637717
83.2615,0.637519
83.3281,0.636923
83.3947,0.636228
83.4613,0.637022
83.5279,0.637717
83.5945,0.636725
83.6611,0.635533
83.7277,0.633945
83.7943,0.634243
83.861,0.634938
83.9276,0.634342
83.9942,0.639305
84.0608,0.638908
84.1274,0.638213
84.194,0.63732
84.2606,0.637519
84.3272,0.63732
84.3938,0.637519
84.4604,0.636725
84.527,0.63603
84.5937,0.634342
84.6603,0.632854
84.7269,0.634243
84.7935,0.634342
84.8601,0.634839
84.9267,0.635037
84.9933,0.634938
85.0599,0.63603
85.1265,0.636129
85.1931,0.634342
85.2598,0.635335
85.3264,0.635931
85.393,0.633251
85.4596,0.634144
85.5262,0.632854
85.5928,0.633747
85.6594,0.636129
85.726,0.634144
85.7926,0.636725
85.8592,0.637022
85.9258,0.637519
85.9925,0.638412
86.0591,0.636923
86.1257,0.634541
86.1923,0.633449
86.2589,0.633548
86.3255,0.634739
86.3921,0.63206
86.4587,0.631563
86.5253,0.631166
86.5919,0.632258
86.6585,0.631365
86.7252,0.628586
86.7918,0.629578
86.8584,0.629479
86.925,0.628586
86.9916,0.628189
87.0582,0.630372
87.1248,0.629578
87.1914,0.629777
87.258,0.629975
87.3246,0.632655
87.3912,0.631762
87.4579,0.630769
87.5245,0.631166
87.5911,0.628883
87.6577,0.627792
87.7243,0.628089
87.7909,0.626998
87.8575,0.626998
87.9241,0.627097
87.9907,0.626799
88.0573,0.626898
88.1239,0.625509
88.1906,0.625409
88.2572,0.625608
88.3238,0.625707
88.3904,0.625707
88.457,0.626402
88.5236,0.625112
88.5902,0.625806
88.6568,0.626402
88.7234,0.626303
88.79,0.626303
88.8566,0.624913
88.9233,0.625012
88.9899,0.626104
89.0565,0.625012
89.1231,0.624218
89.1897,0.625012
89.2563,0.625806
89.3229,0.6266
89.3895,0.627295
89.4561,0.627494
89.5227,0.626402
89.5893,0.625806
89.656,0.6267
89.7226,0.627792
89.7892,0.627494
89.8558,0.627692
89.9224,0.627692
89.989,0.629181
90.0556,0.628883
90.1222,0.627494
90.1888,0.626898
90.2554,0.627692
90.322,0.629479
90.3887,0.630571
90.4553,0.630471
90.5219,0.629975
90.5885,0.630571
90.6551,0.637221
90.7217,0.636427
90.7883,0.63732
90.8549,0.638511
90.9215,0.636228
90.9881,0.636427
91.0547,0.63603
91.1214,0.636328
91.188,0.635831
91.2546,0.635831
91.3212,0.636427
91.3878,0.636526
91.4544,0.63861
91.521,0.636427
91.5876,0.637419
91.6542,0.636328
91.7208,0.638114
91.7875,0.637816
91.8541,0.636526
91.9207,0.636129
91.9873,0.637221
92.0539,0.635831
92.1205,0.636526
92.1871,0.637221
92.2537,0.636526
92.3203,0.639603
92.3869,0.639007
92.4535,0.640596
92.5202,0.639504
92.5868,0.639007
92.6534,0.639305
92.72,0.64
92.7866,0.640099
92.8532,0.637419
92.9198,0.635732
92.9864,0.636625
93.053,0.633747
93.1196,0.633151
93.1862,0.631067
93.2529,0.63196
93.3195,0.633449
93.3861,0.632754
93.4527,0.633151
93.5193,0.633648
93.5859,0.633945
93.6525,0.634144
93.7191,0.630074
93.7857,0.629479
93.8523,0.631067
93.9189,0.630372
93.9856,0.630372
94.0522,0.631464
94.1188,0.629677
94.1854,0.628089
94.252,0.628883
94.3186,0.630273
94.3852,0.630273
94.4518,0.630769
94.5184,0.63067
94.585,0.630868
94.6516,0.630769
94.7183,0.630868
94.7849,0.633747
94.8515,0.634541
94.9181,0.633945
94.9847,0.632754
95.0513,0.631067
95.1179,0.631861
95.1845,0.633151
95.2511,0.632457
95.3177,0.635931
95.3843,0.640794
95.451,0.643474
95.5176,0.645856
95.5842,0.64804
95.6508,0.655682
95.7174,0.6533
95.784,0.655385
95.8506,0.656973
95.9172,0.656774
95.9838,0.653598
96.0504,0.650124
96.117,0.650223
96.1837,0.650422
96.2503,0.652109
96.3169,0.658065
96.3835,0.658263
96.4501,0.659653
96.5167,0.662531
96.5833,0.664119
96.6499,0.667593
96.7165,0.668189
96.7831,0.672754
96.8497,0.668784
96.9164,0.669677
96.983,0.677816
97.0496,0.674442
97.1162,0.681588
97.1828,0.685261
97.2494,0.684566
97.316,0.686551
97.3826,0.686452
97.4492,0.684566
97.5158,0.692705
97.5824,0.688139
97.6491,0.686749
97.7157,0.697171
97.7823,0.69995
97.8489,0.701141
97.9155,0.696973
97.9821,0.701935
98.0487,0.708586
98.1153,0.707593
98.1819,0.707692
98.2485,0.711464
98.3152,0.712754
98.3818,0.715831
98.4484,0.708983
98.515,0.708784
98.5816,0.713151
98.6482,0.709876
98.7148,0.713846
98.7814,0.716427
98.848,0.723772
98.9146,0.720099
98.9812,0.71464
99.0479,0.714342
99.1145,0.727742
99.1811,0.720695
99.2477,0.723077
99.3143,0.728834
99.3809,0.723672
99.4475,0.732109
99.5141,0.723474
99.5807,0.726551
99.6473,0.726154
99.7139,0.72804
99.7806,0.727742
99.8472,0.731315
99.9138,0.736377
99.9804,0.725955
100.047,0.724665
100.114,0.732506
100.18,0.722382
100.247,0.728437
100.313,0.731911
100.38,0.722481
100.447,0.72
100.513,0.735881
100.58,0.731216
100.646,0.731613
100.713,0.733002
100.78,0.735782
100.846,0.744516
100.913,0.737568
100.98,0.722084
101.046,0.720496
101.113,0.712556
101.179,0.716427
101.246,0.708089
101.313,0.705012
101.379,0.656675
101.446,0.661439
101.512,0.653002
101.579,0.653697
101.646,0.653697
101.712,0.645955
101.779,0.646749
101.845,0.64268
101.912,0.646253
101.979,0.644864
102.045,0.635732
102.112,0.644467
102.178,0.635136
102.245,0.640695
102.312,0.635236
102.378,0.635732
102.445,0.630571
102.512,0.636824
102.578,0.637122
102.645,0.639603
102.711,0.637519
102.778,0.639206
102.845,0.644367
102.911,0.640496
102.978,0.645658
103.044,0.637122
103.111,0.643871
103.178,0.642978
103.244,0.608238
103.311,0.595831
103.377,0.592854
103.444,0.595136
103.511,0.592754
103.577,0.591464
103.644,0.584814
103.71,0.578561
103.777,0.580844
103.844,0.585211
103.91,0.582928
103.977,0.57598
104.044,0.570521
104.11,0.567543
104.177,0.56268
104.243,0.556129
104.31,0.566551
104.377,0.560099
104.443,0.560794
104.51,0.569231
104.576,0.562084
104.643,0.55603
104.71,0.56139
104.776,0.560596
104.843,0.562878
104.909,0.565261
104.976,0.563772
105.043,0.558015
105.109,0.564864
105.176,0.563077
105.243,0.573201
105.309,0.574392
105.376,0.581042
105.442,0.586799
105.509,0.57866
105.576,0.575385
105.642,0.582829
105.709,0.581538
105.775,0.580149
105.842,0.582432
105.909,0.576576
105.975,0.586501
106.042,0.581538
106.108,0.586005
106.175,0.571117
106.242,0.583722
106.308,0.569628
106.375,0.574392
106.441,0.579057
106.508,0.578561
106.575,0.579057
106.641,0.584218
106.708,0.587593
106.775,0.577965
106.841,0.593747
106.908,0.584715
106.974,0.590471
107.041,0.591861
107.108,0.597221
107.174,0.589578
107.241,0.587097
107.307,0.581737
107.374,0.576278
107.441,0.583325
107.507,0.560596
107.574,0.56
107.64,0.557419
107.707,0.553945
107.774,0.550372
107.84,0.560496
107.907,0.542233
107.973,0.541538
108.04,0.535385
108.107,0.54273
108.173,0.539355
108.24,0.534094
108.307,0.538462
108.373,0.536774
108.44,0.531216
108.506,0.542432
108.573,0.534392
108.64,0.540149
108.706,0.543424
108.773,0.554739
108.839,0.557419
108.906,0.559702
108.973,0.541935
109.039,0.549777
109.106,0.55603
109.172,0.549082
109.239,0.550074
109.306,0.548983
109.372,0.540347
109.439,0.540149
109.505,0.539752
109.572,0.541241
109.639,0.536179
109.705,0.539057
109.772,0.528238
109.839,0.532109
109.905,0.529429
109.972,0.527643
110.038,0.531117
110.105,0.529727
110.172,0.533797
110.238,0.538759
110.305,0.543027
110.371,0.536179
110.438,0.533102
110.505,0.544218
110.571,0.542432
110.638,0.538958
110.704,0.538759
110.771,0.536476
110.838,0.539156
110.904,0.533598
110.971,0.541836
111.038,0.535385
111.104,0.540943
111.171,0.536576
111.237,0.538065
111.304,0.532308
111.371,0.526253
111.437,0.522878
111.504,0.520695
111.57,0.510968
111.637,0.507097
111.704,0.498958
111.77,0.497866
111.837,0.495285
111.903,0.499454
111.97,0.498759
112.037,0.494491
112.103,0.492506
112.17,0.489032
112.236,0.495385
112.303,0.476625
112.37,0.480099
112.436,0.474938
112.503,0.479206
112.57,0.483672
112.636,0.480893
112.703,0.489231
112.769,0.502432
112.836,0.500447
112.903,0.51196
112.969,0.518313
113.036,0.524566
113.102,0.532208
113.169,0.538362
113.236,0.542928
113.302,0.546005
113.369,0.551365
113.435,0.551762
113.502,0.559007
113.569,0.568437
113.635,0.564268
113.702,0.561588
113.768,0.55335
113.835,0.556725
113.902,0.550571
113.968,0.550571
114.035,0.548288
114.102,0.547692
114.168,0.546998
114.235,0.546104
114.301,0.536973
114.368,0.530422
114.435,0.534491
114.501,0.534789
114.568,0.52665
114.634,0.531514
114.701,0.525062
114.768,0.519702
114.834,0.520893
114.901,0.521787
114.967,0.531514
115.034,0.537667
115.101,0.53062
115.167,0.53062
115.234,0.538561
115.3,0.497866
115.367,0.482978
115.434,0.477717
115.5,0.457767
115.567,0.461042
115.634,0.435831
115.7,0.437916
115.767,0.425012
115.833,0.426799
115.9,0.407841
115.967,0.3867
116.033,0.383325
116.1,0.374988
116.166,0.365062
116.233,0.360397
116.3,0.360893
116.366,0.352655
116.433,0.337965
116.499,0.327543
116.566,0.331514
116.633,0.324566
116.699,0.321985
116.766,0.32665
116.833,0.320099
116.899,0.316625
116.966,0.31871
117.032,0.319305
117.099,0.322779
117.166,0.314541
117.232,0.321787
117.299,0.321886
117.365,0.316725
117.432,0.314541
117.499,0.312159
117.565,0.309578
117.632,0.31464
117.698,0.312655
117.765,0.317419
117.832,0.315434
117.898,0.319603
117.965,0.317122
118.031,0.321886
118.098,0.320596
118.165,0.322878
118.231,0.326253
118.298,0.324566
118.365,0.326055
118.431,0.323772
118.498,0.316824
118.564,0.320596
118.631,0.315434
118.698,0.317022
118.764,0.308288
118.831,0.304615
118.897,0.29995
118.964,0.297965
119.031,0.299653
119.097,0.288536
119.164,0.280099
119.23,0.288437
119.297,0.270372
119.364,0.266799
119.43,0.261538
119.497,0.260645
119.563,0.249429
119.63,0.247246
119.697,0.237519
119.763,0.231266
119.83,0.242878
119.897,0.233846
119.963,0.232655
120.03,0.230174
120.096,0.234342
120.163,0.231067
120.23,0.234144
120.296,0.237717
120.363,0.240397
120.429,0.241787
120.496,0.246055
120.563,0.232159
120.629,0.240695
120.696,0.235732
120.762,0.235931
120.829,0.232754
120.896,0.23067
120.962,0.223127
121.029,0.225707
121.095,0.219752
121.162,0.226303
121.229,0.220744
121.295,0.230571
121.362,0.237816
121.429,0.237022
121.495,0.239801
121.562,0.254094
121.628,0.246253
121.695,0.248536
121.762,0.248536
121.828,0.252407
121.895,0.247543
121.961,0.252308
122.028,0.245856
122.095,0.246055
122.161,0.237122
122.228,0.233449
122.294,0.23335
122.361,0.221241
122.428,0.221737
122.494,0.215484
122.561,0.210819
122.628,0.211315
122.694,0.20804
122.761,0.196228
122.827,0.200893
122.894,0.194739
122.961,0.19196
123.027,0.186998
123.094,0.189082
123.16,0.18273
123.227,0.179553
123.294,0.169628
123.36,0.169926
123.427,0.160695
123.493,0.158213
123.56,0.155533
123.627,0.157618
123.693,0.154144
123.76,0.160695
123.826,0.165658
123.893,0.16536
123.96,0.16536
124.026,0.161886
124.093,0.159901
124.16,0.154739
124.226,0.156129
124.293,0.155931
124.359,0.157816
124.426,0.162978
124.493,0.169032
124.559,0.1733
124.626,0.17062
124.692,0.176079
124.759,0.174194
124.826,0.16933
124.892,0.169429
124.959,0.17727
125.025,0.171712
125.092,0.173002
125.159,0.168238
125.225,0.171315
125.292,0.166452
125.358,0.171911
125.425,0.176675
125.492,0.180744
125.558,0.178263
125.625,0.18531
125.692,0.192357
125.758,0.197916
125.825,0.203573
125.891,0.203176
125.958,0.213201
126.025,0.209132
126.091,0.215782
126.158,0.225509
126.224,0.226799
126.291,0.231266
126.358,0.241489
126.424,0.240199
126.491,0.250223
126.557,0.259256
126.624,0.262829
126.691,0.27067
126.757,0.28139
126.824,0.290422
126.89,0.295285
126.957,0.294194
127.024,0.29727
127.09,0.295682
127.157,0.297171
127.224,0.289727
127.29,0.285161
127.357,0.284963
127.423,0.283573
127.49,0.278114
127.557,0.27861
127.623,0.26928
127.69,0.268784
127.756,0.266203
127.823,0.263226
127.89,0.25598
127.956,0.251613
128.023,0.246154
128.089,0.246352
128.156,0.248238
128.223,0.234938
128.289,0.229082
128.356,0.226402
128.422,0.225112
128.489,0.213002
128.556,0.217469
128.622,0.211414
128.689,0.203375
128.756,0.199206
128.822,0.195831
128.889,0.185707
128.955,0.17062
129.022,0.178263
129.089,0.174888
129.155,0.166352
129.222,0.160397
129.288,0.159206
129.355,0.157022
129.422,0.16
129.488,0.155633
129.555,0.147792
129.621,0.144119
129.688,0.138759
129.755,0.132705
129.821,0.129826
129.888,0.114839
129.955,0.110273
130.021,0.105608
130.088,0.098263
130.154,0.08933
130.221,0.0890323
130.288,0.083871
130.354,0.0764268
130.421,0.07067
130.487,0.0695782
130.554,0.0673945
130.621,0.0618362
130.687,0.0598511
130.754,0.0525062
130.82,0.0518114
130.887,0.0487345
130.954,0.0412903
131.02,0.0383127
131.087,0.0399007
131.153,0.0331514
131.22,0.0343424
131.287,0.0289826
131.353,0.0234243
131.42,0.0201489
131.487,0.0193548
131.553,0.0148883
131.62,0.013201
131.686,0.00883375
131.753,0.00645161
131.82,0.00416873
131.886,0.0017866
131.953,0
132.019,0
132.086,0.00208437
132.153,0.0035732
132.219,0.00377171
132.286,0.0044665
132.352,0.0035732
132.419,0.00377171
132.486,0.00406948
132.552,0.00466501
132.619,0.00466501
132.685,0.0044665
132.752,0.00436725
132.819,0.00426799
132.885,0.00545906
132.952,0.0044665
133.019,0.0044665
133.085,0.00466501
133.152,0.00575682
133.218,0.00565757
133.285,0.00694789
133.352,0.0102233
133.418,0.0125062
133.485,0.0205459
133.551,0.0268983
133.618,0.0312655
133.685,0.0429777
133.751,0.0525062
133.818,0.0596526
133.884,0.0723573
133.951,0.0853598
134.018,0.0879404
134.084,0.10273
134.151,0.11067
134.217,0.118511
134.284,0.128933
134.351,0.138263
134.417,0.149479
134.484,0.159901
134.551,0.168635
134.617,0.169231
134.684,0.181439
134.75,0.190372
134.817,0.199007
134.884,0.210223
134.95,0.215484
135.017,0.221538
135.083,0.227494
135.15,0.232953
135.217,0.235236
135.283,0.240397
135.35,0.24536
135.416,0.24804
135.483,0.245261
135.55,0.23861
135.616,0.238908
135.683,0.232655
135.75,0.223127
135.816,0.210025
135.883,0.205062
135.949,0.19871
136.016,0.193747
136.083,0.195831
136.149,0.180546
136.216,0.17469
136.282,0.171514
136.349,0.16
136.416,0.152457
136.482,0.148288
136.549,0.136179
136.615,0.138759
136.682,0.12665
136.749,0.124665
136.815,0.113251
136.882,0.102134
136.948,0.103921
137.015,0.101935
137.082,0.0841687
137.148,0.08
137.215,0.0759305
137.282,0.0743424
137.348,0.0635236
137.415,0.0605459
137.481,0.0600496
137.548,0.0516129
137.615,0.0527047
137.681,0.0472457
137.748,0.0453598
137.814,0.0430769
137.881,0.0404963
137.948,0.0433747
138.014,0.0463524
138.081,0.0435732
138.147,0.0393052
138.214,0.0385112
138.281,0.0315633
138.347,0.0313648
138.414,0.0294789
138.48,0.0284864
138.547,0.0249132
138.614,0.022531
138.68,0.0168734
138.747,0.0138958
138.814,0.0112159
138.88,0.0113151
138.947,0.0104218
139.013,0.0119107
139.08,0.0121092
139.147,0.0120099
139.213,0.0119107
139.28,0.0116129
139.346,0.0108189
139.413,0.0107196
139.48,0.0114144
139.546,0.0127047
139.613,0.013201
139.679,0.0131017
139.746,0.0133002
139.813,0.0133995
139.879,0.0130025
139.946,0.0130025
140.012,0.013201
140.079,0.0154839
140.146,0.0184615
140.212,0.0196526
140.279,0.022134
140.346,0.0251117
140.412,0.0269975
140.479,0.0332506
140.545,0.0400993
140.612,0.0429777
140.679,0.048139
140.745,0.0555831
140.812,0.0581638
140.878,0.0638213
140.945,0.0704715
141.012,0.0750372
141.078,0.0821836
141.145,0.0899256
141.211,0.0951861
141.278,0.104615
141.345,0.115037
141.411,0.122878
141.478,0.131712
141.545,0.141935
141.611,0.14928
141.678,0.160397
141.744,0.17737
141.811,0.180347
141.878,0.188983
141.944,0.192854
142.011,0.196228
142.077,0.203176
142.144,0.206154
142.211,0.208139
142.277,0.208139
142.344,0.213102
142.41,0.213697
142.477,0.218362
142.544,0.220645
142.61,0.219057
142.677,0.216377
142.743,0.217171
142.81,0.216179
142.877,0.215385
142.943,0.211712
143.01,0.210521
143.077,0.209826
143.143,0.208139
143.21,0.206055
143.276,0.201787
143.343,0.198809
143.41,0.196526
143.476,0.200893
143.543,0.21201
143.609,0.218065
143.676,0.226998
143.743,0.230372
143.809,0.22938
143.876,0.227792
143.942,0.226005
144.009,0.229082
144.076,0.226799
144.142,0.228883
144.209,0.224516
144.275,0.221737
144.342,0.21727
144.409,0.21598
144.475,0.211613
144.542,0.206253
144.609,0.206551
144.675,0.200695
144.742,0.195136
144.808,0.187196
144.875,0.180844
144.942,0.174293
145.008,0.170223
145.075,0.156228
145.141,0.151861
145.208,0.141836
145.275,0.14005
145.341,0.13201
145.408,0.127047
145.474,0.119801
145.541,0.11196
145.608,0.104218
145.674,0.09866
145.741,0.0918114
145.807,0.0898263
145.874,0.0808933
145.941,0.0729529
146.007,0.066799
146.074,0.0557816
146.141,0.0568734
146.207,0.0500248
146.274,0.0457568
146.34,0.0391067
146.407,0.0380149
146.474,0.0364268
146.54,0.0304715
146.607,0.0289826
146.673,0.027196
146.74,0.0218362
146.807,0.0192556
146.873,0.0185608
146.94,0.0193548
147.006,0.0189578
147.073,0.0187593
147.14,0.0176675
147.206,0.0183623
147.273,0.0168734
147.34,0.0149876
147.406,0.0133995
147.473,0.012804
147.539,0.0117122
147.606,0.0112159
147.673,0.0108189
147.739,0.0105211
147.806,0.00992556
147.872,0.0105211
147.939,0.0101241
148.006,0.00972705
148.072,0.0103226
148.139,0.0109181
148.205,0.0104218
148.272,0.0110174
148.339,0.0111166
148.405,0.0117122
148.472,0.012804
148.538,0.0124069
148.605,0.0130025
148.672,0.0118114
148.738,0.0114144
148.805,0.0119107
148.872,0.0118114
148.938,0.0123077
149.005,0.0118114
149.071,0.0122084
149.138,0.0123077
149.205,0.0121092
149.271,0.0117122
149.338,0.0127047
149.404,0.0126055
149.471,0.013201
149.538,0.013201
149.604,0.0136973
149.671,0.0136973
149.737,0.013201
149.804,0.0136973
149.871,0.013201
149.937,0.0133995
150.004,0.013995
150.07,0.0144913
150.137,0.0150868
150.204,0.0163772
150.27,0.0163772
150.337,0.0166749
150.404,0.0155831
150.47,0.0163772
150.537,0.0173697
150.603,0.0177667
150.67,0.0171712
150.737,0.0162779
150.803,0.0172705
150.87,0.0166749
150.936,0.0164764
151.003,0.0176675
151.07,0.0181638
151.136,0.0227295
151.203,0.0245161
151.269,0.0299752
151.336,0.0334491
151.403,0.0378164
151.469,0.0434739
151.536,0.048933
151.602,0.0496278
151.669,0.053598
151.736,0.0553846
151.802,0.0563772
151.869,0.0594541
151.936,0.0627295
152.002,0.0658065
152.069,0.0694789
152.135,0.0694789
152.202,0.0712655
152.269,0.0728536
152.335,0.0752357
152.402,0.0755335
152.468,0.0801985
152.535,0.0819851
152.602,0.0800993
152.668,0.0828784
152.735,0.080794
152.801,0.080794
152.868,0.08
152.935,0.0820844
153.001,0.0772208
153.068,0.0799007
153.135,0.0831762
153.201,0.0859553
153.268,0.0891315
153.334,0.0898263
153.401,0.0859553
153.468,0.0866501
153.534,0.0861538
153.601,0.084268
153.667,0.0865509
153.734,0.0855583
153.801,0.0845658
153.867,0.0836725
153.934,0.0857568
154,0.0867494
154.067,0.0860546
154.134,0.080397
154.2,0.0781141
154.267,0.0720596
154.333,0.0722581
154.4,0.0637221
154.467,0.0571712
154.533,0.0596526
154.6,0.0587593
154.667,0.0577667
154.733,0.0523077
154.8,0.052804
154.866,0.0519107
154.933,0.0484367
155,0.0475434
155.066,0.04933
155.133,0.0504218
155.199,0.045062
155.266,0.0467494
155.333,0.0416873
155.399,0.0429777
155.466,0.0398015
155.532,0.0399007
155.599,0.0345409
155.666,0.0307692
155.732,0.0321588
155.799,0.0308685
155.865,0.0286849
155.932,0.0268983
155.999,0.0283871
156.065,0.0250124
156.132,0.0261042
156.199,0.0249132
156.265,0.0234243
156.332,0.0230273
156.398,0.022134
156.465,0.021737
156.532,0.0218362
156.598,0.0248139
156.665,0.0228288
156.731,0.0223325
156.798,0.0237221
156.865,0.0235236
156.931,0.0210422
156.998,0.0209429
157.064,0.0194541
157.131,0.0179653
157.198,0.017072
157.264,0.0177667
157.331,0.0172705
157.397,0.0171712
157.464,0.0166749
157.531,0.0161787
157.597,0.0173697
157.664,0.0165757
157.731,0.0165757
157.797,0.0163772
157.864,0.0158809
157.93,0.0163772
157.997,0.0171712
158.064,0.0181638
158.13,0.0173697
158.197,0.0152854
158.263,0.0160794
158.33,0.0156824
158.397,0.0144913
158.463,0.0160794
158.53,0.0120099
158.596,0.013995
158.663,0.0127047
158.73,0.0179653
158.796,0.0248139
158.863,0.0419851
158.93,0.057469
158.996,0.0630273
159.063,0.074938
159.129,0.0812903
159.196,0.0826799
159.263,0.0786104
159.329,0.079206
159.396,0.0810918
159.462,0.0802978
159.529,0.0783127
159.596,0.0739454
159.662,0.0748387
159.729,0.0723573
159.795,0.0726551
159.862,0.0721588
159.929,0.0700744
159.995,0.0674938
160.062,0.0661042
160.128,0.0657072
160.195,0.0687841
160.262,0.0630273
160.328,0.0651117
160.395,0.0626303
160.462,0.0599504
160.528,0.0577667
160.595,0.0618362
160.661,0.0641191
160.728,0.0600496
160.795,0.0587593
160.861,0.0559801
160.928,0.0516129
160.994,0.0506203
161.061,0.0484367
161.128,0.0431762
161.194,0.0453598
161.261,0.0408933
161.327,0.0360298
161.394,0.0341439
161.461,0.0297767
161.527,0.0251117
161.594,0.0242184
161.66,0.0197519
161.727,0.0176675
161.794,0.0152854
161.86,0.0122084
161.927,0.00972705
161.994,0.00853598
162.06,0.0191563
162.127,0.0341439
162.193,0.040397
162.26,0.0488337
162.327,0.0508189
162.393,0.0545906
162.46,0.0545906
162.526,0.0552854
162.593,0.0551861
162.66,0.0571712
162.726,0.0572705
162.793,0.0588586
162.859,0.0568734
162.926,0.0545906
162.993,0.0553846
163.059,0.0555831
163.126,0.0538958
163.192,0.0551861
163.259,0.0551861
163.326,0.0548883
163.392,0.0531017
163.459,0.0546898
163.526,0.0526055
163.592,0.0516129
163.659,0.0498263
163.725,0.0523077
163.792,0.0519107
163.859,0.0517122
163.925,0.0496278
163.992,0.0517122
164.058,0.0533995
164.125,0.0494293
164.192,0.0476427
164.258,0.0406948
164.325,0.0368238
164.391,0.0350372
164.458,0.0297767
164.525,0.0262035
164.591,0.026402
164.658,0.0252109
164.725,0.0209429
164.791,0.0196526
164.858,0.0194541
164.924,0.0244169
164.991,0.0239206
165.058,0.0263027
165.124,0.0266005
165.191,0.0280893
165.257,0.0243176
165.324,0.0247146
165.391,0.0241191
165.457,0.0248139
165.524,0.0232258
165.59,0.0248139
165.657,0.0245161
165.724,0.0242184
165.79,0.0251117
165.857,0.0251117
165.923,0.0246154
165.99,0.0257072
166.057,0.0262035
166.123,0.0254094
166.19,0.0236228
166.257,0.026005
166.323,0.026005
166.39,0.0259057
166.456,0.0248139
166.523,0.0256079
166.59,0.0254094
166.656,0.0237221
166.723,0.0258065
166.789,0.0252109
166.856,0.0256079
166.923,0.0259057
166.989,0.0250124
167.056,0.0309677
167.122,0.0401985
167.189,0.048536
167.256,0.0580645
167.322,0.0668983
167.389,0.0731514
167.455,0.0777171
167.522,0.0776179
167.589,0.0789082
167.655,0.0774194
167.722,0.0748387
167.789,0.0752357
167.855,0.0737469
167.922,0.0759305
167.988,0.0748387
168.055,0.0772208
168.122,0.0742432
168.188,0.0765261
168.255,0.0769231
168.321,0.0760298
168.388,0.0751365
168.455,0.0788089
168.521,0.0781141
168.588,0.0790074
168.654,0.0783127
168.721,0.0825806
168.788,0.0812903
168.854,0.0818859
168.921,0.0784119
168.987,0.0777171
169.054,0.0802978
169.121,0.0773201
169.187,0.0775186
169.254,0.0772208
169.321,0.0762283
169.387,0.0760298
169.454,0.0745409
169.52,0.0767246
169.587,0.071067
169.654,0.08
169.72,0.0770223
169.787,0.0766253
169.853,0.0746402
169.92,0.0717618
169.987,0.0691811
170.053,0.0662035
170.12,0.0612407
170.186,0.0615385
170.253,0.0603474
170.32,0.0555831
170.386,0.0544913
170.453,0.0491315
170.52,0.0436725
170.586,0.0416873
170.653,0.0367246
170.719,0.0326551
170.786,0.0309677
170.853,0.027196
170.919,0.0224318
170.986,0.0222333
171.052,0.0192556
171.119,0.0160794
171.186,0.0146898
171.252,0.013201
171.319,0.0133995
171.385,0.0130025
171.452,0.0129032
171.519,0.012804
171.585,0.0126055
171.652,0.0126055
171.718,0.0125062
171.785,0.012804
171.852,0.0131017
171.918,0.0130025
171.985,0.0129032
172.052,0.0130025
172.118,0.0129032
172.185,0.0131017
172.251,0.0127047
172.318,0.0127047
172.385,0.0127047
172.451,0.012804
172.518,0.0127047
172.584,0.012804
172.651,0.012804
172.718,0.0126055
172.784,0.0127047
172.851,0.0124069
172.917,0.0126055
172.984,0.0125062
173.051,0.0126055
173.117,0.0127047
173.184,0.012804
173.25,0.0126055
173.317,0.0127047
173.384,0.0127047
173.45,0.0126055
173.517,0.0125062
173.584,0.0126055
173.65,0.0124069
173.717,0.0124069
173.783,0.0123077
173.85,0.0125062
173.917,0.0133002
173.983,0.013201
174.05,0.013201
174.116,0.013201
174.183,0.0133002
174.25,0.0133002
174.316,0.013201
174.383,0.0133002
174.449,0.013201
174.516,0.0133002
174.583,0.0133995
174.649,0.013201
174.716,0.0133002
174.782,0.0133002
174.849,0.0158809
174.916,0.02134
174.982,0.0249132
175.049,0.0323573
175.116,0.0381141
175.182,0.0414888
175.249,0.0451613
175.315,0.0479404
175.382,0.0498263
175.449,0.0521092
175.515,0.0550868
175.582,0.0561787
175.648,0.062531
175.715,0.0709677
175.782,0.0762283
175.848,0.0879404
175.915,0.0951861
175.981,0.101439
176.048,0.113151
176.115,0.127246
176.181,0.133896
176.248,0.143623
176.315,0.148685
176.381,0.156625
176.448,0.159107
176.514,0.158412
176.581,0.160695
176.648,0.155831
176.714,0.161687
176.781,0.163772
176.847,0.161687
176.914,0.162779
176.981,0.167742
177.047,0.166849
177.114,0.163871
177.18,0.167742
177.247,0.16794
177.314,0.166749
177.38,0.164268
177.447,0.160993
177.513,0.15861
177.58,0.151563
177.647,0.151266
177.713,0.153052
177.78,0.147792
177.847,0.14799
177.913,0.145409
177.98,0.143226
178.046,0.147792
178.113,0.152258
178.18,0.15196
178.246,0.150074
178.313,0.150571
178.379,0.145509
178.446,0.147295
178.513,0.146303
178.579,0.141042
178.646,0.139355
178.712,0.139653
178.779,0.132506
178.846,0.133797
178.912,0.129132
178.979,0.126055
179.045,0.128238
179.112,0.127146
179.179,0.122283
179.245,0.119404
179.312,0.114938
179.379,0.113151
179.445,0.111365
179.512,0.106799
179.578,0.10531
179.645,0.100844
179.712,0.0940943
179.778,0.0927047
179.845,0.0900248
179.911,0.0844665
179.978,0.0823821
180.045,0.0755335
180.111,0.0730521
180.178,0.071464
180.244,0.0697767
180.311,0.0632258
180.378,0.0628288
180.444,0.0580645
180.511,0.0568734
180.577,0.0533995
180.644,0.0527047
180.711,0.053201
180.777,0.0549876
180.844,0.0530025
180.911,0.0559801
180.977,0.0536973
181.044,0.0561787
181.11,0.0515136
181.177,0.052804
181.244,0.0524069
181.31,0.0522084
181.377,0.0524069
181.443,0.0519107
181.51,0.0523077
181.577,0.0531017
181.643,0.0525062
181.71,0.057072
181.776,0.0626303
181.843,0.0658065
181.91,0.0722581
181.976,0.0773201
182.043,0.0813896
182.109,0.0843672
182.176,0.0865509
182.243,0.0898263
182.309,0.088933
182.376,0.0919107
182.443,0.092804
182.509,0.0947891
182.576,0.0947891
182.642,0.0908189
182.709,0.0909181
182.776,0.0927047
182.842,0.0966749
182.909,0.0949876
182.975,0.0959801
183.042,0.0953846
183.109,0.0951861
183.175,0.0938958
183.242,0.0938958
183.308,0.0941935
183.375,0.0911166
183.442,0.0922084
183.508,0.0943921
183.575,0.0946898
183.642,0.0941935
183.708,0.0934988
183.775,0.0941935
183.841,0.0971712
183.908,0.0951861
183.975,0.092804
184.041,0.0911166
184.108,0.0915136
184.174,0.092804
184.241,0.0940943
184.308,0.0934988
184.374,0.0926055
184.441,0.0912159
184.507,0.0975682
184.574,0.0947891
184.641,0.0956824
184.707,0.0973697
184.774,0.0987593
184.84,0.10005
184.907,0.0999504
184.974,0.0997519
185.04,0.097469
185.107,0.0964764
185.174,0.0975682
185.24,0.101737
185.307,0.101935
185.373,0.100248
185.44,0.103524
185.507,0.0995533
185.573,0.10263
185.64,0.0987593
185.706,0.0994541
185.773,0.101538
185.84,0.0991563
185.906,0.100744
185.973,0.0990571
186.039,0.101042
186.106,0.0977667
186.173,0.0973697
186.239,0.0988586
186.306,0.0989578
186.372,0.0979653
186.439,0.100447
186.506,0.0993548
186.572,0.0994541
186.639,0.0990571
186.706,0.101241
186.772,0.101241
186.839,0.0987593
186.905,0.100844
186.972,0.101836
187.039,0.101241
187.105,0.101141
187.172,0.101042
187.238,0.100943
187.305,0.101737
187.372,0.102134
187.438,0.10263
187.505,0.102928
187.571,0.101439
187.638,0.102333
187.705,0.103226
187.771,0.102432
187.838,0.102829
187.904,0.101538
187.971,0.101836
188.038,0.103623
188.104,0.103325
188.171,0.103524
188.238,0.100744
188.304,0.100546
188.371,0.100844
188.437,0.101737
188.504,0.102432
188.571,0.103027
188.637,0.102531
188.704,0.102928
188.77,0.104119
188.837,0.103623
188.904,0.106203
188.97,0.105211
189.037,0.104715
189.103,0.10402
189.17,0.10402
189.237,0.103424
189.303,0.103027
189.37,0.103821
189.437,0.10263
189.503,0.102432
189.57,0.10263
189.636,0.102531
189.703,0.102928
189.77,0.10273
189.836,0.102928
189.903,0.103722
189.969,0.102035
190.036,0.102233
190.103,0.10263
190.169,0.102928
190.236,0.102531
190.302,0.101935
190.369,0.101737
190.436,0.102928
190.502,0.102134
190.569,0.100149
190.635,0.102134
190.702,0.102928
190.769,0.103623
190.835,0.103027
190.902,0.102333
190.969,0.102035
191.035,0.102035
191.102,0.102531
191.168,0.102333
191.235,0.103127
191.302,0.103921
191.368,0.103226
191.435,0.103027
191.501,0.101538
191.568,0.102928
191.635,0.102531
191.701,0.102035
191.768,0.101241
191.834,0.100744
191.901,0.10263
191.968,0.103127
192.034,0.104516
192.101,0.104715
192.167,0.105906
192.234,0.107295
192.301,0.105112
192.367,0.105409
192.434,0.106402
192.501,0.108288
192.567,0.107692
192.634,0.10799
192.7,0.105211
192.767,0.107097
192.834,0.103424
192.9,0.103424
192.967,0.102432
193.033,0.103424
193.1,0.10402
193.167,0.104814
193.233,0.10531
193.3,0.104715
193.366,0.103921
193.433,0.104814
193.5,0.104615
193.566,0.105012
193.633,0.104516
193.699,0.104913
193.766,0.10402
193.833,0.104715
193.899,0.103921
193.966,0.10273
194.033,0.102829
194.099,0.102333
194.166,0.10263
194.232,0.101836
194.299,0.102035
194.366,0.101737
194.432,0.102531
194.499,0.100645
194.565,0.102035
194.632,0.102333
194.699,0.103524
194.765,0.103424
194.832,0.103027
194.898,0.102432
194.965,0.102531
195.032,0.101935
195.098,0.102432
195.165,0.103325
195.232,0.10531
195.298,0.105509
195.365,0.105806
195.431,0.108089
195.498,0.106104
195.565,0.107494
195.631,0.1067
195.698,0.106402
195.764,0.105707
195.831,0.107792
195.898,0.108189
195.964,0.10928
196.031,0.110074
196.097,0.109479
196.164,0.108883
196.231,0.10928
196.297,0.112953
196.364,0.111365
196.43,0.11335
196.497,0.116427
196.564,0.116526
196.63,0.118015
196.697,0.11871
196.764,0.119305
196.83,0.121191
196.897,0.121489
196.963,0.121588
197.03,0.124665
197.097,0.128238
197.163,0.131414
197.23,0.136377
197.296,0.138164
197.363,0.138362
197.43,0.140943
197.496,0.14402
197.563,0.145112
197.629,0.147792
197.696,0.152457
197.763,0.153052
197.829,0.155633
197.896,0.157519
197.962,0.160893
198.029,0.16536
198.096,0.170025
198.162,0.171911
198.229,0.175881
198.296,0.176675
198.362,0.179057
198.429,0.18263
198.495,0.184318
198.562,0.185806
198.629,0.190571
198.695,0.196427
198.762,0.197816
198.828,0.201787
198.895,0.214888
198.962,0.214491
199.028,0.216873
199.095,0.223524
199.161,0.227395
199.228,0.234045
199.295,0.242581
199.361,0.248139
199.428,0.255285
199.494,0.260248
199.561,0.262928
199.628,0.267792
199.694,0.276824
199.761,0.282382
199.828,0.294094
199.894,0.301538
199.961,0.301439
200.027,0.314342
200.094,0.320298
200.161,0.322779
200.227,0.327047
200.294,0.341836
200.36,0.346898
200.427,0.35464
200.494,0.359603
200.56,0.368734
200.627,0.378462
200.693,0.388089
200.76,0.394442
200.827,0.4133
200.893,0.4266
200.96,0.432953
201.027,0.445062
201.093,0.45737
201.16,0.464417
201.226,0.475831
201.293,0.482978
201.36,0.482978
201.426,0.488238
201.493,0.493201
201.559,0.498462
201.626,0.491613
201.693,0.492605
201.759,0.496079
201.826,0.498362
201.892,0.498263
201.959,0.498065
202.026,0.49727
202.092,0.494194
202.159,0.49866
202.225,0.494988
202.292,0.502531
202.359,0.504218
202.425,0.502233
202.492,0.472754
202.559,0.47196
202.625,0.472754
202.692,0.46928
202.758,0.467593
202.825,0.466402
202.892,0.466799
202.958,0.468486
203.025,0.473945
203.091,0.472159
203.158,0.465608
203.225,0.466303
203.291,0.466898
203.358,0.466005
203.424,0.465211
203.491,0.461836
203.558,0.460844
203.624,0.46799
203.691,0.472854
203.757,0.474739
203.824,0.482481
203.891,0.487047
203.957,0.486452
204.024,0.49737
204.091,0.49598
204.157,0.501241
204.224,0.502829
204.29,0.503921
204.357,0.507792
204.424,0.516427
204.49,0.514839
204.557,0.516725
204.623,0.517717
204.69,0.52268
204.757,0.522878
204.823,0.526253
204.89,0.522084
204.956,0.520596
205.023,0.523176
205.09,0.52397
205.156,0.523672
205.223,0.528437
205.289,0.536973
205.356,0.542035
205.423,0.547593
205.489,0.556526
205.556,0.554541
205.623,0.556526
205.689,0.56536
205.756,0.566551
205.822,0.572903
205.889,0.58005
205.956,0.580943
206.022,0.584218
206.089,0.591166
206.155,0.590471
206.222,0.587891
206.289,0.581836
206.355,0.58005
206.422,0.574591
206.488,0.574194
206.555,0.572109
206.622,0.567742
206.688,0.56139
206.755,0.563474
206.822,0.560397
206.888,0.557717
206.955,0.555931
207.021,0.555136
207.088,0.555136
207.155,0.554243
207.221,0.553747
207.288,0.553151
207.354,0.550769
207.421,0.548685
207.488,0.551266
207.554,0.550372
207.621,0.549777
207.687,0.548089
207.754,0.549578
207.821,0.547097
207.887,0.544516
207.954,0.544516
208.02,0.54531
208.087,0.546203
208.154,0.545509
208.22,0.550769
208.287,0.551663
208.354,0.550471
208.42,0.555236
208.487,0.558908
208.553,0.558213
208.62,0.559603
208.687,0.564963
208.753,0.565658
208.82,0.569032
208.886,0.573002
208.953,0.57201
209.02,0.574491
209.086,0.575285
209.153,0.575285
209.219,0.57598
209.286,0.57737
209.353,0.578561
209.419,0.581141
209.486,0.580943
209.552,0.579355
209.619,0.580844
209.686,0.582928
209.752,0.580744
209.819,0.579256
209.886,0.581241
209.952,0.581836
210.019,0.580744
210.085,0.58134
210.152,0.57995
210.219,0.582829
210.285,0.582333
210.352,0.58134
210.418,0.583226
210.485,0.580943
210.552,0.587891
210.618,0.58799
210.685,0.587692
210.751,0.588586
210.818,0.586998
210.885,0.5867
210.951,0.586104
211.018,0.5867
211.084,0.58402
211.151,0.583722
211.218,0.583127
211.284,0.582531
211.351,0.583424
211.418,0.583623
211.484,0.582134
211.551,0.584516
211.617,0.582829
211.684,0.584119
211.751,0.58531
211.817,0.585409
211.884,0.584715
211.95,0.586203
212.017,0.587891
212.084,0.590769
212.15,0.593846
212.217,0.600099
212.283,0.599603
212.35,0.60129
212.417,0.601489
212.483,0.601489
212.55,0.601191
212.617,0.600893
212.683,0.60139
212.75,0.599901
212.816,0.600993
212.883,0.602581
212.95,0.603772
213.016,0.601489
213.083,0.602084
213.149,0.603573
213.216,0.600794
213.283,0.601489
213.349,0.600794
213.416,0.602779
213.482,0.603275
213.549,0.602878
213.616,0.602779
213.682,0.600496
213.749,0.599901
213.815,0.600993
213.882,0.607742
213.949,0.606055
214.015,0.606551
214.082,0.609132
214.149,0.607643
214.215,0.608139
214.282,0.605261
214.348,0.605261
214.415,0.604566
214.482,0.605161
214.548,0.603375
214.615,0.603573
214.681,0.603176
214.748,0.601489
214.815,0.601588
214.881,0.600794
214.948,0.6
215.014,0.599504
215.081,0.598908
215.148,0.600397
215.214,0.598511
215.281,0.599404
215.347,0.598015
215.414,0.598213
215.481,0.596526
215.547,0.600993
215.614,0.599901
215.681,0.601092
215.747,0.599702
215.814,0.600397
215.88,0.601588
215.947,0.600596
216.014,0.600397
216.08,0.600496
216.147,0.600099
216.213,0.600397
216.28,0.601191
216.347,0.600496
216.413,0.601489
216.48,0.602184
216.546,0.598809
216.613,0.599404
216.68,0.600199
216.746,0.600397
216.813,0.600199
216.879,0.6
216.946,0.598908
217.013,0.598412
217.079,0.599007
217.146,0.598511
217.213,0.604069
217.279,0.602581
217.346,0.601191
217.412,0.601489
217.479,0.60129
217.546,0.600496
217.612,0.599901
217.679,0.599901
217.745,0.599504
217.812,0.6
217.879,0.600695
217.945,0.601092
218.012,0.601687
218.078,0.601489
218.145,0.602184
218.212,0.601787
218.278,0.602382
218.345,0.602283
218.412,0.601886
218.478,0.601588
218.545,0.601687
218.611,0.600298
218.678,0.599305
218.745,0.599801
218.811,0.599404
218.878,0.605161
218.944,0.604864
219.011,0.603672
219.078,0.603573
219.144,0.603772
219.211,0.602878
219.277,0.602481
219.344,0.602184
219.411,0.602878
219.477,0.602779
219.544,0.603077
219.61,0.602084
219.677,0.603176
219.744,0.603077
219.81,0.602283
219.877,0.602779
219.944,0.603176
220.01,0.601687
220.077,0.601787
220.143,0.601687
220.21,0.601687
220.277,0.600298
220.343,0.60129
220.41,0.602084
220.476,0.60268
220.543,0.603672
220.61,0.600893
220.676,0.601687
220.743,0.60268
220.809,0.601985
220.876,0.601985
220.943,0.600496
221.009,0.600099
221.076,0.599801
221.142,0.600298
221.209,0.600298
221.276,0.601191
221.342,0.600695
221.409,0.599404
221.476,0.600596
221.542,0.60129
221.609,0.601191
221.675,0.601588
221.742,0.601092
221.809,0.600199
221.875,0.600397
221.942,0.600695
222.008,0.60139
222.075,0.600099
222.142,0.599603
222.208,0.602283
222.275,0.601985
222.341,0.60268
222.408,0.602581
222.475,0.600695
222.541,0.600298
222.608,0.601687
222.674,0.598809
222.741,0.598213
222.808,0.596923
222.874,0.596228
222.941,0.596129
223.008,0.594442
223.074,0.596228
223.141,0.596228
223.207,0.597519
223.274,0.598313
223.341,0.597618
223.407,0.599305
223.474,0.601092
223.54,0.603474
223.607,0.603871
223.674,0.603077
223.74,0.603871
223.807,0.604367
223.873,0.60397
223.94,0.60268
224.007,0.604169
224.073,0.602581
224.14,0.602481
224.207,0.60139
224.273,0.601588
224.34,0.600596
224.406,0.599206
224.473,0.598908
224.54,0.599107
224.606,0.597022
224.673,0.596824
224.739,0.597122
224.806,0.595533
224.873,0.595732
224.939,0.59603
225.006,0.595434
225.072,0.596824
225.139,0.596824
225.206,0.596228
225.272,0.595831
225.339,0.595831
225.405,0.595533
225.472,0.595434
225.539,0.595931
225.605,0.595931
225.672,0.595831
225.739,0.596427
225.805,0.596824
225.872,0.595037
225.938,0.595236
226.005,0.594442
226.072,0.593945
226.138,0.595335
226.205,0.59464
226.271,0.594243
226.338,0.594442
226.405,0.594442
226.471,0.595434
226.538,0.594541
226.604,0.595633
226.671,0.596725
226.738,0.597122
226.804,0.599007
226.871,0.598908
226.937,0.598908
227.004,0.600397
227.071,0.600099
227.137,0.599504
227.204,0.601191
227.271,0.60139
227.337,0.602382
227.404,0.600199
227.47,0.6
227.537,0.599206
227.604,0.600199
227.67,0.599801
227.737,0.599702
227.803,0.599801
227.87,0.599404
227.937,0.600596
228.003,0.600794
228.07,0.600496
228.136,0.600596
228.203,0.600993
228.27,0.601489
228.336,0.60139
228.403,0.601588
228.469,0.60129
228.536,0.601886
228.603,0.602382
228.669,0.601687
228.736,0.602184
228.803,0.602878
228.869,0.61201
228.936,0.611613
229.002,0.610422
229.069,0.610124
229.136,0.610323
229.202,0.610323
229.269,0.610918
229.335,0.61072
229.402,0.610422
229.469,0.610124
229.535,0.610323
229.602,0.610918
229.668,0.61062
229.735,0.610918
229.802,0.609926
229.868,0.609826
229.935,0.610124
230.001,0.610025
230.068,0.610025
230.135,0.609429
230.201,0.608536
230.268,0.608536
230.335,0.608933
230.401,0.609826
230.468,0.60933
230.534,0.615782
230.601,0.616675
230.668,0.616476
230.734,0.617767
230.801,0.618462
230.867,0.617767
230.934,0.617866
231.001,0.616278
231.067,0.614789
231.134,0.614392
231.2,0.613896
231.267,0.613797
231.334,0.613499
231.4,0.612208
231.467,0.611216
231.534,0.610521
231.6,0.610323
231.667,0.610422
231.733,0.610819
231.8,0.611712
231.867,0.611811
231.933,0.611911
232,0.611811
232.066,0.611117
232.133,0.61062
232.2,0.6133
232.266,0.612705
232.333,0.612109
232.399,0.611414
232.466,0.610918
232.533,0.611315
232.599,0.611017
232.666,0.61062
232.732,0.610819
232.799,0.611017
232.866,0.61072
232.932,0.610025
232.999,0.609132
233.066,0.609132
233.132,0.609926
233.199,0.610323
233.265,0.609926
233.332,0.609826
233.399,0.610223
233.465,0.609529
233.532,0.609032
233.598,0.609032
233.665,0.608734
233.732,0.609032
233.798,0.609132
233.865,0.609926
233.931,0.609032
233.998,0.60933
234.065,0.608734
234.131,0.609628
234.198,0.608635
234.264,0.608834
234.331,0.608933
234.398,0.608536
234.464,0.608437
234.531,0.607643
234.598,0.608536
234.664,0.609132
234.731,0.609628
234.797,0.609628
234.864,0.609628
234.931,0.608834
234.997,0.608437
235.064,0.608536
235.13,0.608635
235.197,0.608933
235.264,0.60933
235.33,0.608437
235.397,0.608337
235.463,0.60804
235.53,0.608734
235.597,0.608238
235.663,0.608337
235.73,0.607643
235.796,0.606749
235.863,0.606849
235.93,0.607444
235.996,0.607146
236.063,0.608734
236.13,0.609032
236.196,0.610819
236.263,0.611712
236.329,0.611216
236.396,0.611414
236.463,0.613002
236.529,0.613201
236.596,0.613499
236.662,0.613598
236.729,0.613499
236.796,0.613201
236.862,0.613995
236.929,0.613896
236.995,0.614293
237.062,0.614194
237.129,0.614392
237.195,0.61201
237.262,0.612506
237.329,0.613002
237.395,0.613499
237.462,0.612903
237.528,0.6134
237.595,0.611811
237.662,0.611315
237.728,0.611117
237.795,0.612308
237.861,0.61072
237.928,0.611017
237.995,0.610521
238.061,0.611017
238.128,0.612308
238.194,0.61201
238.261,0.612903
238.328,0.612308
238.394,0.612804
238.461,0.611613
238.527,0.611514
238.594,0.612506
238.661,0.613002
238.727,0.6134
238.794,0.613102
238.861,0.612705
238.927,0.613598
238.994,0.613598
239.06,0.614094
239.127,0.613697
239.194,0.6133
239.26,0.613697
239.327,0.613002
239.393,0.612903
239.46,0.613002
239.527,0.613102
239.593,0.613201
239.66,0.612407
239.726,0.611811
239.793,0.61062
239.86,0.611216
239.926,0.610819
239.993,0.609926
240.059,0.610025
240.126,0.611017
240.193,0.611216
240.259,0.610819
240.326,0.612109
240.393,0.612506
240.459,0.612308
240.526,0.611315
240.592,0.613002
240.659,0.611712
240.726,0.613598
240.792,0.614789
240.859,0.616278
240.925,0.615782
240.992,0.616179
241.059,0.616576
241.125,0.621836
241.192,0.624913
241.258,0.624715
241.325,0.625509
241.392,0.624516
241.458,0.625409
241.525,0.625211
241.591,0.623921
241.658,0.62402
241.725,0.625012
241.791,0.625211
241.858,0.623226
241.925,0.624715
241.991,0.625112
242.058,0.624715
242.124,0.623821
242.191,0.624913
242.258,0.624218
242.324,0.623821
242.391,0.625806
242.457,0.624119
242.524,0.625012
242.591,0.623424
242.657,0.62273
242.724,0.622928
242.79,0.622928
242.857,0.622432
242.924,0.621737
242.99,0.620248
243.057,0.619256
243.124,0.621638
243.19,0.622035
243.257,0.621737
243.323,0.622333
243.39,0.620943
243.457,0.62005
243.523,0.620645
243.59,0.622035
243.656,0.622829
243.723,0.622432
243.79,0.622531
243.856,0.622333
243.923,0.62134
243.989,0.619851
244.056,0.620149
244.123,0.621241
244.189,0.61995
244.256,0.620149
244.322,0.621141
244.389,0.619653
244.456,0.616476
244.522,0.615385
244.589,0.614392
244.656,0.614094
244.722,0.613995
244.789,0.615385
244.855,0.615881
244.922,0.61469
244.989,0.613995
245.055,0.614789
245.122,0.614591
245.188,0.613499
245.255,0.613598
245.322,0.613896
245.388,0.6133
245.455,0.612705
245.521,0.613499
245.588,0.615682
245.655,0.616179
245.721,0.614293
245.788,0.613697
245.854,0.6134
245.921,0.613102
245.988,0.613002
246.054,0.613201
246.121,0.611514
246.188,0.611117
246.254,0.611811
246.321,0.610422
246.387,0.611017
246.454,0.609727
246.521,0.610819
246.587,0.609926
246.654,0.611216
246.72,0.610323
246.787,0.610124
246.854,0.608734
246.92,0.610223
246.987,0.609628
247.053,0.609529
247.12,0.608437
247.187,0.609231
247.253,0.610323
247.32,0.609132
247.386,0.608238
247.453,0.608933
247.52,0.60665
247.586,0.61072
247.653,0.608734
247.72,0.610124
247.786,0.605062
247.853,0.607643
247.919,0.605856
247.986,0.60536
248.053,0.605757
248.119,0.605856
248.186,0.607047
248.252,0.604864
248.319,0.604665
248.386,0.605856
248.452,0.606154
248.519,0.606253
248.585,0.604963
248.652,0.605558
248.719,0.607345
248.785,0.607742
248.852,0.609132
248.919,0.609231
248.985,0.608536
249.052,0.607345
249.118,0.607543
249.185,0.609231
249.252,0.609032
249.318,0.607643
249.385,0.609132
249.451,0.610819
249.518,0.611712
249.585,0.611414
249.651,0.610025
249.718,0.61072
249.784,0.609032
249.851,0.610025
249.918,0.608238
249.984,0.607742
250.051,0.607047
250.117,0.609132
250.184,0.607841
250.251,0.605658
250.317,0.60665
250.384,0.604963
250.451,0.605062
250.517,0.604566
250.584,0.604665
250.65,0.602878
250.717,0.601687
250.784,0.601588
250.85,0.602084
250.917,0.600199
250.983,0.601092
251.05,0.602084
251.117,0.602382
251.183,0.603375
251.25,0.604963
251.316,0.605955
251.383,0.605757
251.45,0.605459
251.516,0.605757
251.583,0.605261
251.649,0.604963
251.716,0.604169
251.783,0.604367
251.849,0.603871
251.916,0.605062
251.983,0.60397
252.049,0.605261
252.116,0.604864
252.182,0.604963
252.249,0.605658
252.316,0.605558
252.382,0.606452
252.449,0.606452
252.515,0.607146
252.582,0.606551
252.649,0.607543
252.715,0.60665
252.782,0.608337
252.848,0.607841
252.915,0.60933
252.982,0.608536
253.048,0.608139
253.115,0.604764
253.181,0.603077
253.248,0.601985
253.315,0.600695
253.381,0.599504
253.448,0.598908
253.515,0.597419
253.581,0.595931
253.648,0.597022
253.714,0.595831
253.781,0.596625
253.848,0.59871
253.914,0.59861
253.981,0.6
254.047,0.599206
254.114,0.597022
254.181,0.600993
254.247,0.602481
254.314,0.604467
254.38,0.603871
254.447,0.629876
254.514,0.630372
254.58,0.631762
254.647,0.63206
254.714,0.63206
254.78,0.632754
254.847,0.632854
254.913,0.632357
254.98,0.633548
255.047,0.634045
255.113,0.633548
255.18,0.632754
255.246,0.631861
255.313,0.632655
255.38,0.631861
255.446,0.632357
255.513,0.633052
255.579,0.632953
255.646,0.633846
255.713,0.634045
255.779,0.634144
255.846,0.634045
255.912,0.63464
255.979,0.633846
256.046,0.63464
256.112,0.642581
256.179,0.643275
256.246,0.642581
256.312,0.641092
256.379,0.641886
256.445,0.642779
256.512,0.642978
256.579,0.642382
256.645,0.643176
256.712,0.643375
256.778,0.642779
256.845,0.642084
256.912,0.640794
256.978,0.639801
257.045,0.639305
257.111,0.638511
257.178,0.638809
257.245,0.639107
257.311,0.639007
257.378,0.639603
257.444,0.640695
257.511,0.640695
257.578,0.640397
257.644,0.640199
257.711,0.639305
257.778,0.642878
257.844,0.642382
257.911,0.643474
257.977,0.642481
258.044,0.641489
258.111,0.640099
258.177,0.640993
258.244,0.641092
258.31,0.64268
258.377,0.64268
258.444,0.642581
258.51,0.642382
258.577,0.64268
258.643,0.63871
258.71,0.637916
258.777,0.638213
258.843,0.639801
258.91,0.639107
258.976,0.639801
259.043,0.639603
259.11,0.639901
259.176,0.63871
259.243,0.637618
259.31,0.637122
259.376,0.636328
259.443,0.641489
259.509,0.641092
259.576,0.642382
259.643,0.640397
259.709,0.641191
259.776,0.64139
259.842,0.64139
259.909,0.641588
259.976,0.643077
260.042,0.642084
260.109,0.639801
260.175,0.641191
260.242,0.639504
260.309,0.639305
260.375,0.639305
260.442,0.636824
260.509,0.637022
260.575,0.636129
260.642,0.635236
260.708,0.637618
260.775,0.636228
260.842,0.636625
260.908,0.63603
260.975,0.636923
261.041,0.636725
261.108,0.634243
261.175,0.634442
261.241,0.635236
261.308,0.635335
261.374,0.634541
261.441,0.634541
261.508,0.634144
261.574,0.636427
261.641,0.636526
261.707,0.636526
261.774,0.63732
261.841,0.639305
261.907,0.639007
261.974,0.64129
262.041,0.640893
262.107,0.639603
262.174,0.640794
262.24,0.639404
262.307,0.63861
262.374,0.638511
262.44,0.637419
262.507,0.636725
262.573,0.638511
262.64,0.637519
262.707,0.637618
262.773,0.645955
262.84,0.647246
262.906,0.646253
262.973,0.647246
263.04,0.643772
263.106,0.643474
263.173,0.643375
263.239,0.644764
263.306,0.645658
263.373,0.645658
263.439,0.64536
263.506,0.646154
263.573,0.645558
263.639,0.644764
263.706,0.64536
263.772,0.647841
263.839,0.648238
263.906,0.647246
263.972,0.644764
264.039,0.645757
264.105,0.644864
264.172,0.643573
264.239,0.645459
264.305,0.644963
264.372,0.644467
264.438,0.649826
264.505,0.650819
264.572,0.651117
264.638,0.654789
264.705,0.651911
264.771,0.651514
264.838,0.651216
264.905,0.649231
264.971,0.650422
265.038,0.65062
265.105,0.650819
265.171,0.65201
265.238,0.652308
265.304,0.649926
265.371,0.647742
265.438,0.647345
265.504,0.650422
265.571,0.649727
265.637,0.649727
265.704,0.64933
265.771,0.648337
265.837,0.648437
265.904,0.647841
265.97,0.645459
266.037,0.646551
266.104,0.639007
266.17,0.639107
266.237,0.639504
266.304,0.641489
266.37,0.641985
266.437,0.642382
266.503,0.644069
266.57,0.643573
266.637,0.644864
266.703,0.643672
266.77,0.642878
266.836,0.64139
266.903,0.641687
266.97,0.642481
267.036,0.639801
267.103,0.643871
267.169,0.643375
267.236,0.644367
267.303,0.645062
267.369,0.643871
267.436,0.643672
267.502,0.641588
267.569,0.642581
267.636,0.642481
267.702,0.642878
267.769,0.643275
267.836,0.642878
267.902,0.643871
267.969,0.644764
268.035,0.644467
268.102,0.644566
268.169,0.644665
268.235,0.645558
268.302,0.64536
268.368,0.64536
268.435,0.643871
268.502,0.642382
268.568,0.635136
268.635,0.63603
268.701,0.63603
268.768,0.635931
268.835,0.635931
268.901,0.635434
268.968,0.63603
269.034,0.634541
269.101,0.637221
269.168,0.63871
269.234,0.639603
269.301,0.638114
269.368,0.63861
269.434,0.63335
269.501,0.632159
269.567,0.632357
269.634,0.633449
269.701,0.63067
269.767,0.631166
269.834,0.631266
269.9,0.631464
269.967,0.632159
270.034,0.636328
270.1,0.63732
270.167,0.640298
270.233,0.641489
270.3,0.642184
270.367,0.642184
270.433,0.641687
270.5,0.640794
270.566,0.641489
270.633,0.643772
270.7,0.644764
270.766,0.64665
270.833,0.650223
270.9,0.649727
270.966,0.649132
271.033,0.649529
271.099,0.668089
271.166,0.668387
271.233,0.667792
271.299,0.668288
271.366,0.666303
271.432,0.666303
271.499,0.666998
271.566,0.667295
271.632,0.666402
271.699,0.664715
271.765,0.665608
271.832,0.662829
271.899,0.66005
271.965,0.660347
272.032,0.662829
272.099,0.661042
272.165,0.658561
272.232,0.657866
272.298,0.653896
272.365,0.652903
272.432,0.652506
272.498,0.652407
272.565,0.6533
272.631,0.655087
272.698,0.652506
272.765,0.654194
272.831,0.653697
272.898,0.653201
272.964,0.653102
273.031,0.653995
273.098,0.656179
273.164,0.653201
273.231,0.656675
273.297,0.655583
273.364,0.654194
273.431,0.655682
273.497,0.653697
273.564,0.653201
273.631,0.654194
273.697,0.653499
273.764,0.653201
273.83,0.653896
273.897,0.653797
273.964,0.653201
274.03,0.653598
274.097,0.653201
274.163,0.652308
274.23,0.652804
274.297,0.654491
274.363,0.653797
274.43,0.660347
274.496,0.660347
274.563,0.660645
274.63,0.661241
274.696,0.66273
274.763,0.661439
274.829,0.661141
274.896,0.661439
274.963,0.661141
275.029,0.663127
275.096,0.662233
275.163,0.664615
275.229,0.664516
275.296,0.664715
275.362,0.663325
275.429,0.662432
275.496,0.661141
275.562,0.661935
275.629,0.660546
275.695,0.659752
275.762,0.659355
275.829,0.660149
275.895,0.659355
275.962,0.66005
276.028,0.660149
276.095,0.668883
276.162,0.66938
276.228,0.668089
276.295,0.668883
276.361,0.671166
276.428,0.669876
276.495,0.666501
276.561,0.667395
276.628,0.666501
276.695,0.664615
276.761,0.666998
276.828,0.667792
276.894,0.666799
276.961,0.667593
277.028,0.668189
277.094,0.66799
277.161,0.668784
277.227,0.669975
277.294,0.674739
277.361,0.675335
277.427,0.673251
277.494,0.674342
277.56,0.676228
277.627,0.678015
277.694,0.679901
277.76,0.681191
277.827,0.683573
277.894,0.689032
277.96,0.689132
278.027,0.693598
278.093,0.698859
278.16,0.701241
278.227,0.702233
278.293,0.705608
278.36,0.704814
278.426,0.708288
278.493,0.711365
278.56,0.71464
278.626,0.713747
278.693,0.71732
278.759,0.72397
278.826,0.721787
278.893,0.727246
278.959,0.725658
279.026,0.723176
279.092,0.728834
279.159,0.728734
279.226,0.730025
279.292,0.737469
279.359,0.735782
279.426,0.743821
279.492,0.743127
279.559,0.740844
279.625,0.74531
279.692,0.747792
279.759,0.747891
279.825,0.749975
279.892,0.747792
279.958,0.74928
280.025,0.752258
280.092,0.754342
280.158,0.748883
280.225,0.749975
280.291,0.760794
280.358,0.757717
280.425,0.753747
280.491,0.763573
280.558,0.759107
280.624,0.754541
280.691,0.76804
280.758,0.766352
280.824,0.771315
280.891,0.766849
280.958,0.770918
281.024,0.773499
281.091,0.769727
281.157,0.771414
281.224,0.776278
281.291,0.767246
281.357,0.778859
281.424,0.771712
281.49,0.781538
281.557,0.782829
281.624,0.777072
281.69,0.781241
281.757,0.783027
281.823,0.786203
281.89,0.781836
281.957,0.789578
282.023,0.783921
282.09,0.790273
282.156,0.798809
282.223,0.798114
282.29,0.808635
282.356,0.799901
282.423,0.77866
282.49,0.773201
282.556,0.769132
282.623,0.741141
282.689,0.728139
282.756,0.71603
282.823,0.717519
282.889,0.716923
282.956,0.717221
283.022,0.653995
283.089,0.649032
283.156,0.641687
283.222,0.651811
283.289,0.638908
283.355,0.641985
283.422,0.59196
283.489,0.595434
283.555,0.595732
283.622,0.595831
283.688,0.600199
283.755,0.598015
283.822,0.557717
283.888,0.561985
283.955,0.563176
284.022,0.56139
284.088,0.562978
284.155,0.56268
284.221,0.559007
284.288,0.555732
284.355,0.561985
284.421,0.551365
284.488,0.555931
284.554,0.566948
284.621,0.564864
284.688,0.572308
284.754,0.575782
284.821,0.577767
284.887,0.572804
284.954,0.577866
285.021,0.583623
285.087,0.592556
285.154,0.597519
285.221,0.597221
285.287,0.596129
285.354,0.590372
285.42,0.59871
285.487,0.603474
285.554,0.604963
285.62,0.597122
285.687,0.59464
285.753,0.592754
285.82,0.595335
285.887,0.592953
285.953,0.567047
286.02,0.560794
286.086,0.564764
286.153,0.569132
286.22,0.570124
286.286,0.568536
286.353,0.57598
286.419,0.568536
286.486,0.570124
286.553,0.577568
286.619,0.578462
286.686,0.580447
286.753,0.585012
286.819,0.5867
286.886,0.597419
286.952,0.593747
287.019,0.589876
287.086,0.581737
287.152,0.594938
287.219,0.593151
287.285,0.592655
287.352,0.586203
287.419,0.582829
287.485,0.580744
287.552,0.578859
287.618,0.561886
287.685,0.555037
287.752,0.557122
287.818,0.554938
287.885,0.54531
287.951,0.53737
288.018,0.540943
288.085,0.528635
288.151,0.527543
288.218,0.51871
288.285,0.514045
288.351,0.516625
288.418,0.508387
288.484,0.5067
288.551,0.50005
288.618,0.498164
288.684,0.496377
288.751,0.493995
288.817,0.486452
288.884,0.487742
288.951,0.475037
289.017,0.48139
289.084,0.468586
289.15,0.476923
289.217,0.476625
289.284,0.478015
289.35,0.481985
289.417,0.477022
289.483,0.469082
289.55,0.472953
289.617,0.469181
289.683,0.481191
289.75,0.481687
289.817,0.488734
289.883,0.480596
289.95,0.483474
290.016,0.475434
290.083,0.474839
290.15,0.477122
290.216,0.474243
290.283,0.471464
290.349,0.468288
290.416,0.467196
290.483,0.457767
290.549,0.454392
290.616,0.447643
290.682,0.44139
290.749,0.442382
290.816,0.433846
290.882,0.434739
290.949,0.428586
291.016,0.422829
291.082,0.430273
291.149,0.427395
291.215,0.429181
291.282,0.436725
291.349,0.43206
291.415,0.42799
291.482,0.426501
291.548,0.425806
291.615,0.430174
291.682,0.421439
291.748,0.41995
291.815,0.4267
291.881,0.424913
291.948,0.421935
292.015,0.424715
292.081,0.416079
292.148,0.419156
292.214,0.411414
292.281,0.411911
292.348,0.411414
292.414,0.406749
292.481,0.395533
292.548,0.396427
292.614,0.398015
292.681,0.385112
292.747,0.389479
292.814,0.385012
292.881,0.38273
292.947,0.377965
293.014,0.37201
293.08,0.369826
293.147,0.361588
293.214,0.355434
293.28,0.35335
293.347,0.359901
293.413,0.35206
293.48,0.351762
293.547,0.352159
293.613,0.355236
293.68,0.344715
293.746,0.345707
293.813,0.344516
293.88,0.332506
293.946,0.343623
294.013,0.34799
294.08,0.345608
294.146,0.34928
294.213,0.355732
294.279,0.354739
294.346,0.352457
294.413,0.357618
294.479,0.357916
294.546,0.360397
294.612,0.357519
294.679,0.369231
294.746,0.370918
294.812,0.36536
294.879,0.364268
294.945,0.368437
295.012,0.360596
295.079,0.369727
295.145,0.366849
295.212,0.367841
295.278,0.364467
295.345,0.367643
295.412,0.374591
295.478,0.379156
295.545,0.370124
295.612,0.376576
295.678,0.376278
295.745,0.375186
295.811,0.37598
295.878,0.387196
295.945,0.384615
296.011,0.386005
296.078,0.40129
296.144,0.398412
296.211,0.405955
296.278,0.408337
296.344,0.419057
296.411,0.428883
296.477,0.437221
296.544,0.438114
296.611,0.435335
296.677,0.446154
296.744,0.441787
296.811,0.449231
296.877,0.447543
296.944,0.445658
297.01,0.443077
297.077,0.443672
297.144,0.439404
297.21,0.437717
297.277,0.435732
297.343,0.433151
297.41,0.429082
297.477,0.433151
297.543,0.43861
297.61,0.434243
297.676,0.444367
297.743,0.437022
297.81,0.447246
297.876,0.453797
297.943,0.4533
298.009,0.467196
298.076,0.459752
298.143,0.453002
298.209,0.452208
298.276,0.454789
298.343,0.428486
298.409,0.432457
298.476,0.428387
298.542,0.432457
298.609,0.410124
298.676,0.408337
298.742,0.407345
298.809,0.401588
298.875,0.388387
298.942,0.382928
299.009,0.374194
299.075,0.366452
299.142,0.370323
299.208,0.371811
299.275,0.371811
299.342,0.370025
299.408,0.377171
299.475,0.37995
299.541,0.396328
299.608,0.41072
299.675,0.416179
299.741,0.419851
299.808,0.427891
299.875,0.432754
299.941,0.449529
300.008,0.453598
300.074,0.456079
300.141,0.465211
300.208,0.470372
300.274,0.462928
300.341,0.474045
300.407,0.490918
300.474,0.48397
300.541,0.486452
300.607,0.496079
300.674,0.500347
300.74,0.502134
300.807,0.512159
300.874,0.516228
300.94,0.513846
301.007,0.509181
301.073,0.519901
301.14,0.522382
301.207,0.528734
301.273,0.531414
301.34,0.52268
301.407,0.554144
301.473,0.556824
301.54,0.565856
301.606,0.566551
301.673,0.606749
301.74,0.606253
301.806,0.619851
301.873,0.616675
301.939,0.618759
302.006,0.621439
302.073,0.620347
302.139,0.616476
302.206,0.610521
302.272,0.601787
302.339,0.605856
302.406,0.585608
302.472,0.581241
302.539,0.581935
302.606,0.565161
302.672,0.555633
302.739,0.546402
302.805,0.526849
302.872,0.525856
302.939,0.515236
303.005,0.512159
303.072,0.507196
303.138,0.500744
303.205,0.501836
303.272,0.498263
303.338,0.49866
303.405,0.501737
303.471,0.505409
303.538,0.502432
303.605,0.467196
303.671,0.467891
303.738,0.464318
303.804,0.458362
303.871,0.461737
303.938,0.464814
304.004,0.456774
304.071,0.449032
304.138,0.448635
304.204,0.442581
304.271,0.448139
304.337,0.442978
304.404,0.440695
304.471,0.44129
304.537,0.436228
304.604,0.437519
304.67,0.434045
304.737,0.445658
304.804,0.435633
304.87,0.438015
304.937,0.430074
305.003,0.427891
305.07,0.417469
305.137,0.420149
305.203,0.416774
305.27,0.419057
305.336,0.412308
305.403,0.416278
305.47,0.415484
305.536,0.410124
305.603,0.415186
305.67,0.4133
305.736,0.416873
305.803,0.41469
305.869,0.4266
305.936,0.4267
306.003,0.44268
306.069,0.436824
306.136,0.429975
306.202,0.43335
306.269,0.43335
306.336,0.438313
306.402,0.431365
306.469,0.43196
306.535,0.428586
306.602,0.429876
306.669,0.432854
306.735,0.420447
306.802,0.423821
306.868,0.413499
306.935,0.412208
307.002,0.411315
307.068,0.413995
307.135,0.411613
307.202,0.409231
307.268,0.39871
307.335,0.394243
307.401,0.386799
307.468,0.384516
307.535,0.372506
307.601,0.362481
307.668,0.364566
307.734,0.350571
307.801,0.349578
307.868,0.343524
307.934,0.343623
308.001,0.325856
308.067,0.32268
308.134,0.316328
308.201,0.313052
308.267,0.302333
308.334,0.300347
308.401,0.296377
308.467,0.298759
308.534,0.299156
308.6,0.299653
308.667,0.29727
308.734,0.303921
308.8,0.305707
308.867,0.313548
308.933,0.312159
309,0.31871
309.067,0.322878
309.133,0.330521
309.2,0.340546
309.266,0.344119
309.333,0.341836
309.4,0.355533
309.466,0.364566
309.533,0.369926
309.599,0.37201
309.666,0.381042
309.733,0.383921
309.799,0.388189
309.866,0.38531
309.933,0.389975
309.999,0.386104
310.066,0.387792
310.132,0.388586
310.199,0.391464
310.266,0.390471
310.332,0.392357
310.399,0.373896
310.465,0.368536
310.532,0.359901
310.599,0.360596
310.665,0.359702
310.732,0.355236
310.798,0.34402
310.865,0.338759
310.932,0.338958
310.998,0.328139
311.065,0.32665
311.131,0.32536
311.198,0.313151
311.265,0.314045
311.331,0.309876
311.398,0.303127
311.465,0.287345
311.531,0.276625
311.598,0.26938
311.664,0.270571
311.731,0.263325
311.798,0.246055
311.864,0.244169
311.931,0.237916
311.997,0.235533
312.064,0.22402
312.131,0.218462
312.197,0.224715
312.264,0.219256
312.33,0.217072
312.397,0.2134
312.464,0.208933
312.53,0.21072
312.597,0.19871
312.663,0.196129
312.73,0.196526
312.797,0.191365
312.863,0.191563
312.93,0.195931
312.997,0.195037
313.063,0.203176
313.13,0.199901
313.196,0.207444
313.263,0.208238
313.33,0.209231
313.396,0.204665
313.463,0.207444
313.529,0.207543
313.596,0.203772
313.663,0.209132
313.729,0.212308
313.796,0.209826
313.862,0.219851
313.929,0.221042
313.996,0.229975
314.062,0.244764
314.129,0.24536
314.196,0.259653
314.262,0.26938
314.329,0.27464
314.395,0.277618
314.462,0.271663
314.529,0.280695
314.595,0.275434
314.662,0.279206
314.728,0.276427
314.795,0.278809
314.862,0.286154
314.928,0.286352
314.995,0.291911
315.061,0.287643
315.128,0.284963
315.195,0.285459
315.261,0.28268
315.328,0.285558
315.394,0.278809
315.461,0.270471
315.528,0.272754
315.594,0.269876
315.661,0.267395
315.728,0.261439
315.794,0.260844
315.861,0.25737
315.927,0.262134
315.994,0.256675
316.061,0.256873
316.127,0.251911
316.194,0.246948
316.26,0.238511
316.327,0.230769
316.394,0.232258
316.46,0.223027
316.527,0.220546
316.593,0.215087
316.66,0.207841
316.727,0.208933
316.793,0.195732
316.86,0.19196
316.926,0.190571
316.993,0.181935
317.06,0.174194
317.126,0.168734
317.193,0.159702
317.26,0.156427
317.326,0.148883
317.393,0.150571
317.459,0.139752
317.526,0.138065
317.593,0.130521
317.659,0.128437
317.726,0.125161
317.792,0.116625
317.859,0.113548
317.926,0.113846
317.992,0.110074
318.059,0.0995533
318.125,0.0992556
318.192,0.0919107
318.259,0.0862531
318.325,0.0810918
318.392,0.0769231
318.458,0.0645161
318.525,0.0666998
318.592,0.0573697
318.658,0.0562779
318.725,0.0556824
318.792,0.052804
318.858,0.0492308
318.925,0.0444665
318.991,0.0397022
319.058,0.0366253
319.125,0.0341439
319.191,0.0296774
319.258,0.0243176
319.324,0.0214392
319.391,0.0214392
319.458,0.0163772
319.524,0.0168734
319.591,0.0154839
319.657,0.0137965
319.724,0.0127047
319.791,0.00933002
319.857,0.00784119
319.924,0.00674938
319.991,0.00655087
320.057,0.00655087
320.124,0.00684864
320.19,0.00674938
320.257,0.00734491
320.324,0.00724566
320.39,0.00754342
320.457,0.00734491
320.523,0.00744417
320.59,0.00764268
320.657,0.0080397
320.723,0.00784119
320.79,0.00784119
320.856,0.00784119
320.923,0.00784119
320.99,0.00754342
321.056,0.00754342
321.123,0.00794045
321.189,0.00754342
321.256,0.00833747
321.323,0.00843672
321.389,0.00853598
321.456,0.00853598
321.523,0.00873449
321.589,0.008933
321.656,0.00813896
321.722,0.0080397
321.789,0.00784119
321.856,0.00823821
321.922,0.00764268
321.989,0.0117122
322.055,0.0115136
322.122,0.0124069
322.189,0.0112159
322.255,0.0124069
322.322,0.0127047
322.388,0.0127047
322.455,0.0119107
322.522,0.0116129
322.588,0.0133995
322.655,0.0129032
322.721,0.0122084
322.788,0.0127047
322.855,0.0131017
322.921,0.0126055
322.988,0.0118114
323.055,0.0118114
323.121,0.0124069
323.188,0.0122084
323.254,0.0122084
323.321,0.0124069
323.388,0.0123077
323.454,0.0124069
323.521,0.0125062
323.587,0.0121092
323.654,0.0131017
323.721,0.013201
323.787,0.012804
323.854,0.0122084
323.92,0.0125062
323.987,0.0121092
324.054,0.0120099
324.12,0.0129032
324.187,0.0130025
324.253,0.0126055
324.32,0.0120099
324.387,0.0124069
324.453,0.0122084
324.52,0.0119107
324.587,0.0119107
324.653,0.0119107
324.72,0.0115136
324.786,0.0125062
324.853,0.0124069
324.92,0.0123077
324.986,0.0122084
325.053,0.0124069
325.119,0.0118114
325.186,0.0121092
325.253,0.0119107
325.319,0.0120099
325.386,0.0122084
325.452,0.0120099
325.519,0.0125062
325.586,0.0116129
325.652,0.0120099
325.719,0.0115136
325.786,0.0115136
325.852,0.0118114
325.919,0.0123077
325.985,0.0118114
326.052,0.0111166
326.119,0.0120099
326.185,0.0104218
326.252,0.0114144
326.318,0.0114144
326.385,0.0103226
326.452,0.0107196
326.518,0.0106203
326.585,0.0101241
326.651,0.0104218
326.718,0.0105211
326.785,0.0109181
326.851,0.0103226
326.918,0.0100248
326.984,0.00952854
327.051,0.0101241
327.118,0.00883375
327.184,0.00764268
327.251,0.00724566
327.318,0.00665012
327.384,0.00635236
327.451,0.00754342
327.517,0.0214392
327.584,0.0340447
327.651,0.0415881
327.717,0.0461538
327.784,0.0470471
327.85,0.0509181
327.917,0.0512159
327.984,0.0518114
328.05,0.0519107
328.117,0.0601489
328.183,0.0726551
328.25,0.0791067
328.317,0.0911166
328.383,0.102134
328.45,0.108486
328.516,0.110273
328.583,0.112258
328.65,0.110769
328.716,0.111365
328.783,0.109181
328.85,0.107692
328.916,0.109082
328.983,0.104913
329.049,0.103722
329.116,0.103325
329.183,0.103424
329.249,0.103921
329.316,0.100844
329.382,0.0997519
329.449,0.0989578
329.516,0.0994541
329.582,0.103524
329.649,0.0993548
329.715,0.0975682
329.782,0.0925062
329.849,0.0909181
329.915,0.0878412
329.982,0.0840695
330.048,0.0822829
330.115,0.0778164
330.182,0.0777171
330.248,0.074938
330.315,0.0694789
330.382,0.0676923
330.448,0.0698759
330.515,0.0673945
330.581,0.0665012
330.648,0.0668983
330.715,0.0632258
330.781,0.0674938
330.848,0.0720596
330.914,0.0793052
330.981,0.0827792
331.048,0.0857568
331.114,0.0896278
331.181,0.0947891
331.247,0.0994541
331.314,0.109578
331.381,0.111563
331.447,0.11206
331.514,0.116625
331.581,0.114938
331.647,0.112159
331.714,0.105211
331.78,0.10402
331.847,0.103325
331.914,0.0987593
331.98,0.0933995
332.047,0.0949876
332.113,0.0906203
332.18,0.0922084
332.247,0.0895285
332.313,0.0888337
332.38,0.0934988
332.446,0.0864516
332.513,0.0862531
332.58,0.083871
332.646,0.0875434
332.713,0.0835732
332.779,0.0843672
332.846,0.0825806
332.913,0.0833747
332.979,0.0820844
333.046,0.0798015
333.113,0.0784119
333.179,0.0774194
333.246,0.0716625
333.312,0.074938
333.379,0.0724566
333.446,0.0695782
333.512,0.0688834
333.579,0.0654094
333.645,0.0682878
333.712,0.0603474
333.779,0.0616377
333.845,0.0618362
333.912,0.0547891
333.978,0.0496278
334.045,0.0520099
334.112,0.0486352
334.178,0.044665
334.245,0.0367246
334.311,0.0308685
334.378,0.0340447
334.445,0.0345409
334.511,0.0335484
334.578,0.0324566
334.645,0.0304715
334.711,0.0293797
334.778,0.0266005
334.844,0.0262035
334.911,0.0262035
334.978,0.0226303
335.044,0.0222333
335.111,0.0203474
335.177,0.0180645
335.244,0.0188586
335.311,0.0173697
335.377,0.0188586
335.444,0.0187593
335.51,0.0190571
335.577,0.0188586
335.644,0.0188586
335.71,0.0194541
335.777,0.0183623
335.843,0.0190571
335.91,0.017866
335.977,0.0200496
336.043,0.018263
336.11,0.0195533
336.177,0.0194541
336.243,0.0198511
336.31,0.0175682
336.376,0.0185608
336.443,0.0185608
336.51,0.0196526
336.576,0.0212407
336.643,0.0220347
336.709,0.0243176
336.776,0.0286849
336.843,0.030273
336.909,0.0346402
336.976,0.0401985
337.042,0.0441687
337.109,0.048933
337.176,0.0566749
337.242,0.0607444
337.309,0.066402
337.375,0.0737469
337.442,0.0791067
337.509,0.0834739
337.575,0.0945906
337.642,0.0992556
337.709,0.108486
337.775,0.11871
337.842,0.120695
337.908,0.128734
337.975,0.136774
338.042,0.139553
338.108,0.145707
338.175,0.147891
338.241,0.15067
338.308,0.155236
338.375,0.153052
338.441,0.152159
338.508,0.153945
338.574,0.148883
338.641,0.145509
338.708,0.142531
338.774,0.138958
338.841,0.13737
338.908,0.132208
338.974,0.124069
339.041,0.11871
339.107,0.114442
339.174,0.109876
339.241,0.111762
339.307,0.1066
339.374,0.10273
339.44,0.100744
339.507,0.0959801
339.574,0.0956824
339.64,0.0949876
339.707,0.0920099
339.773,0.0823821
339.84,0.0821836
339.907,0.0799007
339.973,0.071464
340.04,0.0728536
340.106,0.0699752
340.173,0.0662035
340.24,0.0630273
340.306,0.057469
340.373,0.048933
340.44,0.0464516
340.506,0.045062
340.573,0.0431762
340.639,0.0484367
340.706,0.0432754
340.773,0.0419851
340.839,0.0455583
340.906,0.0434739
340.972,0.0399007
341.039,0.0385112
341.106,0.0364268
341.172,0.0289826
341.239,0.031464
341.305,0.0266998
341.372,0.0222333
341.439,0.0205459
341.505,0.0166749
341.572,0.0126055
341.638,0.0101241
341.705,0.00605459
341.772,0.00555831
341.838,0.00555831
341.905,0.00575682
341.972,0.00595533
342.038,0.00585608
342.105,0.00585608
342.171,0.00585608
342.238,0.00585608
342.305,0.00585608
342.371,0.00585608
342.438,0.00585608
342.504,0.00585608
342.571,0.00585608
342.638,0.00585608
342.704,0.00575682
342.771,0.00585608
342.837,0.00585608
342.904,0.00585608
342.971,0.00585608
343.037,0.00585608
343.104,0.00585608
343.17,0.00595533
343.237,0.00595533
343.304,0.00585608
343.37,0.00585608
343.437,0.00585608
343.504,0.00585608
343.57,0.00585608
343.637,0.00595533
343.703,0.00595533
343.77,0.00595533
343.837,0.00595533
343.903,0.00595533
343.97,0.00595533
344.036,0.00595533
344.103,0.00595533
344.17,0.00595533
344.236,0.00585608
344.303,0.00595533
344.369,0.00585608
344.436,0.00585608
344.503,0.00585608
344.569,0.00585608
344.636,0.00585608
344.703,0.00585608
344.769,0.00585608
344.836,0.00585608
344.902,0.00585608
344.969,0.00585608
345.036,0.00585608
345.102,0.00585608
345.169,0.00585608
345.235,0.00585608
345.302,0.00595533
345.369,0.00595533
345.435,0.00595533
345.502,0.00595533
345.568,0.00595533
345.635,0.00595533
345.702,0.00595533
345.768,0.00595533
345.835,0.00595533
345.901,0.00605459
345.968,0.00605459
346.035,0.00595533
346.101,0.00595533
346.168,0.00595533
346.235,0.00595533
346.301,0.00595533
346.368,0.00595533
346.434,0.00595533
346.501,0.00595533
346.568,0.00595533
346.634,0.00595533
346.701,0.00595533
346.767,0.00595533
346.834,0.00595533
346.901,0.00595533
346.967,0.00595533
347.034,0.00605459
347.1,0.00605459
347.167,0.00605459
347.234,0.00595533
347.3,0.00595533
347.367,0.00595533
347.433,0.00595533
347.5,0.00595533
347.567,0.00595533
347.633,0.00595533
347.7,0.00575682
347.767,0.00575682
347.833,0.00575682
347.9,0.00575682
347.966,0.00575682
348.033,0.00575682
348.1,0.00575682
348.166,0.00575682
348.233,0.00575682
348.299,0.00575682
348.366,0.00575682
348.433,0.00575682
348.499,0.00575682
348.566,0.00575682
348.632,0.00575682
348.699,0.00575682
348.766,0.00575682
348.832,0.00575682
348.899,0.00575682
348.965,0.00575682
349.032,0.00575682
349.099,0.00575682
349.165,0.00575682
349.232,0.00575682
349.299,0.00575682
349.365,0.00605459
349.432,0.00605459
349.498,0.00605459
349.565,0.00605459
349.632,0.00595533
349.698,0.00595533
349.765,0.00595533
349.831,0.00595533
349.898,0.00595533
349.965,0.00595533
350.031,0.00585608
350.098,0.00595533
350.164,0.0103226
350.231,0.0207444
350.298,0.026402
350.364,0.0383127
350.431,0.0479404
350.498,0.0534988
350.564,0.0596526
350.631,0.0637221
350.697,0.0653102
350.764,0.0674938
350.831,0.0679901
350.897,0.0683871
350.964,0.0680893
351.03,0.0687841
351.097,0.0694789
351.164,0.0673945
351.23,0.0670968
351.297,0.0690819
351.363,0.0681886
351.43,0.067196
351.497,0.0684864
351.563,0.0681886
351.63,0.0670968
351.696,0.0683871
351.763,0.0654094
351.83,0.0669975
351.896,0.0655087
351.963,0.0675931
352.03,0.0647146
352.096,0.0642184
352.163,0.0631266
352.229,0.0641191
352.296,0.0700744
352.363,0.0786104
352.429,0.088536
352.496,0.0987593
352.562,0.106898
352.629,0.109876
352.696,0.110471
352.762,0.115633
352.829,0.116129
352.895,0.121588
352.962,0.119901
353.029,0.123275
353.095,0.125955
353.162,0.123275
353.228,0.127246
353.295,0.126551
353.362,0.128734
353.428,0.128238
353.495,0.125261
353.562,0.128635
353.628,0.128734
353.695,0.131414
353.761,0.12804
353.828,0.124963
353.895,0.126551
353.961,0.128933
354.028,0.128734
354.094,0.127742
354.161,0.123871
354.228,0.125955
354.294,0.122779
354.361,0.12665
354.427,0.124864
354.494,0.124467
354.561,0.124566
354.627,0.123176
354.694,0.122481
354.76,0.122184
354.827,0.120893
354.894,0.122978
354.96,0.128536
355.027,0.133102
355.094,0.140447
355.16,0.143921
355.227,0.14928
355.293,0.148685
355.36,0.154739
355.427,0.154144
355.493,0.156129
355.56,0.154442
355.626,0.153052
355.693,0.154541
355.76,0.154442
355.826,0.156328
355.893,0.159404
355.959,0.154938
356.026,0.158511
356.093,0.161092
356.159,0.155434
356.226,0.156328
356.293,0.157717
356.359,0.156129
356.426,0.162084
356.492,0.161886
356.559,0.174094
356.626,0.1867
356.692,0.18928
356.759,0.199603
356.825,0.204069
356.892,0.208635
356.959,0.212903
357.025,0.215285
357.092,0.217171
357.158,0.219553
357.225,0.216476
357.292,0.216675
357.358,0.21469
357.425,0.215682
357.491,0.215087
357.558,0.213201
357.625,0.2134
357.691,0.214591
357.758,0.215583
357.825,0.212506
357.891,0.213201
357.958,0.213499
358.024,0.213102
358.091,0.21201
358.158,0.211613
358.224,0.2134
358.291,0.210025
358.357,0.211712
358.424,0.209826
358.491,0.210025
358.557,0.209826
358.624,0.207643
358.69,0.209032
358.757,0.214789
358.824,0.222134
358.89,0.224417
358.957,0.229777
359.023,0.234442
359.09,0.238015
359.157,0.23871
359.223,0.247345
359.29,0.247047
359.357,0.254491
359.423,0.256873
359.49,0.258561
359.556,0.260149
359.623,0.257866
359.69,0.254194
359.756,0.253598
359.823,0.255484
359.889,0.256675
359.956,0.257667
360.023,0.25072
360.089,0.251414
360.156,0.254789
360.222,0.255484
360.289,0.253995
360.356,0.261439
360.422,0.257965
360.489,0.25737
360.555,0.262035
360.622,0.260645
360.689,0.263027
360.755,0.263127
360.822,0.269975
360.889,0.273747
360.955,0.278908
361.022,0.286154
361.088,0.285558
361.155,0.290223
361.222,0.292705
361.288,0.292804
361.355,0.290124
361.421,0.293201
361.488,0.295782
361.555,0.294988
361.621,0.296079
361.688,0.299057
361.754,0.296675
361.821,0.296576
361.888,0.294491
361.954,0.299156
362.021,0.299256
362.088,0.295087
362.154,0.295881
362.221,0.298164
362.287,0.297965
362.354,0.302531
362.421,0.303524
362.487,0.306005
362.554,0.305409
362.62,0.304913
362.687,0.304119
362.754,0.307891
362.82,0.309082
362.887,0.31067
362.953,0.312357
363.02,0.315434
363.087,0.314739
363.153,0.319901
363.22,0.316923
363.286,0.315831
363.353,0.315236
363.42,0.32
363.486,0.318015
363.553,0.316129
363.62,0.316328
363.686,0.315831
363.753,0.310074
363.819,0.312655
363.886,0.311762
363.953,0.307494
364.019,0.310273
364.086,0.309975
364.152,0.307196
364.219,0.307593
364.286,0.307196
364.352,0.302829
364.419,0.302134
364.485,0.303722
364.552,0.302829
364.619,0.301737
364.685,0.304715
364.752,0.302829
364.818,0.299454
364.885,0.30005
364.952,0.302928
365.018,0.301241
365.085,0.303921
365.152,0.304615
365.218,0.305409
365.285,0.305012
365.351,0.304119
365.418,0.306898
365.485,0.308586
365.551,0.310968
365.618,0.31464
365.684,0.316228
365.751,0.318313
365.818,0.32129
365.884,0.32397
365.951,0.329429
366.017,0.333797
366.084,0.334591
366.151,0.336377
366.217,0.338065
366.284,0.342233
366.35,0.343921
366.417,0.347196
366.484,0.350471
366.55,0.355136
366.617,0.358313
366.684,0.356625
366.75,0.360199
366.817,0.365062
366.883,0.367246
366.95,0.369429
367.017,0.371911
367.083,0.372804
367.15,0.376377
367.216,0.378362
367.283,0.377667
367.35,0.377568
367.416,0.37866
367.483,0.379057
367.549,0.376278
367.616,0.38134
367.683,0.386898
367.749,0.393747
367.816,0.397519
367.883,0.400993
367.949,0.409231
368.016,0.415682
368.082,0.418164
368.149,0.426005
368.216,0.445658
368.282,0.449231
368.349,0.458759
368.415,0.466402
368.482,0.471266
368.549,0.48268
368.615,0.487841
368.682,0.492208
368.748,0.501439
368.815,0.505409
368.882,0.509677
368.948,0.51067
369.015,0.515236
369.081,0.516625
369.148,0.518412
369.215,0.519404
369.281,0.522382
369.348,0.528238
369.415,0.530025
369.481,0.531117
369.548,0.534392
369.614,0.531117
369.681,0.533797
369.748,0.533995
369.814,0.535881
369.881,0.537767
369.947,0.537568
370.014,0.538958
370.081,0.542134
370.147,0.541836
370.214,0.548685
370.28,0.549876
370.347,0.552357
370.414,0.554839
370.48,0.558313
370.547,0.564864
370.613,0.566849
370.68,0.568635
370.747,0.574094
370.813,0.579355
370.88,0.577866
370.947,0.578164
371.013,0.580844
371.08,0.584318
371.146,0.585608
371.213,0.587295
371.28,0.591067
371.346,0.595931
371.413,0.59732
371.479,0.601787
371.546,0.603573
371.613,0.609628
371.679,0.612506
371.746,0.613102
371.812,0.61737
371.879,0.617667
371.946,0.620248
372.012,0.623921
372.079,0.623623
372.145,0.630769
372.212,0.635037
372.279,0.635831
372.345,0.635037
372.412,0.636725
372.479,0.635732
372.545,0.639801
372.612,0.639206
372.678,0.638809
372.745,0.639702
372.812,0.638809
372.878,0.638908
372.945,0.642978
373.011,0.642581
373.078,0.645558
373.145,0.643375
373.211,0.644467
373.278,0.644665
373.344,0.648933
373.411,0.649429
373.478,0.650223
373.544,0.648933
373.611,0.650124
373.678,0.648933
373.744,0.651811
373.811,0.65201
373.877,0.651811
373.944,0.646749
374.011,0.647444
374.077,0.649628
374.144,0.64794
374.21,0.646551
374.277,0.647146
374.344,0.646253
374.41,0.648139
374.477,0.647246
374.543,0.644169
374.61,0.642779
374.677,0.64139
374.743,0.644467
374.81,0.640695
374.876,0.640397
374.943,0.639901
375.01,0.637519
375.076,0.637022
375.143,0.635633
375.21,0.634342
375.276,0.634144
375.343,0.634243
375.409,0.636427
375.476,0.635831
375.543,0.636129
375.609,0.638313
375.676,0.639007
375.742,0.637717
375.809,0.639504
375.876,0.641092
375.942,0.643176
376.009,0.664218
376.075,0.663524
376.142,0.662531
376.209,0.664516
376.275,0.661836
376.342,0.663524
376.408,0.661638
376.475,0.660844
376.542,0.660943
376.608,0.662134
376.675,0.664615
376.742,0.664516
376.808,0.664814
376.875,0.664814
376.941,0.668486
377.008,0.668387
377.075,0.6667
377.141,0.668486
377.208,0.66402
377.274,0.6666
377.341,0.6666
377.408,0.664814
377.474,0.664715
377.541,0.665409
377.607,0.664119
377.674,0.670273
377.741,0.672159
377.807,0.67206
377.874,0.671762
377.94,0.673747
378.007,0.672556
378.074,0.67206
378.14,0.672953
378.207,0.671365
378.274,0.67196
378.34,0.673449
378.407,0.67335
378.473,0.671464
378.54,0.676129
378.607,0.677022
378.673,0.674839
378.74,0.674243
378.806,0.676427
378.873,0.67464
378.94,0.674739
379.006,0.674442
379.073,0.675335
379.139,0.674045
379.206,0.672457
379.273,0.671365
379.339,0.679404
379.406,0.678213
379.473,0.676725
379.539,0.677419
379.606,0.67861
379.672,0.678809
379.739,0.687643
379.806,0.690918
379.872,0.692407
379.939,0.699256
380.005,0.706303
380.072,0.708089
380.139,0.712159
380.205,0.71464
380.272,0.714739
380.338,0.718412
380.405,0.737568
380.472,0.740546
380.538,0.742531
380.605,0.748089
380.671,0.749975
380.738,0.752655
380.805,0.758809
380.871,0.760596
380.938,0.761985
381.005,0.771117
381.071,0.770223
381.138,0.77062
381.204,0.769429
381.271,0.769926
381.338,0.769628
381.404,0.770819
381.471,0.771514
381.537,0.771216
381.604,0.770819
381.671,0.770323
381.737,0.769132
381.804,0.769429
381.87,0.769727
381.937,0.770323
382.004,0.769529
382.07,0.769132
382.137,0.769628
