0.0666092,0.063618
0.133218,0.0635117
0.199828,0.0663809
0.266437,0.0728986
0.333046,0.0813645
0.399655,0.0848004
0.466264,0.0861464
0.532873,0.0910347
0.599483,0.0912118
0.666092,0.0936559
0.732701,0.0948603
0.79931,0.0940456
0.865919,0.0963126
0.932529,0.0972335
0.999138,0.0971981
1.06575,0.098615
1.13236,0.0999965
1.19897,0.0973398
1.26557,0.0973752
1.33218,0.0973398
1.39879,0.0988984
1.4654,0.0982254
1.53201,0.0986504
1.59862,0.0990046
1.66523,0.101803
1.73184,0.105699
1.79845,0.105947
1.86506,0.107612
1.93167,0.107329
1.99828,0.108781
2.06488,0.108498
2.13149,0.108887
2.1981,0.108037
2.26471,0.109312
2.33132,0.108675
2.39793,0.108179
2.46454,0.107931
2.53115,0.106939
2.59776,0.107966
2.66437,0.108639
2.73098,0.109383
2.79759,0.109277
2.86419,0.111084
2.9308,0.110623
2.99741,0.113315
3.06402,0.11243
3.13063,0.111013
3.19724,0.109808
3.26385,0.110163
3.33046,0.111615
3.39707,0.109879
3.46368,0.112996
3.53029,0.113421
3.5969,0.112571
3.6635,0.113067
3.73011,0.114307
3.79672,0.113138
3.86333,0.114484
3.92994,0.113244
3.99655,0.11413
4.06316,0.116645
4.12977,0.116149
4.19638,0.11622
4.26299,0.116928
4.3296,0.119018
4.39621,0.119904
4.46282,0.120435
4.52942,0.12001
4.59603,0.121108
4.66264,0.12001
4.72925,0.120506
4.79586,0.12125
4.86247,0.121852
4.92908,0.121073
4.99569,0.121073
5.0623,0.120045
5.12891,0.119514
5.19552,0.119762
5.26213,0.120116
5.32873,0.120116
5.39534,0.12086
5.46195,0.120966
5.52856,0.124154
5.59517,0.126988
5.66178,0.134816
5.72839,0.142113
5.795,0.144912
5.86161,0.151854
5.92822,0.157309
5.99483,0.157699
6.06144,0.161525
6.12804,0.162871
6.19465,0.161914
6.26126,0.161914
6.32787,0.159895
6.39448,0.160604
6.46109,0.162056
6.5277,0.161064
6.59431,0.160037
6.66092,0.160568
6.72753,0.161666
6.79414,0.161489
6.86075,0.163721
6.92735,0.163437
6.99396,0.163827
7.06057,0.162198
7.12718,0.167865
7.19379,0.170132
7.2604,0.176225
7.32701,0.179909
7.39362,0.183982
7.46023,0.189685
7.52684,0.192802
7.59345,0.192342
7.66006,0.196415
7.72666,0.197513
7.79327,0.199426
7.85988,0.197407
7.92649,0.197726
7.9931,0.196061
8.05971,0.194786
8.12632,0.195034
8.19293,0.195176
8.25954,0.195919
8.32615,0.195778
8.39276,0.196982
8.45937,0.198364
8.52598,0.19762
8.59258,0.19638
8.65919,0.198611
8.7258,0.198966
8.79241,0.198364
8.85902,0.197124
8.92563,0.197372
8.99224,0.197053
9.05885,0.198399
9.12546,0.198541
9.19207,0.200205
9.25868,0.19847
9.32529,0.200135
9.39189,0.198966
9.4585,0.199957
9.52511,0.199568
9.59172,0.198966
9.65833,0.200453
9.72494,0.200276
9.79155,0.201977
9.85816,0.199497
9.92477,0.197336
9.99138,0.196734
10.058,0.196805
10.1246,0.194715
10.1912,0.195353
10.2578,0.192838
10.3244,0.190712
10.391,0.191067
10.4576,0.189118
10.5243,0.187772
10.5909,0.188268
10.6575,0.187631
10.7241,0.187595
10.7907,0.187454
10.8573,0.187383
10.9239,0.184584
10.9905,0.186887
11.0571,0.185541
11.1237,0.18508
11.1903,0.181999
11.257,0.181928
11.3236,0.1792
11.3902,0.180369
11.4568,0.18044
11.5234,0.177996
11.59,0.178704
11.6566,0.180546
11.7232,0.178563
11.7898,0.178704
11.8564,0.177075
11.923,0.176296
11.9897,0.176118
12.0563,0.176296
12.1229,0.175658
12.1895,0.176189
12.2561,0.176791
12.3227,0.176473
12.3893,0.176012
12.4559,0.176189
12.5225,0.175835
12.5891,0.175197
12.6557,0.175375
12.7224,0.175977
12.789,0.176898
12.8556,0.176614
12.9222,0.176296
12.9888,0.178421
13.0554,0.177535
13.122,0.17711
13.1886,0.176366
13.2552,0.175941
13.3218,0.175977
13.3884,0.176331
13.4551,0.175977
13.5217,0.176083
13.5883,0.176508
13.6549,0.176756
13.7215,0.176331
13.7881,0.175977
13.8547,0.175764
13.9213,0.175268
13.9879,0.175056
14.0545,0.175623
14.1211,0.175835
14.1878,0.175835
14.2544,0.175481
14.321,0.175481
14.3876,0.17541
14.4542,0.174737
14.5208,0.17495
14.5874,0.175233
14.654,0.175056
14.7206,0.174631
14.7872,0.17541
14.8538,0.175091
14.9205,0.174879
14.9871,0.17495
15.0537,0.174772
15.1203,0.17495
15.1869,0.174737
15.2535,0.174914
15.3201,0.175658
15.3867,0.175445
15.4533,0.175268
15.5199,0.175906
15.5865,0.176118
15.6532,0.175977
15.7198,0.176685
15.7864,0.176048
15.853,0.176083
15.9196,0.174347
15.9862,0.173674
16.0528,0.172364
16.1194,0.172576
16.186,0.172753
16.2526,0.172789
16.3192,0.169778
16.3859,0.170911
16.4525,0.171089
16.5191,0.17162
16.5857,0.172222
16.6523,0.170982
16.7189,0.171053
16.7855,0.170734
16.8521,0.170309
16.9187,0.170699
16.9853,0.170876
17.052,0.170982
17.1186,0.170947
17.1852,0.170522
17.2518,0.171053
17.3184,0.170876
17.385,0.170876
17.4516,0.170982
17.5182,0.171726
17.5848,0.171797
17.6514,0.171868
17.718,0.172045
17.7847,0.172151
17.8513,0.172293
17.9179,0.17247
17.9845,0.172541
18.0511,0.173072
18.1177,0.172151
18.1843,0.172151
18.2509,0.172576
18.3175,0.172612
18.3841,0.172789
18.4507,0.171939
18.5174,0.171195
18.584,0.170663
18.6506,0.170274
18.7172,0.170026
18.7838,0.169955
18.8504,0.169707
18.917,0.169849
18.9836,0.170416
19.0502,0.171053
19.1168,0.170557
19.1834,0.170663
19.2501,0.170663
19.3167,0.16992
19.3833,0.169849
19.4499,0.170061
19.5165,0.170061
19.5831,0.170061
19.6497,0.168715
19.7163,0.168396
19.7829,0.169105
19.8495,0.168822
19.9161,0.168786
19.9828,0.169282
20.0494,0.169317
20.116,0.169069
20.1826,0.16868
20.2492,0.168822
20.3158,0.169176
20.3824,0.16953
20.449,0.170097
20.5156,0.170522
20.5822,0.170628
20.6488,0.170628
20.7155,0.172187
20.7821,0.172187
20.8487,0.172576
20.9153,0.173249
20.9819,0.173993
21.0485,0.174489
21.1151,0.174206
21.1817,0.17371
21.2483,0.173249
21.3149,0.173001
21.3815,0.172895
21.4482,0.173108
21.5148,0.173639
21.5814,0.17371
21.648,0.174064
21.7146,0.173993
21.7812,0.173391
21.8478,0.173603
21.9144,0.173568
21.981,0.174418
22.0476,0.174418
22.1142,0.174347
22.1809,0.173887
22.2475,0.173958
22.3141,0.173426
22.3807,0.173391
22.4473,0.17371
22.5139,0.174489
22.5805,0.174631
22.6471,0.174843
22.7137,0.17789
22.7803,0.179023
22.8469,0.18083
22.9136,0.181573
22.9802,0.180936
23.0468,0.182742
23.1134,0.183274
23.18,0.184124
23.2466,0.182919
23.3132,0.182742
23.3798,0.182849
23.4464,0.181538
23.513,0.181148
23.5796,0.180723
23.6463,0.180582
23.7129,0.181255
23.7795,0.181573
23.8461,0.181786
23.9127,0.181255
23.9793,0.181219
24.0459,0.181538
24.1125,0.181467
24.1791,0.181786
24.2457,0.181715
24.3124,0.182246
24.379,0.182176
24.4456,0.181821
24.5122,0.181432
24.5788,0.181928
24.6454,0.182069
24.712,0.181892
24.7786,0.181184
24.8452,0.181928
24.9118,0.181396
24.9784,0.181396
25.0451,0.181644
25.1117,0.181821
25.1783,0.181042
25.2449,0.180227
25.3115,0.180086
25.3781,0.180511
25.4447,0.180086
25.5113,0.179838
25.5779,0.179625
25.6445,0.179023
25.7111,0.179696
25.7778,0.180121
25.8444,0.178952
25.911,0.178527
25.9776,0.178917
26.0442,0.178881
26.1108,0.179944
26.1774,0.180227
26.244,0.180511
26.3106,0.183238
26.3772,0.183486
26.4438,0.184478
26.5105,0.185222
26.5771,0.185647
26.6437,0.185753
26.7103,0.186143
26.7769,0.186533
26.8435,0.186533
26.9101,0.187772
26.9767,0.18802
27.0433,0.188941
27.1099,0.189968
27.1765,0.190925
27.2432,0.191031
27.3098,0.192873
27.3764,0.194077
27.443,0.196026
27.5096,0.197974
27.5762,0.200241
27.6428,0.203252
27.7094,0.205625
27.776,0.207396
27.8426,0.209734
27.9092,0.21108
27.9759,0.21062
28.0425,0.214126
28.1091,0.215083
28.1757,0.215968
28.2423,0.219121
28.3089,0.220254
28.3755,0.220963
28.4421,0.223124
28.5087,0.225461
28.5753,0.22617
28.6419,0.229004
28.7086,0.231589
28.7752,0.233608
28.8418,0.236194
28.9084,0.236726
28.975,0.238674
29.0416,0.24133
29.1082,0.243491
29.1748,0.243845
29.2414,0.246431
29.308,0.24845
29.3746,0.25008
29.4413,0.252276
29.5079,0.254118
29.5745,0.254082
29.6411,0.254791
29.7077,0.257731
29.7743,0.258191
29.8409,0.260423
29.9075,0.263434
29.9741,0.263753
30.0407,0.26524
30.1073,0.267472
30.174,0.268251
30.2406,0.267684
30.3072,0.26857
30.3738,0.26896
30.4404,0.270412
30.507,0.270164
30.5736,0.270235
30.6402,0.270766
30.7068,0.270979
30.7734,0.27275
30.8401,0.272714
30.9067,0.273352
30.9733,0.272856
31.0399,0.272927
31.1065,0.273671
31.1731,0.273175
31.2397,0.273069
31.3063,0.279232
31.3729,0.279374
31.4395,0.278878
31.5061,0.278488
31.5728,0.278736
31.6394,0.278807
31.706,0.278063
31.7726,0.276859
31.8392,0.276505
31.9058,0.277673
31.9724,0.277567
32.039,0.276965
32.1056,0.276469
32.1722,0.27569
32.2388,0.276257
32.3055,0.276505
32.3721,0.275584
32.4387,0.275477
32.5053,0.275761
32.5719,0.275442
32.6385,0.274875
32.7051,0.275442
32.7717,0.275052
32.8383,0.276363
32.9049,0.275938
32.9715,0.273565
33.0382,0.273175
33.1048,0.274167
33.1714,0.274025
33.238,0.277036
33.3046,0.282987
33.3712,0.28621
33.4378,0.292126
33.5044,0.297687
33.571,0.302186
33.6376,0.306153
33.7042,0.310899
33.7709,0.314371
33.8375,0.321172
33.9041,0.327194
33.9707,0.328823
34.0373,0.331869
34.1039,0.333782
34.1705,0.334703
34.2371,0.337643
34.3037,0.339202
34.3703,0.339627
34.4369,0.343842
34.5036,0.344302
34.5702,0.345684
34.6368,0.354646
34.7034,0.357798
34.77,0.359286
34.8366,0.359888
34.9032,0.36134
34.9698,0.363324
35.0364,0.363997
35.103,0.364068
35.1696,0.364174
35.2363,0.366902
35.3029,0.367964
35.3695,0.368283
35.4361,0.368566
35.5027,0.368141
35.5693,0.370019
35.6359,0.370019
35.7025,0.370833
35.7691,0.369913
35.8357,0.3697
35.9023,0.371117
35.969,0.37179
36.0356,0.370869
36.1022,0.371259
36.1688,0.37225
36.2354,0.372817
36.302,0.370621
36.3686,0.3697
36.4352,0.369594
36.5018,0.367575
36.5684,0.367716
36.635,0.365343
36.7017,0.362651
36.7683,0.361978
36.8349,0.363041
36.9015,0.360774
36.9681,0.358861
37.0347,0.359605
37.1013,0.357621
37.1679,0.358188
37.2345,0.356381
37.3011,0.357302
37.3678,0.355
37.4344,0.3567
37.501,0.355142
37.5676,0.354221
37.6342,0.35376
37.7008,0.353618
37.7674,0.351812
37.834,0.351883
37.9006,0.355283
37.9672,0.359534
38.0338,0.362013
38.1005,0.364776
38.1671,0.366229
38.2337,0.370019
38.3003,0.374517
38.3669,0.376253
38.4335,0.379831
38.5001,0.382629
38.5667,0.385002
38.6333,0.388722
38.6999,0.393858
38.7665,0.395593
38.8332,0.397896
38.8998,0.401403
38.9664,0.401048
39.033,0.405193
39.0996,0.408381
39.1662,0.410506
39.2328,0.413411
39.2994,0.415855
39.366,0.418016
39.4326,0.418937
39.4992,0.424108
39.5659,0.42719
39.6325,0.437852
39.6991,0.44313
39.7657,0.445255
39.8323,0.449222
39.8989,0.453615
39.9655,0.458255
40.0321,0.462187
40.0987,0.467075
40.1653,0.469838
40.2319,0.471609
40.2986,0.474726
40.3652,0.476781
40.4318,0.486097
40.4984,0.495909
40.565,0.499097
40.6316,0.505721
40.6982,0.510786
40.7648,0.511707
40.8314,0.514505
40.898,0.516737
40.9646,0.519571
41.0313,0.521802
41.0979,0.524636
41.1645,0.527186
41.2311,0.529453
41.2977,0.541214
41.3643,0.543091
41.4309,0.545323
41.4975,0.54681
41.5641,0.544047
41.6307,0.546102
41.6973,0.546137
41.764,0.547483
41.8306,0.547731
41.8972,0.550955
41.9638,0.553257
42.0304,0.555949
42.097,0.557083
42.1636,0.556906
42.2302,0.558287
42.2968,0.558854
42.3634,0.56066
42.43,0.558074
42.4967,0.55942
42.5633,0.55857
42.6299,0.557295
42.6965,0.556622
42.7631,0.555772
42.8297,0.552584
42.8963,0.554497
42.9629,0.555418
43.0295,0.556693
43.0961,0.557933
43.1627,0.559173
43.2294,0.557897
43.296,0.559598
43.3626,0.560377
43.4292,0.561085
43.4958,0.561546
43.5624,0.562573
43.629,0.561404
43.6956,0.561404
43.7622,0.560129
43.8288,0.559456
43.8954,0.560023
43.9621,0.561014
44.0287,0.56151
44.0953,0.563352
44.1619,0.563671
44.2285,0.564663
44.2951,0.565903
44.3617,0.565796
44.4283,0.566469
44.4949,0.567143
44.5615,0.567709
44.6282,0.56438
44.6948,0.56438
44.7614,0.566717
44.828,0.567461
44.8946,0.568453
44.9612,0.568028
45.0278,0.568666
45.0944,0.570826
45.161,0.571499
45.2276,0.572314
45.2942,0.574794
45.3609,0.574865
45.4275,0.575467
45.4941,0.577946
45.5607,0.578619
45.6273,0.578619
45.6939,0.578407
45.7605,0.580426
45.8271,0.579044
45.8937,0.581099
45.9603,0.582126
46.0269,0.583153
46.0936,0.583295
46.1602,0.584003
46.2268,0.584287
46.2934,0.587475
46.36,0.587121
46.4266,0.586979
46.4932,0.586695
46.5598,0.58666
46.6264,0.586802
46.693,0.586306
46.7596,0.586164
46.8263,0.585739
46.8929,0.587156
46.9595,0.588927
47.0261,0.588042
47.0927,0.588927
47.1593,0.589919
47.2259,0.590556
47.2925,0.591052
47.3591,0.591159
47.4257,0.592328
47.4923,0.591477
47.559,0.591407
47.6256,0.592682
47.6922,0.591477
47.7588,0.592257
47.8254,0.593461
47.892,0.591973
47.9586,0.591584
48.0252,0.592292
48.0918,0.593674
48.1584,0.593178
48.225,0.592611
48.2917,0.592611
48.3583,0.592398
48.4249,0.593567
48.4915,0.59339
48.5581,0.593709
48.6247,0.593992
48.6913,0.59424
48.7579,0.593674
48.8245,0.593249
48.8911,0.592753
48.9577,0.59254
49.0244,0.592186
49.091,0.59208
49.1576,0.592894
49.2242,0.593001
49.2908,0.592753
49.3574,0.592434
49.424,0.591796
49.4906,0.591371
49.5572,0.591867
49.6238,0.597393
49.6904,0.597641
49.7571,0.597747
49.8237,0.597641
49.8903,0.597464
49.9569,0.597358
50.0235,0.596118
50.0901,0.596153
50.1567,0.596259
50.2233,0.595693
50.2899,0.595799
50.3565,0.596047
50.4231,0.595232
50.4898,0.595445
50.5564,0.594984
50.623,0.594665
50.6896,0.59424
50.7562,0.59417
50.8228,0.593567
50.8894,0.592505
50.956,0.592328
51.0226,0.592363
51.0892,0.59339
51.1559,0.593532
51.2225,0.593249
51.2891,0.597499
51.3557,0.597428
51.4223,0.597641
51.4889,0.59757
51.5555,0.597287
51.6221,0.598208
51.6887,0.597499
51.7553,0.59711
51.8219,0.596295
51.8886,0.595516
51.9552,0.59587
52.0218,0.595799
52.0884,0.59633
52.155,0.596295
52.2216,0.597287
52.2882,0.597428
52.3548,0.598172
52.4214,0.601289
52.488,0.603627
52.5546,0.603769
52.6213,0.608905
52.6879,0.611881
52.7545,0.613227
52.8211,0.615564
52.8877,0.616804
52.9543,0.616769
53.0209,0.618186
53.0875,0.619709
53.1541,0.620276
53.2207,0.621019
53.2873,0.621799
53.354,0.621303
53.4206,0.619992
53.4872,0.620453
53.5538,0.62024
53.6204,0.620949
53.687,0.61978
53.7536,0.619496
53.8202,0.619355
53.8868,0.619248
53.9534,0.619425
54.02,0.619851
54.0867,0.618682
54.1533,0.618823
54.2199,0.619957
54.2865,0.621303
54.3531,0.622472
54.4197,0.623605
54.4863,0.623712
54.5529,0.624385
54.6195,0.629202
54.6861,0.62821
54.7527,0.628423
54.8194,0.628954
54.886,0.629946
54.9526,0.630796
55.0192,0.632071
55.0858,0.633169
55.1524,0.634232
55.219,0.634622
55.2856,0.634586
55.3522,0.635436
55.4188,0.635613
55.4854,0.635295
55.5521,0.634869
55.6187,0.634834
55.6853,0.634728
55.7519,0.635188
55.8185,0.636428
55.8851,0.63657
55.9517,0.636216
56.0183,0.636995
56.0849,0.637243
56.1515,0.637314
56.2181,0.63781
56.2848,0.643087
56.3514,0.64291
56.418,0.642839
56.4846,0.643583
56.5512,0.643371
56.6178,0.642485
56.6844,0.642344
56.751,0.641635
56.8176,0.641848
56.8842,0.641423
56.9508,0.640891
57.0175,0.640856
57.0841,0.640927
57.1507,0.641671
57.2173,0.640147
57.2839,0.639439
57.3505,0.638872
57.4171,0.639156
57.4837,0.638376
57.5503,0.638341
57.6169,0.638164
57.6836,0.637491
57.7502,0.636889
57.8168,0.636747
57.8834,0.636889
57.95,0.639722
58.0166,0.639226
58.0832,0.639262
58.1498,0.639262
58.2164,0.639014
58.283,0.639439
58.3496,0.639191
58.4163,0.639793
58.4829,0.640218
58.5495,0.639581
58.6161,0.637278
58.6827,0.636924
58.7493,0.637207
58.8159,0.636959
58.8825,0.636747
58.9491,0.636357
59.0157,0.63618
59.0823,0.636003
59.149,0.635897
59.2156,0.637101
59.2822,0.636605
59.3488,0.637455
59.4154,0.636711
59.482,0.636499
59.5486,0.636676
59.6152,0.636534
59.6818,0.636782
59.7484,0.637136
59.815,0.637349
59.8817,0.63788
59.9483,0.63781
60.0149,0.638943
60.0815,0.638305
60.1481,0.638305
60.2147,0.63788
60.2813,0.640431
60.3479,0.639403
60.4145,0.639864
60.4811,0.639687
60.5477,0.639403
60.6144,0.639793
60.681,0.639333
60.7476,0.639829
60.8142,0.639297
60.8808,0.638624
60.9474,0.639474
61.014,0.63866
61.0806,0.637491
61.1472,0.63579
61.2138,0.633807
61.2804,0.632815
61.3471,0.63239
61.4137,0.632567
61.4803,0.634126
61.5469,0.633205
61.6135,0.633913
61.6801,0.634409
61.7467,0.634515
61.8133,0.634338
61.8799,0.635188
61.9465,0.635968
62.0131,0.637278
62.0798,0.63657
62.1464,0.636782
62.213,0.636711
62.2796,0.638199
62.3462,0.639014
62.4128,0.639545
62.4794,0.640289
62.546,0.641033
62.6126,0.641848
62.6792,0.640608
62.7458,0.641175
62.8125,0.641104
62.8791,0.641033
62.9457,0.641281
63.0123,0.640431
63.0789,0.640997
63.1455,0.64121
63.2121,0.641564
63.2787,0.641423
63.3453,0.641458
63.4119,0.64075
63.4785,0.641458
63.5452,0.641387
63.6118,0.640927
63.6784,0.642202
63.745,0.641918
63.8116,0.641848
63.8782,0.641175
63.9448,0.641493
64.0114,0.640997
64.078,0.64121
64.1446,0.640962
64.2112,0.641068
64.2779,0.640785
64.3445,0.640891
64.4111,0.640856
64.4777,0.64075
64.5443,0.641104
64.6109,0.642344
64.6775,0.642096
64.7441,0.641918
64.8107,0.642591
64.8773,0.64291
64.944,0.642946
65.0106,0.641954
65.0772,0.642627
65.1438,0.642308
65.2104,0.642521
65.277,0.638978
65.3436,0.639651
65.4102,0.639687
65.4768,0.638943
65.5434,0.640077
65.61,0.640856
65.6767,0.640006
65.7433,0.639758
65.8099,0.640431
65.8765,0.640006
65.9431,0.639049
66.0097,0.63866
66.0763,0.637207
66.1429,0.637136
66.2095,0.637384
66.2761,0.637243
66.3427,0.637136
66.4094,0.636428
66.476,0.636676
66.5426,0.63703
66.6092,0.638412
66.6758,0.638447
66.7424,0.638341
66.809,0.638483
66.8756,0.638589
66.9422,0.639899
67.0088,0.639829
67.0754,0.639474
67.1421,0.639333
67.2087,0.639297
67.2753,0.638908
67.3419,0.639935
67.4085,0.639899
67.4751,0.638589
67.5417,0.637384
67.6083,0.637526
67.6749,0.637951
67.7415,0.63703
67.8081,0.636818
67.8748,0.637632
67.9414,0.636463
68.008,0.636676
68.0746,0.636711
68.1412,0.63579
68.2078,0.635861
68.2744,0.635755
68.341,0.635436
68.4076,0.635542
68.4742,0.635897
68.5408,0.63579
68.6075,0.635507
68.6741,0.635224
68.7407,0.63494
68.8073,0.633701
68.8739,0.633523
68.9405,0.63363
69.0071,0.634976
69.0737,0.633382
69.1403,0.633701
69.2069,0.633346
69.2735,0.633169
69.3402,0.632496
69.4068,0.632709
69.4734,0.632107
69.54,0.631859
69.6066,0.632567
69.6732,0.632319
69.7398,0.633771
69.8064,0.633134
69.873,0.633417
69.9396,0.63285
70.0062,0.632107
70.0729,0.631894
70.1395,0.631469
70.2061,0.631752
70.2727,0.632602
70.3393,0.632886
70.4059,0.63239
70.4725,0.632532
70.5391,0.632
70.6057,0.633098
70.6723,0.630335
70.7389,0.629592
70.8056,0.629556
70.8722,0.629344
70.9388,0.628635
71.0054,0.628387
71.072,0.628352
71.1386,0.627431
71.2052,0.627891
71.2718,0.628706
71.3384,0.629237
71.405,0.628671
71.4717,0.628316
71.5383,0.628175
71.6049,0.628954
71.6715,0.628848
71.7381,0.62906
71.8047,0.628741
71.8713,0.628246
71.9379,0.62821
72.0045,0.628529
72.0711,0.628671
72.1377,0.628706
72.2044,0.628529
72.271,0.628671
72.3376,0.639333
72.4042,0.63866
72.4708,0.637845
72.5374,0.638022
72.604,0.637987
72.6706,0.639581
72.7372,0.639191
72.8038,0.638943
72.8704,0.638483
72.9371,0.638341
73.0037,0.637951
73.0703,0.637597
73.1369,0.637349
73.2035,0.637066
73.2701,0.636463
73.3367,0.636322
73.4033,0.636605
73.4699,0.636286
73.5365,0.635968
73.6031,0.635082
73.6698,0.633311
73.7364,0.635117
73.803,0.634869
73.8696,0.635224
73.9362,0.634976
74.0028,0.636145
74.0694,0.634586
74.136,0.633453
74.2026,0.632036
74.2692,0.632213
74.3358,0.632071
74.4025,0.631823
74.4691,0.632142
74.5357,0.630796
74.6023,0.632425
74.6689,0.632496
74.7355,0.632036
74.8021,0.631575
74.8687,0.63239
74.9353,0.630796
75.0019,0.632107
75.0685,0.631681
75.1352,0.632036
75.2018,0.633098
75.2684,0.634444
75.335,0.636995
75.4016,0.636499
75.4682,0.63618
75.5348,0.635755
75.6014,0.634692
75.668,0.63827
75.7346,0.638447
75.8012,0.638305
75.8679,0.637845
75.9345,0.637562
76.0011,0.637739
76.0677,0.637172
76.1343,0.636463
76.2009,0.635684
76.2675,0.635968
76.3341,0.636818
76.4007,0.636818
76.4673,0.636959
76.5339,0.636145
76.6006,0.636605
76.6672,0.636038
76.7338,0.635259
76.8004,0.634232
76.867,0.633205
76.9336,0.631469
77.0002,0.632036
77.0668,0.632248
77.1334,0.633169
77.2,0.633878
77.2666,0.634267
77.3333,0.635755
77.3999,0.633488
77.4665,0.632284
77.5331,0.632567
77.5997,0.633453
77.6663,0.632036
77.7329,0.631859
77.7995,0.632709
77.8661,0.631681
77.9327,0.631859
77.9994,0.632567
78.066,0.633205
78.1326,0.631894
78.1992,0.631186
78.2658,0.631292
78.3324,0.630477
78.399,0.6303
78.4656,0.63154
78.5322,0.630335
78.5988,0.630265
78.6654,0.630123
78.7321,0.6303
78.7987,0.630902
78.8653,0.631646
78.9319,0.631398
78.9985,0.639403
79.0651,0.637597
79.1317,0.637349
79.1983,0.637951
79.2649,0.637384
79.3315,0.637455
79.3981,0.637526
79.4648,0.638695
79.5314,0.639262
79.598,0.639793
79.6646,0.639333
79.7312,0.640289
79.7978,0.640714
79.8644,0.64121
79.931,0.641175
79.9976,0.641954
80.0642,0.642166
80.1308,0.641918
80.1975,0.642698
80.2641,0.641671
80.3307,0.641068
80.3973,0.641068
80.4639,0.641139
80.5305,0.641316
80.5971,0.641316
80.6637,0.644008
80.7303,0.642981
80.7969,0.643371
80.8635,0.6433
80.9302,0.642698
80.9968,0.641493
81.0634,0.642875
81.13,0.642591
81.1966,0.641423
81.2632,0.641104
81.3298,0.640643
81.3964,0.640218
81.463,0.640395
81.5296,0.640183
81.5962,0.64082
81.6629,0.64036
81.7295,0.641068
81.7961,0.641068
81.8627,0.640785
81.9293,0.6416
81.9959,0.64291
82.0625,0.643194
82.1291,0.642273
82.1957,0.642804
82.2623,0.643264
82.3289,0.645815
82.3956,0.644929
82.4622,0.64585
82.5288,0.644575
82.5954,0.644894
82.662,0.645213
82.7286,0.645921
82.7952,0.646842
82.8618,0.647869
82.9284,0.647515
82.995,0.648294
83.0616,0.648011
83.1283,0.647444
83.1949,0.647196
83.2615,0.647728
83.3281,0.646948
83.3947,0.647019
83.4613,0.647126
83.5279,0.646665
83.5945,0.646452
83.6611,0.646311
83.7277,0.646169
83.7943,0.64585
83.861,0.645567
83.9276,0.646098
83.9942,0.646169
84.0608,0.646382
84.1274,0.645921
84.194,0.645284
84.2606,0.645425
84.3272,0.645638
84.3938,0.644858
84.4604,0.64415
84.527,0.643654
84.5937,0.642733
84.6603,0.642308
84.7269,0.641918
84.7935,0.641777
84.8601,0.643087
84.9267,0.643867
84.9933,0.644256
85.0599,0.644292
85.1265,0.644504
85.1931,0.644398
85.2598,0.644256
85.3264,0.643512
85.393,0.643229
85.4596,0.6433
85.5262,0.643442
85.5928,0.643017
85.6594,0.646984
85.726,0.645673
85.7926,0.646842
85.8592,0.646169
85.9258,0.645213
85.9925,0.644929
86.0591,0.645
86.1257,0.64369
86.1923,0.643619
86.2589,0.643017
86.3255,0.642131
86.3921,0.642839
86.4587,0.641706
86.5253,0.641529
86.5919,0.641352
86.6585,0.641387
86.7252,0.640466
86.7918,0.641068
86.8584,0.640006
86.925,0.639722
86.9916,0.639581
87.0582,0.639368
87.1248,0.638908
87.1914,0.638837
87.258,0.639864
87.3246,0.641564
87.3912,0.641387
87.4579,0.640395
87.5245,0.641139
87.5911,0.63873
87.6577,0.63827
87.7243,0.637562
87.7909,0.636924
87.8575,0.637597
87.9241,0.637774
87.9907,0.637349
88.0573,0.63742
88.1239,0.638057
88.1906,0.637562
88.2572,0.637207
88.3238,0.636534
88.3904,0.636109
88.457,0.636251
88.5236,0.636145
88.5902,0.636286
88.6568,0.635649
88.7234,0.635861
88.79,0.636145
88.8566,0.636393
88.9233,0.636038
88.9899,0.637066
89.0565,0.636959
89.1231,0.636463
89.1897,0.636641
89.2563,0.636782
89.3229,0.637101
89.3895,0.635542
89.4561,0.635011
89.5227,0.635613
89.5893,0.636038
89.656,0.634692
89.7226,0.635578
89.7892,0.635684
89.8558,0.635861
89.9224,0.636428
89.989,0.63703
90.0556,0.637243
90.1222,0.637668
90.1888,0.637349
90.2554,0.63788
90.322,0.638128
90.3887,0.639085
90.4553,0.638837
90.5219,0.638801
90.5885,0.639581
90.6551,0.642946
90.7217,0.642379
90.7883,0.64206
90.8549,0.64245
90.9215,0.642521
90.9881,0.642875
91.0547,0.643902
91.1214,0.643725
91.188,0.645532
91.2546,0.645567
91.3212,0.644965
91.3878,0.645709
91.4544,0.645496
91.521,0.645602
91.5876,0.645213
91.6542,0.645248
91.7208,0.644858
91.7875,0.645567
91.8541,0.645284
91.9207,0.644363
91.9873,0.64585
92.0539,0.645921
92.1205,0.644504
92.1871,0.645213
92.2537,0.644433
92.3203,0.645921
92.3869,0.645248
92.4535,0.644858
92.5202,0.644256
92.5868,0.644469
92.6534,0.644327
92.72,0.64376
92.7866,0.643052
92.8532,0.6433
92.9198,0.641989
92.9864,0.642096
93.053,0.641352
93.1196,0.641812
93.1862,0.639864
93.2529,0.640785
93.3195,0.640041
93.3861,0.639368
93.4527,0.638589
93.5193,0.639439
93.5859,0.639651
93.6525,0.639899
93.7191,0.638164
93.7857,0.63912
93.8523,0.639829
93.9189,0.640218
93.9856,0.640218
94.0522,0.640537
94.1188,0.642131
94.1854,0.641635
94.252,0.641104
94.3186,0.640927
94.3852,0.641104
94.4518,0.640962
94.5184,0.640962
94.585,0.641175
94.6516,0.640927
94.7183,0.640254
94.7849,0.641671
94.8515,0.64291
94.9181,0.644221
94.9847,0.645779
95.0513,0.646559
95.1179,0.646098
95.1845,0.648082
95.2511,0.650809
95.3177,0.653927
95.3843,0.656052
95.451,0.657398
95.5176,0.658709
95.5842,0.660834
95.6508,0.665616
95.7174,0.666997
95.784,0.666608
95.8506,0.665297
95.9172,0.668768
95.9838,0.670292
96.0504,0.669264
96.117,0.668343
96.1837,0.670752
96.2503,0.672771
96.3169,0.67564
96.3835,0.676526
96.4501,0.676561
96.5167,0.678757
96.5833,0.681166
96.6499,0.68439
96.7165,0.682654
96.7831,0.688144
96.8497,0.687365
96.9164,0.686586
96.983,0.690659
97.0496,0.692855
97.1162,0.694981
97.1828,0.695547
97.2494,0.700117
97.316,0.697956
97.3826,0.6987
97.4492,0.701782
97.5158,0.702951
97.5824,0.704368
97.6491,0.70922
97.7157,0.708724
97.7823,0.711098
97.8489,0.713258
97.9155,0.712019
97.9821,0.717049
98.0487,0.714321
98.1153,0.713117
98.1819,0.716659
98.2485,0.719812
98.3152,0.719316
98.3818,0.716128
98.4484,0.721441
98.515,0.715384
98.5816,0.722114
98.6482,0.717722
98.7148,0.722362
98.7814,0.722787
98.848,0.724346
98.9146,0.730013
98.9812,0.729694
99.0479,0.729446
99.1145,0.731076
99.1811,0.72895
99.2477,0.729198
99.3143,0.731713
99.3809,0.729446
99.4475,0.727569
99.5141,0.733449
99.5807,0.730367
99.6473,0.730296
99.7139,0.734441
99.7806,0.739117
99.8472,0.734441
99.9138,0.741348
99.9804,0.735539
100.047,0.738833
100.114,0.735964
100.18,0.73398
100.247,0.729871
100.313,0.735716
100.38,0.73646
100.447,0.737771
100.513,0.740569
100.58,0.741632
100.646,0.740569
100.713,0.741915
100.78,0.749708
100.846,0.749566
100.913,0.750097
100.98,0.729907
101.046,0.728525
101.113,0.720733
101.179,0.718536
101.246,0.716978
101.313,0.71
101.379,0.669087
101.446,0.668556
101.512,0.663561
101.579,0.65421
101.646,0.655875
101.712,0.649499
101.779,0.654741
101.845,0.647373
101.912,0.648932
101.979,0.645106
102.045,0.643442
102.112,0.641281
102.178,0.643796
102.245,0.644398
102.312,0.640608
102.378,0.643229
102.445,0.639368
102.512,0.639262
102.578,0.638093
102.645,0.63912
102.711,0.639333
102.778,0.640679
102.845,0.643194
102.911,0.642025
102.978,0.649038
103.044,0.648542
103.111,0.650207
103.178,0.64709
103.244,0.610216
103.311,0.60593
103.377,0.597499
103.444,0.595551
103.511,0.59169
103.577,0.587581
103.644,0.586554
103.71,0.582693
103.777,0.582409
103.844,0.581418
103.91,0.578903
103.977,0.570224
104.044,0.568843
104.11,0.568276
104.177,0.562963
104.243,0.562042
104.31,0.567178
104.377,0.561935
104.443,0.561794
104.51,0.565159
104.576,0.561475
104.643,0.561794
104.71,0.567674
104.776,0.564273
104.843,0.563813
104.909,0.564663
104.976,0.562042
105.043,0.564734
105.109,0.56863
105.176,0.5766
105.243,0.575254
105.309,0.579115
105.376,0.582834
105.442,0.585952
105.509,0.584393
105.576,0.586731
105.642,0.58627
105.709,0.584499
105.775,0.58117
105.842,0.581984
105.909,0.584783
105.975,0.581311
106.042,0.586377
106.108,0.589069
106.175,0.581559
106.242,0.586943
106.308,0.585279
106.375,0.581099
106.441,0.583366
106.508,0.583366
106.575,0.582091
106.641,0.585597
106.708,0.58921
106.775,0.591194
106.841,0.595374
106.908,0.590911
106.974,0.591513
107.041,0.593001
107.108,0.587475
107.174,0.588644
107.241,0.590663
107.307,0.583755
107.374,0.585456
107.441,0.580603
107.507,0.571995
107.574,0.558889
107.64,0.562963
107.707,0.558464
107.774,0.554851
107.84,0.550034
107.907,0.5472
107.973,0.539478
108.04,0.540753
108.107,0.532606
108.173,0.537423
108.24,0.535865
108.307,0.537671
108.373,0.539195
108.44,0.53753
108.506,0.533881
108.573,0.541214
108.64,0.545039
108.706,0.548511
108.773,0.557189
108.839,0.555276
108.906,0.552265
108.973,0.545216
109.039,0.552194
109.106,0.549325
109.172,0.551946
109.239,0.549609
109.306,0.540434
109.372,0.543445
109.439,0.541532
109.505,0.539088
109.572,0.538415
109.639,0.53753
109.705,0.534235
109.772,0.53335
109.839,0.530658
109.905,0.526903
109.972,0.530516
110.038,0.531402
110.105,0.533633
110.172,0.533173
110.238,0.532748
110.305,0.535192
110.371,0.53838
110.438,0.54132
110.505,0.540824
110.571,0.543268
110.638,0.537317
110.704,0.544614
110.771,0.54341
110.838,0.543233
110.904,0.546704
110.971,0.538061
111.038,0.541036
111.104,0.538628
111.171,0.535829
111.237,0.535227
111.304,0.53505
111.371,0.528001
111.437,0.525734
111.504,0.519819
111.57,0.509121
111.637,0.507598
111.704,0.499911
111.77,0.500266
111.837,0.498565
111.903,0.498282
111.97,0.496759
112.037,0.495519
112.103,0.495307
112.17,0.492296
112.236,0.488435
112.303,0.481067
112.37,0.479579
112.436,0.477737
112.503,0.486628
112.57,0.482661
112.636,0.480748
112.703,0.496334
112.769,0.500266
112.836,0.504693
112.903,0.512699
112.969,0.521802
113.036,0.523113
113.102,0.536432
113.169,0.538238
113.236,0.541709
113.302,0.547944
113.369,0.551521
113.435,0.552301
113.502,0.558074
113.569,0.560306
113.635,0.560837
113.702,0.559527
113.768,0.555914
113.835,0.55269
113.902,0.549325
113.968,0.546633
114.035,0.546775
114.102,0.541178
114.168,0.542382
114.235,0.546031
114.301,0.536609
114.368,0.532712
114.435,0.528603
114.501,0.525203
114.568,0.523644
114.634,0.528426
114.701,0.521625
114.768,0.516418
114.834,0.51532
114.901,0.516985
114.967,0.523042
115.034,0.523325
115.101,0.522511
115.167,0.525238
115.234,0.526584
115.3,0.498813
115.367,0.478056
115.434,0.472318
115.5,0.454607
115.567,0.459318
115.634,0.434381
115.7,0.44058
115.767,0.422125
115.833,0.412809
115.9,0.402607
115.967,0.389218
116.033,0.379795
116.1,0.380539
116.166,0.366299
116.233,0.357019
116.3,0.355956
116.366,0.351174
116.433,0.343558
116.499,0.330523
116.566,0.329567
116.633,0.325741
116.699,0.325245
116.766,0.324253
116.833,0.319507
116.899,0.321455
116.966,0.324749
117.032,0.320782
117.099,0.321986
117.166,0.321136
117.232,0.320995
117.299,0.321101
117.365,0.316744
117.432,0.314123
117.499,0.309412
117.565,0.31012
117.632,0.308066
117.698,0.314973
117.765,0.313308
117.832,0.318019
117.898,0.316284
117.965,0.318303
118.031,0.325812
118.098,0.321278
118.165,0.318976
118.231,0.322164
118.298,0.324395
118.365,0.322128
118.431,0.315646
118.498,0.313591
118.564,0.313627
118.631,0.311962
118.698,0.309695
118.764,0.304027
118.831,0.302717
118.897,0.295668
118.964,0.297687
119.031,0.292692
119.097,0.285218
119.164,0.278382
119.23,0.277886
119.297,0.26942
119.364,0.265807
119.43,0.259537
119.497,0.257058
119.563,0.250186
119.63,0.247954
119.697,0.240339
119.763,0.240197
119.83,0.238709
119.897,0.238461
119.963,0.234423
120.03,0.232227
120.096,0.2346
120.163,0.23538
120.23,0.230066
120.296,0.234281
120.363,0.2346
120.429,0.238674
120.496,0.237221
120.563,0.236371
120.629,0.234671
120.696,0.236053
120.762,0.233927
120.829,0.228968
120.896,0.228118
120.962,0.221742
121.029,0.22153
121.095,0.220325
121.162,0.228401
121.229,0.229747
121.295,0.234707
121.362,0.241153
121.429,0.239418
121.495,0.243172
121.562,0.24629
121.628,0.249442
121.695,0.248875
121.762,0.253197
121.828,0.248025
121.895,0.24884
121.961,0.251886
122.028,0.24675
122.095,0.244235
122.161,0.239489
122.228,0.238213
122.294,0.229818
122.361,0.222557
122.428,0.221848
122.494,0.217137
122.561,0.215366
122.628,0.208494
122.694,0.206865
122.761,0.202047
122.827,0.201445
122.894,0.19932
122.961,0.192909
123.027,0.186533
123.094,0.185647
123.16,0.181751
123.227,0.182672
123.294,0.174985
123.36,0.167475
123.427,0.165917
123.493,0.158868
123.56,0.158407
123.627,0.15777
123.693,0.160922
123.76,0.161879
123.826,0.1628
123.893,0.16744
123.96,0.161843
124.026,0.164146
124.093,0.162198
124.16,0.156495
124.226,0.154617
124.293,0.151606
124.359,0.156778
124.426,0.161666
124.493,0.164854
124.559,0.170805
124.626,0.167759
124.692,0.171974
124.759,0.173497
124.826,0.174347
124.892,0.172824
124.959,0.175587
125.025,0.170203
125.092,0.169742
125.159,0.170238
125.225,0.172364
125.292,0.171336
125.358,0.174277
125.425,0.177039
125.492,0.181467
125.558,0.182034
125.625,0.18423
125.692,0.19181
125.758,0.200631
125.825,0.200064
125.891,0.205448
125.958,0.211788
126.025,0.212143
126.091,0.218554
126.158,0.224292
126.224,0.227835
126.291,0.227728
126.358,0.238178
126.424,0.241968
126.491,0.248911
126.557,0.260281
126.624,0.263823
126.691,0.273777
126.757,0.284014
126.824,0.286635
126.89,0.29
126.957,0.297829
127.024,0.29751
127.09,0.295703
127.157,0.289327
127.224,0.290248
127.29,0.285112
127.357,0.286104
127.423,0.280897
127.49,0.279055
127.557,0.273281
127.623,0.273848
127.69,0.267472
127.756,0.264142
127.823,0.265878
127.89,0.256845
127.956,0.258475
128.023,0.257837
128.089,0.251178
128.156,0.246042
128.223,0.22996
128.289,0.233431
128.356,0.227374
128.422,0.225674
128.489,0.213453
128.556,0.211434
128.622,0.209026
128.689,0.205306
128.756,0.193298
128.822,0.186816
128.889,0.182849
128.955,0.174914
129.022,0.171549
129.089,0.16411
129.155,0.164535
129.222,0.158514
129.288,0.153767
129.355,0.150792
129.422,0.150225
129.488,0.149694
129.555,0.144203
129.621,0.147675
129.688,0.13719
129.755,0.12929
129.821,0.124721
129.888,0.117601
129.955,0.110092
130.021,0.105629
130.088,0.100457
130.154,0.0925224
130.221,0.0875987
130.288,0.0803372
130.354,0.0753073
130.421,0.0728277
130.487,0.0665226
130.554,0.0643264
130.621,0.0644681
130.687,0.0586589
130.754,0.0541603
130.82,0.052035
130.887,0.0499805
130.954,0.0449152
131.02,0.0432503
131.087,0.0377953
131.153,0.0362368
131.22,0.0309943
131.287,0.0273812
131.353,0.0233077
131.42,0.0230243
131.487,0.0203323
131.553,0.0153023
131.62,0.0132478
131.686,0.00956395
131.753,0.00616344
131.82,0.00435691
131.886,0.00155857
131.953,0.00017711
132.019,0
132.086,0.00134604
132.153,0.00255039
132.219,0.0027275
132.286,0.00301087
132.352,0.0033651
132.419,0.00315256
132.486,0.00311714
132.552,0.00325883
132.619,0.0033651
132.685,0.00350678
132.752,0.00410896
132.819,0.00474656
132.885,0.00502993
132.952,0.00428607
133.019,0.00435691
133.085,0.00421522
133.152,0.00584464
133.218,0.00570295
133.285,0.00676561
133.352,0.00967022
133.418,0.012256
133.485,0.0189862
133.551,0.0279834
133.618,0.0318444
133.685,0.0428607
133.751,0.05455
133.818,0.0601466
133.884,0.0739612
133.951,0.0840565
134.018,0.0899366
134.084,0.100067
134.151,0.109312
134.217,0.117495
134.284,0.128759
134.351,0.138429
134.417,0.147639
134.484,0.158053
134.551,0.166271
134.617,0.170416
134.684,0.177748
134.75,0.187312
134.817,0.197088
134.884,0.207361
134.95,0.214728
135.017,0.21866
135.083,0.227232
135.15,0.234211
135.217,0.235521
135.283,0.23917
135.35,0.248309
135.416,0.244908
135.483,0.242003
135.55,0.237717
135.616,0.229818
135.683,0.225426
135.75,0.219333
135.816,0.214374
135.883,0.209486
135.949,0.204527
136.016,0.198541
136.083,0.191102
136.149,0.184372
136.216,0.179979
136.282,0.165244
136.349,0.155574
136.416,0.151819
136.482,0.144097
136.549,0.137438
136.615,0.136056
136.682,0.124367
136.749,0.114449
136.815,0.116043
136.882,0.111438
136.948,0.102405
137.015,0.105203
137.082,0.0916369
137.148,0.0821083
137.215,0.0786015
137.282,0.0720485
137.348,0.0675499
137.415,0.062697
137.481,0.0600758
137.548,0.0566753
137.615,0.0551521
137.681,0.0514328
137.748,0.0485282
137.814,0.0505473
137.881,0.0443484
137.948,0.042967
138.014,0.0458361
138.081,0.041798
138.147,0.0392831
138.214,0.0380787
138.281,0.0331196
138.347,0.0301796
138.414,0.0297899
138.48,0.0281251
138.547,0.0241224
138.614,0.0228826
138.68,0.0187028
138.747,0.0145585
138.814,0.0134958
138.88,0.0123623
138.947,0.0121498
139.013,0.0122915
139.08,0.0132478
139.147,0.0135312
139.213,0.0133187
139.28,0.0122915
139.346,0.0119727
139.413,0.0124331
139.48,0.0130707
139.546,0.013177
139.613,0.0134958
139.679,0.0142042
139.746,0.0139563
139.813,0.0141334
139.879,0.0136729
139.946,0.01385
140.012,0.0144522
140.079,0.0164358
140.146,0.0185257
140.212,0.0199072
140.279,0.0233786
140.346,0.0265311
140.412,0.0287627
140.479,0.0332259
140.545,0.0399207
140.612,0.0426836
140.679,0.0498388
140.745,0.0557543
140.812,0.059084
140.878,0.0644681
140.945,0.0705253
141.012,0.0739258
141.078,0.0805852
141.145,0.0893344
141.211,0.0952499
141.278,0.105806
141.345,0.115901
141.411,0.122596
141.478,0.134108
141.545,0.143707
141.611,0.147285
141.678,0.162127
141.744,0.177358
141.811,0.181113
141.878,0.187666
141.944,0.192519
142.011,0.196982
142.077,0.201764
142.144,0.205731
142.211,0.207502
142.277,0.207502
142.344,0.212532
142.41,0.213205
142.477,0.215331
142.544,0.219723
142.61,0.219227
142.677,0.216854
142.743,0.217279
142.81,0.214693
142.877,0.212497
142.943,0.211682
143.01,0.211611
143.077,0.210053
143.143,0.209096
143.21,0.206546
143.276,0.203748
143.343,0.197513
143.41,0.197407
143.476,0.203145
143.543,0.213028
143.609,0.218696
143.676,0.224044
143.743,0.228437
143.809,0.229287
143.876,0.230456
143.942,0.229393
144.009,0.229039
144.076,0.228826
144.142,0.230987
144.209,0.22787
144.275,0.224576
144.342,0.217173
144.409,0.218519
144.475,0.215933
144.542,0.209557
144.609,0.20899
144.675,0.198364
144.742,0.19429
144.808,0.192306
144.875,0.184832
144.942,0.177358
145.008,0.170805
145.075,0.16156
145.141,0.153767
145.208,0.145762
145.275,0.138146
145.341,0.128901
145.408,0.126846
145.474,0.119337
145.541,0.111154
145.608,0.108037
145.674,0.100351
145.741,0.0939039
145.807,0.0911055
145.874,0.0787078
145.941,0.0720485
146.007,0.0695335
146.074,0.0617052
146.141,0.0571358
146.207,0.0528851
146.274,0.0473947
146.34,0.0426836
146.407,0.0411958
146.474,0.0370869
146.54,0.0332613
146.607,0.0313131
146.673,0.0277355
146.74,0.024087
146.807,0.0219617
146.873,0.0217491
146.94,0.0216429
147.006,0.0217137
147.073,0.0205094
147.14,0.0197655
147.206,0.0196592
147.273,0.0190925
147.34,0.0172151
147.406,0.0159045
147.473,0.0146293
147.539,0.0133541
147.606,0.0124331
147.673,0.0123977
147.739,0.0121143
147.806,0.0117955
147.872,0.0113705
147.939,0.0116893
148.006,0.0120789
148.072,0.0125394
148.139,0.0125394
148.205,0.0134604
148.272,0.0133541
148.339,0.013425
148.405,0.0132478
148.472,0.0134604
148.538,0.0131416
148.605,0.0132124
148.672,0.0134604
148.738,0.0134958
148.805,0.0137083
148.872,0.013177
148.938,0.0134958
149.005,0.0134958
149.071,0.0137792
149.138,0.0138854
149.205,0.014523
149.271,0.0144168
149.338,0.0139209
149.404,0.0143105
149.471,0.0149835
149.538,0.0157982
149.604,0.0157628
149.671,0.0158337
149.737,0.0155857
149.804,0.0156211
149.871,0.0161525
149.937,0.0168255
150.004,0.0165775
150.07,0.017286
150.137,0.0179944
150.204,0.0179236
150.27,0.018384
150.337,0.0189862
150.404,0.0193404
150.47,0.019978
150.537,0.0195176
150.603,0.0190571
150.67,0.0189862
150.737,0.0190216
150.803,0.0183132
150.87,0.0183486
150.936,0.0181715
151.003,0.0182778
151.07,0.0202968
151.136,0.0234848
151.203,0.0262832
151.269,0.030888
151.336,0.034749
151.403,0.037512
151.469,0.0460841
151.536,0.0486699
151.602,0.0505473
151.669,0.0537707
151.736,0.057242
151.802,0.0597924
151.869,0.0602529
151.936,0.064291
152.002,0.0646452
152.069,0.0683291
152.135,0.0716588
152.202,0.0734299
152.269,0.0759803
152.335,0.0780702
152.402,0.0788495
152.468,0.0794162
152.535,0.0808685
152.602,0.0810457
152.668,0.0823917
152.735,0.0811873
152.801,0.0819666
152.868,0.0800893
152.935,0.0817895
153.001,0.0824625
153.068,0.0805852
153.135,0.083596
153.201,0.0869611
153.268,0.0907159
153.334,0.0893698
153.401,0.089547
153.468,0.0887322
153.534,0.0886614
153.601,0.0881301
153.667,0.0871028
153.734,0.0860402
153.801,0.0852609
153.867,0.0890865
153.934,0.0904679
154,0.0884843
154.067,0.0875633
154.134,0.0821437
154.2,0.0803726
154.267,0.0747051
154.333,0.0710921
154.4,0.0687542
154.467,0.0647869
154.533,0.0657788
154.6,0.062945
154.667,0.0606071
154.733,0.0593319
154.8,0.0557897
154.866,0.0519287
154.933,0.0521413
155,0.0489179
155.066,0.0506535
155.133,0.0492367
155.199,0.0480323
155.266,0.0471468
155.333,0.0443838
155.399,0.0445609
155.466,0.0425419
155.532,0.0399207
155.599,0.0387163
155.666,0.0369452
155.732,0.0354221
155.799,0.0348199
155.865,0.0323758
155.932,0.0313485
155.999,0.030215
156.065,0.0284793
156.132,0.0283376
156.199,0.0277709
156.265,0.0264603
156.332,0.0251142
156.398,0.0240162
156.465,0.0244412
156.532,0.0257164
156.598,0.0265311
156.665,0.0256456
156.731,0.0247246
156.798,0.0249371
156.865,0.0242641
156.931,0.0235557
156.998,0.0223513
157.064,0.0212178
157.131,0.0207219
157.198,0.0201551
157.264,0.0192342
157.331,0.01888
157.397,0.0195884
157.464,0.019553
157.531,0.0183132
157.597,0.018384
157.664,0.0181715
157.731,0.0190216
157.797,0.0175693
157.864,0.0173214
157.93,0.0184195
157.997,0.0178881
158.064,0.0185612
158.13,0.0178881
158.197,0.0180298
158.263,0.0168963
158.33,0.0154794
158.397,0.0167192
158.463,0.0162941
158.53,0.0154794
158.596,0.0147002
158.663,0.0149127
158.73,0.0214658
158.796,0.0271687
158.863,0.0447381
158.93,0.0596507
158.996,0.0648224
159.063,0.0784598
159.129,0.081329
159.196,0.0810457
159.263,0.0807623
159.329,0.0787786
159.396,0.079983
159.462,0.0788141
159.529,0.0786724
159.596,0.078389
159.662,0.0769721
159.729,0.0753427
159.795,0.0736424
159.862,0.0739258
159.929,0.0713046
159.995,0.0708795
160.062,0.0689667
160.128,0.0698169
160.195,0.0675499
160.262,0.0673373
160.328,0.067727
160.395,0.0661684
160.462,0.0628387
160.528,0.062945
160.595,0.0617761
160.661,0.062945
160.728,0.0623782
160.795,0.0602883
160.861,0.0555772
160.928,0.0510432
160.994,0.0495555
161.061,0.0495555
161.128,0.0473593
161.194,0.0465446
161.261,0.0411958
161.327,0.0374057
161.394,0.0351387
161.461,0.0307818
161.527,0.0272396
161.594,0.0252205
161.66,0.0212178
161.727,0.0189508
161.794,0.0172505
161.86,0.0141334
161.927,0.0117601
161.994,0.01091
162.06,0.0231306
162.127,0.037937
162.193,0.0439233
162.26,0.0512557
162.327,0.0535936
162.393,0.054302
162.46,0.0569587
162.526,0.0588006
162.593,0.058163
162.66,0.0587298
162.726,0.0574191
162.793,0.0583755
162.859,0.0589069
162.926,0.0586589
162.993,0.0591903
163.059,0.0575608
163.126,0.0586235
163.192,0.0572066
163.259,0.0564982
163.326,0.056817
163.392,0.0570649
163.459,0.0551876
163.526,0.0545854
163.592,0.0549042
163.659,0.0529914
163.725,0.0533456
163.792,0.0539478
163.859,0.0535581
163.925,0.052708
163.992,0.0521413
164.058,0.0523892
164.125,0.0491658
164.192,0.0467217
164.258,0.0452694
164.325,0.0394247
164.391,0.0375828
164.458,0.0335801
164.525,0.030463
164.591,0.0291878
164.658,0.0265311
164.725,0.0240162
164.791,0.0242287
164.858,0.022245
164.924,0.0245829
164.991,0.0267437
165.058,0.0263894
165.124,0.0277
165.191,0.0278417
165.257,0.0258935
165.324,0.0255039
165.391,0.0253268
165.457,0.0255393
165.524,0.0253268
165.59,0.026354
165.657,0.0258935
165.724,0.0260352
165.79,0.0262123
165.857,0.0260352
165.923,0.0269208
165.99,0.0271333
166.057,0.026602
166.123,0.0266728
166.19,0.0259644
166.257,0.025681
166.323,0.0257164
166.39,0.025433
166.456,0.0253268
166.523,0.0258935
166.59,0.0258227
166.656,0.0252913
166.723,0.0262832
166.789,0.0260352
166.856,0.0249725
166.923,0.0253268
166.989,0.0249371
167.056,0.0319861
167.122,0.0434274
167.189,0.0493429
167.256,0.0598278
167.322,0.0688251
167.389,0.0726152
167.455,0.0780702
167.522,0.079062
167.589,0.0784598
167.655,0.0767596
167.722,0.0756615
167.789,0.0758032
167.855,0.0761574
167.922,0.075449
167.988,0.0760511
168.055,0.0751656
168.122,0.0748468
168.188,0.075874
168.255,0.0769721
168.321,0.0774326
168.388,0.0790974
168.455,0.0787078
168.521,0.080231
168.588,0.0788495
168.654,0.0788141
168.721,0.0795579
168.788,0.0833481
168.854,0.082498
168.921,0.0815061
168.987,0.0823917
169.054,0.0788141
169.121,0.0776451
169.187,0.0795225
169.254,0.077043
169.321,0.0763699
169.387,0.0759449
169.454,0.0745634
169.52,0.0746343
169.587,0.0745988
169.654,0.0766179
169.72,0.075874
169.787,0.0770075
169.853,0.0733945
169.92,0.0715171
169.987,0.0700294
170.053,0.0671956
170.12,0.063866
170.186,0.062272
170.253,0.0606426
170.32,0.0577379
170.386,0.0546562
170.453,0.0496971
170.52,0.0456944
170.586,0.0451631
170.653,0.0388934
170.719,0.0348199
170.786,0.0315965
170.853,0.0281251
170.919,0.0244766
170.986,0.023166
171.052,0.0201551
171.119,0.0170026
171.186,0.0163296
171.252,0.0148773
171.319,0.014098
171.385,0.0139563
171.452,0.013425
171.519,0.0134958
171.585,0.0136021
171.652,0.0136375
171.718,0.0136375
171.785,0.0135312
171.852,0.0136021
171.918,0.0135312
171.985,0.0135312
172.052,0.013425
172.118,0.0133895
172.185,0.0133541
172.251,0.0132833
172.318,0.0132124
172.385,0.0134604
172.451,0.0134958
172.518,0.0135666
172.584,0.0137792
172.651,0.0139917
172.718,0.01385
172.784,0.0139209
172.851,0.0138854
172.917,0.0137083
172.984,0.0137438
173.051,0.0136729
173.117,0.013425
173.184,0.013425
173.25,0.0134604
173.317,0.0133895
173.384,0.0134604
173.45,0.0134604
173.517,0.0137792
173.584,0.0137083
173.65,0.01385
173.717,0.0140271
173.783,0.0139917
173.85,0.0138854
173.917,0.0134604
173.983,0.0134958
174.05,0.0135312
174.116,0.0133895
174.183,0.013425
174.25,0.0134958
174.316,0.0131416
174.383,0.0130353
174.449,0.012929
174.516,0.0129645
174.583,0.013177
174.649,0.0133541
174.716,0.0133541
174.782,0.0133895
174.849,0.0163296
174.916,0.0222096
174.982,0.0261061
175.049,0.0322695
175.116,0.0386809
175.182,0.0420814
175.249,0.0454111
175.315,0.0483865
175.382,0.0498743
175.449,0.0530268
175.515,0.0560731
175.582,0.0561085
175.648,0.0625908
175.715,0.0733945
175.782,0.0795225
175.848,0.0903617
175.915,0.0995005
175.981,0.103043
176.048,0.11753
176.115,0.130318
176.181,0.136552
176.248,0.145549
176.315,0.154936
176.381,0.155645
176.448,0.160887
176.514,0.163721
176.581,0.163012
176.648,0.162233
176.714,0.163402
176.781,0.163083
176.847,0.164181
176.914,0.1645
176.981,0.167015
177.047,0.169069
177.114,0.166413
177.18,0.165988
177.247,0.167546
177.314,0.167298
177.38,0.165031
177.447,0.162162
177.513,0.157947
177.58,0.154936
177.647,0.152173
177.713,0.150756
177.78,0.150863
177.847,0.148808
177.913,0.146754
177.98,0.147922
178.046,0.148843
178.113,0.152952
178.18,0.154865
178.246,0.151677
178.313,0.152634
178.379,0.151748
178.446,0.148383
178.513,0.146258
178.579,0.14647
178.646,0.142184
178.712,0.137508
178.779,0.135525
178.846,0.13216
178.912,0.129078
178.979,0.126988
179.045,0.126457
179.112,0.124792
179.179,0.124934
179.245,0.121781
179.312,0.118026
179.379,0.116043
179.445,0.111473
179.512,0.110269
179.578,0.106089
179.645,0.102016
179.712,0.0970564
179.778,0.0937976
179.845,0.0918848
179.911,0.0874925
179.978,0.0844462
180.045,0.0801955
180.111,0.0748822
180.178,0.073182
180.244,0.0703836
180.311,0.0660976
180.378,0.0630867
180.444,0.0599695
180.511,0.0585172
180.577,0.0562502
180.644,0.0547625
180.711,0.0550813
180.777,0.0559668
180.844,0.0559314
180.911,0.0566753
180.977,0.0555418
181.044,0.0557189
181.11,0.0554001
181.177,0.0554709
181.244,0.054975
181.31,0.05455
181.377,0.0549042
181.443,0.0544437
181.51,0.0543374
181.577,0.0547625
181.643,0.0558606
181.71,0.060678
181.776,0.0628033
181.843,0.0694626
181.91,0.0769721
181.976,0.0793808
182.043,0.0843753
182.109,0.0858276
182.176,0.088626
182.243,0.09022
182.309,0.0943289
182.376,0.0941518
182.443,0.0956395
182.509,0.0965959
182.576,0.0984733
182.642,0.0971627
182.709,0.0978003
182.776,0.0971627
182.842,0.0954624
182.909,0.0957812
182.975,0.0966668
183.042,0.0978711
183.109,0.0953562
183.175,0.0950019
183.242,0.0951082
183.308,0.0948248
183.375,0.0960646
183.442,0.0946477
183.508,0.0950728
183.575,0.0945415
183.642,0.0943289
183.708,0.0946831
183.775,0.0949665
183.841,0.0953562
183.908,0.0947186
183.975,0.0947894
184.041,0.0953916
184.108,0.0956395
184.174,0.096348
184.241,0.0979066
184.308,0.0992526
184.374,0.0987567
184.441,0.100669
184.507,0.101201
184.574,0.101484
184.641,0.102193
184.707,0.103787
184.774,0.106089
184.84,0.104247
184.907,0.106408
184.974,0.103397
185.04,0.104672
185.107,0.102689
185.174,0.105274
185.24,0.103751
185.307,0.104849
185.373,0.107045
185.44,0.106054
185.507,0.106018
185.573,0.103751
185.64,0.103503
185.706,0.101909
185.773,0.102653
185.84,0.102511
185.906,0.10492
185.973,0.104283
186.039,0.104637
186.106,0.103007
186.173,0.103255
186.239,0.104035
186.306,0.102511
186.372,0.103574
186.439,0.103397
186.506,0.102263
186.572,0.103893
186.639,0.103362
186.706,0.103468
186.772,0.104389
186.839,0.104495
186.905,0.104389
186.972,0.104318
187.039,0.104991
187.105,0.104849
187.172,0.103432
187.238,0.103043
187.305,0.104212
187.372,0.105062
187.438,0.105664
187.505,0.106691
187.571,0.106443
187.638,0.107081
187.705,0.106727
187.771,0.107116
187.838,0.106833
187.904,0.106762
187.971,0.106727
188.038,0.107435
188.104,0.107506
188.171,0.107612
188.238,0.106797
188.304,0.10616
188.371,0.107329
188.437,0.107754
188.504,0.107825
188.571,0.10871
188.637,0.109667
188.704,0.109808
188.77,0.110127
188.837,0.110375
188.904,0.110198
188.97,0.110127
189.037,0.109631
189.103,0.108887
189.17,0.108462
189.237,0.108639
189.303,0.108108
189.37,0.108675
189.437,0.107789
189.503,0.107931
189.57,0.107612
189.636,0.107825
189.703,0.108321
189.77,0.107718
189.836,0.107754
189.903,0.108462
189.969,0.107683
190.036,0.108144
190.103,0.107825
190.169,0.107612
190.236,0.107329
190.302,0.107258
190.369,0.10786
190.436,0.108108
190.502,0.108108
190.569,0.105274
190.635,0.105664
190.702,0.105629
190.769,0.105522
190.835,0.106868
190.902,0.108179
190.969,0.107577
191.035,0.107471
191.102,0.108569
191.168,0.109277
191.235,0.108887
191.302,0.108746
191.368,0.109844
191.435,0.108994
191.501,0.109065
191.568,0.108817
191.635,0.108073
191.701,0.107754
191.768,0.107045
191.834,0.107364
191.901,0.108037
191.968,0.108639
192.034,0.109596
192.101,0.110729
192.167,0.110588
192.234,0.110977
192.301,0.111084
192.367,0.111898
192.434,0.111934
192.501,0.112961
192.567,0.1125
192.634,0.111827
192.7,0.110942
192.767,0.110906
192.834,0.108781
192.9,0.108569
192.967,0.109029
193.033,0.108923
193.1,0.109348
193.167,0.110056
193.233,0.109985
193.3,0.109738
193.366,0.109631
193.433,0.10871
193.5,0.108285
193.566,0.10786
193.633,0.107931
193.699,0.108639
193.766,0.108604
193.833,0.107718
193.899,0.108639
193.966,0.108852
194.033,0.108817
194.099,0.109065
194.166,0.108887
194.232,0.108923
194.299,0.10871
194.366,0.108781
194.432,0.108427
194.499,0.107648
194.565,0.108179
194.632,0.107718
194.699,0.108285
194.765,0.10871
194.832,0.108675
194.898,0.108144
194.965,0.108144
195.032,0.109029
195.098,0.10871
195.165,0.108958
195.232,0.110623
195.298,0.111119
195.365,0.111579
195.431,0.1125
195.498,0.11204
195.565,0.112642
195.631,0.112784
195.698,0.112926
195.764,0.112961
195.831,0.113599
195.898,0.114094
195.964,0.114519
196.031,0.115334
196.097,0.115334
196.164,0.115547
196.231,0.115688
196.297,0.116822
196.364,0.117176
196.43,0.118522
196.497,0.119762
196.564,0.120683
196.63,0.121746
196.697,0.122029
196.764,0.122383
196.83,0.124615
196.897,0.126528
196.963,0.128086
197.03,0.130353
197.097,0.132726
197.163,0.135348
197.23,0.137721
197.296,0.140378
197.363,0.141511
197.43,0.142751
197.496,0.146329
197.563,0.147852
197.629,0.151075
197.696,0.154086
197.763,0.155397
197.829,0.158089
197.896,0.160958
197.962,0.163048
198.029,0.166554
198.096,0.170203
198.162,0.171655
198.229,0.175091
198.296,0.178881
198.362,0.180192
198.429,0.183805
198.495,0.186178
198.562,0.188056
198.629,0.192838
198.695,0.198505
198.762,0.20056
198.828,0.204385
198.895,0.215295
198.962,0.216712
199.028,0.221034
199.095,0.226205
199.161,0.230775
199.228,0.237824
199.295,0.246148
199.361,0.249655
199.428,0.256916
199.494,0.262513
199.561,0.265984
199.628,0.271227
199.694,0.280082
199.761,0.286069
199.828,0.296093
199.894,0.304453
199.961,0.307995
200.027,0.315292
200.094,0.321384
200.161,0.323545
200.227,0.331196
200.294,0.34246
200.36,0.346003
200.427,0.356133
200.494,0.363395
200.56,0.367964
200.627,0.375686
200.693,0.386738
200.76,0.391166
200.827,0.412738
200.893,0.427225
200.96,0.433956
201.027,0.447593
201.093,0.459389
201.16,0.466827
201.226,0.474408
201.293,0.480713
201.36,0.483794
201.426,0.489852
201.493,0.490418
201.559,0.49389
201.626,0.491623
201.693,0.493783
201.759,0.49605
201.826,0.496121
201.892,0.494811
201.959,0.495236
202.026,0.493819
202.092,0.49311
202.159,0.492792
202.225,0.496546
202.292,0.500195
202.359,0.501257
202.425,0.50147
202.492,0.47253
202.559,0.472672
202.625,0.46959
202.692,0.466473
202.758,0.468244
202.825,0.470157
202.892,0.469626
202.958,0.469874
203.025,0.469484
203.091,0.470051
203.158,0.469767
203.225,0.465587
203.291,0.468138
203.358,0.466721
203.424,0.465942
203.491,0.465587
203.558,0.465552
203.624,0.471149
203.691,0.476072
203.757,0.479437
203.824,0.486026
203.891,0.492012
203.957,0.493748
204.024,0.499345
204.091,0.503454
204.157,0.507208
204.224,0.50983
204.29,0.513939
204.357,0.514753
204.424,0.516808
204.49,0.523077
204.557,0.522617
204.623,0.523892
204.69,0.525415
204.757,0.526655
204.823,0.527045
204.89,0.528462
204.956,0.529347
205.023,0.531331
205.09,0.533173
205.156,0.534342
205.223,0.541462
205.289,0.544897
205.356,0.547342
205.423,0.555772
205.489,0.563423
205.556,0.560377
205.623,0.56523
205.689,0.572704
205.756,0.578371
205.822,0.58287
205.889,0.587829
205.956,0.589317
206.022,0.594453
206.089,0.596118
206.155,0.59672
206.222,0.595409
206.289,0.594028
206.355,0.589352
206.422,0.584747
206.488,0.58248
206.555,0.580603
206.622,0.574935
206.688,0.571287
206.755,0.57033
206.822,0.567213
206.888,0.566363
206.955,0.563494
207.021,0.560519
207.088,0.560094
207.155,0.559775
207.221,0.558535
207.288,0.55641
207.354,0.556941
207.421,0.555524
207.488,0.554851
207.554,0.552159
207.621,0.551876
207.687,0.551344
207.754,0.550848
207.821,0.548156
207.887,0.54975
207.954,0.549679
208.02,0.548794
208.087,0.552549
208.154,0.551486
208.22,0.553151
208.287,0.555418
208.354,0.554922
208.42,0.557224
208.487,0.560271
208.553,0.562963
208.62,0.564769
208.687,0.567461
208.753,0.56941
208.82,0.573129
208.886,0.574652
208.953,0.574617
209.02,0.576848
209.086,0.577025
209.153,0.577379
209.219,0.580249
209.286,0.581984
209.353,0.581347
209.419,0.583401
209.486,0.584003
209.552,0.585704
209.619,0.587971
209.686,0.587546
209.752,0.587085
209.819,0.587829
209.886,0.588821
209.952,0.588679
210.019,0.588502
210.085,0.589388
210.152,0.588821
210.219,0.589423
210.285,0.5896
210.352,0.589706
210.418,0.589104
210.485,0.590415
210.552,0.592576
210.618,0.592859
210.685,0.594878
210.751,0.592823
210.818,0.594099
210.885,0.593036
210.951,0.593178
211.018,0.593071
211.084,0.593851
211.151,0.592044
211.218,0.591407
211.284,0.591407
211.351,0.5913
211.418,0.591867
211.484,0.590911
211.551,0.590486
211.617,0.590734
211.684,0.591903
211.751,0.592646
211.817,0.591796
211.884,0.593461
211.95,0.59463
212.017,0.597853
212.084,0.601183
212.15,0.602139
212.217,0.604902
212.283,0.606957
212.35,0.609082
212.417,0.608941
212.483,0.610322
212.55,0.609968
212.617,0.610074
212.683,0.611314
212.75,0.610357
212.816,0.609861
212.883,0.610641
212.95,0.610818
213.016,0.611774
213.083,0.610499
213.149,0.610641
213.216,0.608515
213.283,0.609614
213.349,0.610995
213.416,0.610393
213.482,0.610074
213.549,0.609011
213.616,0.610535
213.682,0.610145
213.749,0.609366
213.815,0.609224
213.882,0.609826
213.949,0.610641
214.015,0.609684
214.082,0.609826
214.149,0.609791
214.215,0.60972
214.282,0.610003
214.348,0.609614
214.415,0.610322
214.482,0.610889
214.548,0.609791
214.615,0.60848
214.681,0.608763
214.748,0.60802
214.815,0.609188
214.881,0.607913
214.948,0.607949
215.014,0.607878
215.081,0.607878
215.148,0.60809
215.214,0.607665
215.281,0.60678
215.347,0.60639
215.414,0.605682
215.481,0.605186
215.547,0.606036
215.614,0.607099
215.681,0.607311
215.747,0.606851
215.814,0.607063
215.88,0.606674
215.947,0.606178
216.014,0.605965
216.08,0.605682
216.147,0.605611
216.213,0.605575
216.28,0.605965
216.347,0.604902
216.413,0.604654
216.48,0.604902
216.546,0.604548
216.613,0.605398
216.68,0.605186
216.746,0.605434
216.813,0.60515
216.879,0.605044
216.946,0.605327
217.013,0.604229
217.079,0.605044
217.146,0.606036
217.213,0.605257
217.279,0.605009
217.346,0.604548
217.412,0.605753
217.479,0.605221
217.546,0.604513
217.612,0.604017
217.679,0.604123
217.745,0.603769
217.812,0.604513
217.879,0.604761
217.945,0.605363
218.012,0.606142
218.078,0.605646
218.145,0.606036
218.212,0.606603
218.278,0.607028
218.345,0.607594
218.412,0.607311
218.478,0.607276
218.545,0.60763
218.611,0.607028
218.678,0.606674
218.745,0.606567
218.811,0.606142
218.878,0.607594
218.944,0.607665
219.011,0.606886
219.078,0.606496
219.144,0.606567
219.211,0.605859
219.277,0.605894
219.344,0.606036
219.411,0.606036
219.477,0.605398
219.544,0.605115
219.61,0.604938
219.677,0.604442
219.744,0.604477
219.81,0.604796
219.877,0.604336
219.944,0.604442
220.01,0.604194
220.077,0.604973
220.143,0.605009
220.21,0.604867
220.277,0.605327
220.343,0.604832
220.41,0.605363
220.476,0.60515
220.543,0.607736
220.61,0.607205
220.676,0.607488
220.743,0.607807
220.809,0.606992
220.876,0.605859
220.943,0.606744
221.009,0.607311
221.076,0.606496
221.142,0.605823
221.209,0.605823
221.276,0.605682
221.342,0.60515
221.409,0.605257
221.476,0.605044
221.542,0.606142
221.609,0.605363
221.675,0.606496
221.742,0.606036
221.809,0.60639
221.875,0.605575
221.942,0.607134
222.008,0.606851
222.075,0.60639
222.142,0.606496
222.208,0.604442
222.275,0.604619
222.341,0.604336
222.408,0.605221
222.475,0.603415
222.541,0.604088
222.608,0.604442
222.674,0.604407
222.741,0.603131
222.808,0.602883
222.874,0.603379
222.941,0.602565
223.008,0.60299
223.074,0.602423
223.141,0.602671
223.207,0.601644
223.274,0.602139
223.341,0.603238
223.407,0.60306
223.474,0.603521
223.54,0.604159
223.607,0.604902
223.674,0.605788
223.74,0.605788
223.807,0.606071
223.873,0.607276
223.94,0.607842
224.007,0.607169
224.073,0.607594
224.14,0.607665
224.207,0.607347
224.273,0.606674
224.34,0.606284
224.406,0.605115
224.473,0.604796
224.54,0.604832
224.606,0.604017
224.673,0.603663
224.739,0.603521
224.806,0.602813
224.873,0.601821
224.939,0.601927
225.006,0.601537
225.072,0.601006
225.139,0.6009
225.206,0.600758
225.272,0.601183
225.339,0.601396
225.405,0.601077
225.472,0.601041
225.539,0.599731
225.605,0.599164
225.672,0.598456
225.739,0.598881
225.805,0.59966
225.872,0.599093
225.938,0.599554
226.005,0.599412
226.072,0.598526
226.138,0.598243
226.205,0.598208
226.271,0.59757
226.338,0.598278
226.405,0.59881
226.471,0.599199
226.538,0.599412
226.604,0.599625
226.671,0.600333
226.738,0.600971
226.804,0.601608
226.871,0.602246
226.937,0.602033
227.004,0.602281
227.071,0.602848
227.137,0.602671
227.204,0.60763
227.271,0.60678
227.337,0.607134
227.404,0.607205
227.47,0.607772
227.537,0.60724
227.604,0.607736
227.67,0.608126
227.737,0.60802
227.803,0.607842
227.87,0.607807
227.937,0.608268
228.003,0.60802
228.07,0.607701
228.136,0.607099
228.203,0.606921
228.27,0.606851
228.336,0.606851
228.403,0.606815
228.469,0.606886
228.536,0.606957
228.603,0.606426
228.669,0.606921
228.736,0.606957
228.803,0.607488
228.869,0.617229
228.936,0.616308
229.002,0.615316
229.069,0.614998
229.136,0.614466
229.202,0.614608
229.269,0.61521
229.335,0.614396
229.402,0.614041
229.469,0.613935
229.535,0.613545
229.602,0.6139
229.668,0.614396
229.735,0.614785
229.802,0.614537
229.868,0.614785
229.935,0.614431
230.001,0.614325
230.068,0.615069
230.135,0.614998
230.201,0.614573
230.268,0.61475
230.335,0.614643
230.401,0.614714
230.468,0.614821
230.534,0.619177
230.601,0.619709
230.668,0.619461
230.734,0.620311
230.801,0.620665
230.867,0.620169
230.934,0.62024
231.001,0.619886
231.067,0.619496
231.134,0.619248
231.2,0.617902
231.267,0.617725
231.334,0.617938
231.4,0.616521
231.467,0.615281
231.534,0.615919
231.6,0.616379
231.667,0.616804
231.733,0.616485
231.8,0.615316
231.867,0.615706
231.933,0.614962
232,0.615069
232.066,0.615387
232.133,0.615529
232.2,0.615848
232.266,0.615246
232.333,0.615104
232.399,0.615316
232.466,0.614927
232.533,0.615494
232.599,0.614998
232.666,0.614856
232.732,0.614573
232.799,0.61436
232.866,0.614112
232.932,0.614183
232.999,0.613758
233.066,0.613723
233.132,0.61397
233.199,0.615706
233.265,0.615848
233.332,0.615919
233.399,0.616167
233.465,0.615706
233.532,0.615777
233.598,0.615423
233.665,0.615458
233.732,0.614891
233.798,0.614821
233.865,0.611739
233.931,0.611208
233.998,0.611774
234.065,0.61181
234.131,0.610853
234.198,0.611101
234.264,0.610818
234.331,0.611172
234.398,0.61103
234.464,0.611526
234.531,0.612412
234.598,0.611668
234.664,0.611916
234.731,0.611774
234.797,0.611774
234.864,0.611703
234.931,0.611987
234.997,0.611881
235.064,0.611633
235.13,0.611739
235.197,0.612164
235.264,0.612164
235.33,0.612306
235.397,0.612447
235.463,0.612447
235.53,0.614466
235.597,0.614962
235.663,0.615387
235.73,0.614466
235.796,0.614148
235.863,0.61312
235.93,0.61351
235.996,0.613758
236.063,0.614006
236.13,0.614112
236.196,0.614962
236.263,0.61599
236.329,0.615812
236.396,0.616237
236.463,0.616733
236.529,0.616627
236.596,0.616875
236.662,0.616733
236.729,0.616556
236.796,0.616769
236.862,0.617265
236.929,0.616946
236.995,0.617619
237.062,0.617265
237.129,0.617654
237.195,0.618257
237.262,0.618434
237.329,0.618965
237.395,0.617973
237.462,0.616804
237.528,0.616981
237.595,0.61606
237.662,0.616663
237.728,0.616769
237.795,0.614998
237.861,0.614431
237.928,0.615033
237.995,0.614396
238.061,0.614785
238.128,0.614643
238.194,0.615387
238.261,0.615281
238.328,0.615777
238.394,0.615919
238.461,0.615706
238.527,0.616485
238.594,0.616485
238.661,0.617371
238.727,0.617477
238.794,0.618115
238.861,0.618469
238.927,0.618363
238.994,0.61893
239.06,0.618611
239.127,0.618611
239.194,0.618646
239.26,0.618504
239.327,0.618504
239.393,0.617902
239.46,0.616308
239.527,0.616521
239.593,0.616379
239.66,0.616698
239.726,0.615387
239.793,0.614537
239.86,0.614927
239.926,0.614431
239.993,0.614006
240.059,0.613864
240.126,0.614041
240.193,0.61475
240.259,0.615139
240.326,0.615139
240.393,0.615671
240.459,0.615635
240.526,0.616131
240.592,0.616804
240.659,0.617371
240.726,0.618646
240.792,0.619425
240.859,0.619744
240.925,0.620842
240.992,0.622082
241.059,0.622436
241.125,0.625624
241.192,0.627006
241.258,0.62782
241.325,0.628175
241.392,0.628068
241.458,0.627714
241.525,0.626474
241.591,0.62697
241.658,0.626864
241.725,0.626156
241.791,0.626474
241.858,0.626652
241.925,0.627254
241.991,0.627112
242.058,0.626722
242.124,0.628246
242.191,0.627679
242.258,0.626935
242.324,0.628281
242.391,0.628033
242.457,0.627856
242.524,0.628352
242.591,0.628458
242.657,0.628104
242.724,0.627856
242.79,0.628387
242.857,0.62821
242.924,0.627785
242.99,0.628246
243.057,0.627927
243.124,0.62821
243.19,0.629096
243.257,0.628635
243.323,0.628139
243.39,0.62736
243.457,0.627077
243.523,0.625128
243.59,0.625164
243.656,0.624845
243.723,0.624491
243.79,0.625801
243.856,0.625128
243.923,0.624349
243.989,0.623995
244.056,0.624137
244.123,0.623499
244.189,0.62187
244.256,0.622259
244.322,0.621728
244.389,0.62194
244.456,0.621905
244.522,0.621445
244.589,0.62194
244.656,0.620559
244.722,0.619851
244.789,0.619815
244.855,0.62063
244.922,0.620453
244.989,0.620382
245.055,0.621445
245.122,0.620098
245.188,0.620984
245.255,0.620346
245.322,0.621232
245.388,0.620665
245.455,0.620701
245.521,0.620098
245.588,0.620169
245.655,0.619815
245.721,0.619248
245.788,0.619142
245.854,0.619107
245.921,0.619957
245.988,0.619815
246.054,0.619319
246.121,0.617725
246.188,0.617796
246.254,0.617867
246.321,0.617229
246.387,0.616202
246.454,0.61606
246.521,0.616308
246.587,0.61606
246.654,0.61684
246.72,0.618115
246.787,0.617194
246.854,0.617973
246.92,0.617654
246.987,0.61645
247.053,0.617513
247.12,0.616769
247.187,0.61684
247.253,0.615919
247.32,0.616308
247.386,0.6156
247.453,0.615777
247.52,0.61684
247.586,0.616627
247.653,0.615883
247.72,0.615423
247.786,0.614821
247.853,0.615352
247.919,0.615069
247.986,0.615883
248.053,0.615246
248.119,0.614573
248.186,0.614112
248.252,0.614148
248.319,0.613581
248.386,0.614006
248.452,0.613758
248.519,0.613439
248.585,0.615033
248.652,0.615529
248.719,0.615423
248.785,0.614927
248.852,0.615033
248.919,0.614325
248.985,0.614041
249.052,0.613014
249.118,0.614183
249.185,0.614254
249.252,0.614006
249.318,0.613475
249.385,0.614112
249.451,0.615175
249.518,0.614679
249.585,0.614608
249.651,0.6139
249.718,0.614502
249.784,0.614041
249.851,0.614856
249.918,0.614396
249.984,0.61312
250.051,0.613758
250.117,0.613864
250.184,0.613687
250.251,0.613758
250.317,0.613085
250.384,0.612624
250.451,0.612447
250.517,0.611633
250.584,0.611208
250.65,0.610216
250.717,0.609791
250.784,0.609472
250.85,0.609755
250.917,0.607807
250.983,0.608976
251.05,0.60848
251.117,0.609401
251.183,0.610535
251.25,0.610924
251.316,0.612164
251.383,0.612164
251.45,0.612235
251.516,0.612483
251.583,0.612483
251.649,0.612447
251.716,0.612979
251.783,0.613793
251.849,0.613262
251.916,0.613368
251.983,0.6139
252.049,0.614041
252.116,0.615033
252.182,0.614041
252.249,0.614289
252.316,0.614006
252.382,0.615246
252.449,0.614821
252.515,0.614785
252.582,0.615423
252.649,0.615033
252.715,0.614785
252.782,0.614679
252.848,0.61436
252.915,0.612908
252.982,0.612483
253.048,0.611845
253.115,0.610145
253.181,0.609472
253.248,0.608268
253.315,0.606921
253.381,0.605505
253.448,0.604867
253.515,0.604371
253.581,0.60345
253.648,0.60345
253.714,0.604052
253.781,0.604973
253.848,0.60639
253.914,0.607169
253.981,0.607594
254.047,0.608409
254.114,0.609507
254.181,0.609791
254.247,0.611314
254.314,0.613297
254.38,0.615246
254.447,0.642025
254.514,0.642698
254.58,0.642556
254.647,0.642627
254.714,0.642414
254.78,0.641918
254.847,0.641918
254.913,0.642308
254.98,0.641848
255.047,0.643796
255.113,0.643938
255.18,0.646523
255.246,0.646027
255.313,0.646878
255.38,0.6467
255.446,0.6467
255.513,0.646346
255.579,0.647232
255.646,0.646736
255.713,0.646346
255.779,0.645319
255.846,0.645354
255.912,0.64585
255.979,0.645709
256.046,0.645744
256.112,0.651978
256.179,0.651589
256.246,0.651801
256.312,0.65212
256.379,0.651837
256.445,0.651518
256.512,0.65173
256.579,0.651943
256.645,0.652687
256.712,0.652297
256.778,0.65258
256.845,0.652049
256.912,0.651518
256.978,0.650739
257.045,0.650845
257.111,0.650313
257.178,0.652085
257.245,0.652368
257.311,0.652085
257.378,0.651412
257.444,0.651624
257.511,0.651412
257.578,0.652085
257.644,0.651341
257.711,0.651341
257.778,0.650455
257.844,0.650384
257.911,0.651589
257.977,0.650703
258.044,0.651447
258.111,0.650597
258.177,0.650703
258.244,0.650278
258.31,0.651128
258.377,0.651907
258.444,0.652651
258.51,0.652687
258.577,0.651907
258.643,0.651128
258.71,0.650526
258.777,0.650739
258.843,0.65166
258.91,0.650951
258.976,0.650951
259.043,0.650597
259.11,0.650384
259.176,0.649711
259.243,0.649499
259.31,0.649109
259.376,0.649074
259.443,0.651766
259.509,0.652333
259.576,0.651907
259.643,0.652155
259.709,0.652226
259.776,0.65212
259.842,0.65127
259.909,0.651518
259.976,0.652297
260.042,0.653183
260.109,0.652085
260.175,0.652191
260.242,0.650066
260.309,0.650349
260.375,0.649711
260.442,0.650384
260.509,0.650172
260.575,0.648967
260.642,0.648719
260.708,0.647692
260.775,0.648755
260.842,0.647621
260.908,0.648826
260.975,0.649251
261.041,0.649357
261.108,0.644185
261.175,0.644079
261.241,0.644327
261.308,0.643902
261.374,0.643654
261.441,0.644115
261.508,0.643654
261.574,0.645
261.641,0.645354
261.707,0.646346
261.774,0.645921
261.841,0.64709
261.907,0.647055
261.974,0.648967
262.041,0.649322
262.107,0.648472
262.174,0.648826
262.24,0.648294
262.307,0.648649
262.374,0.648613
262.44,0.64879
262.507,0.649215
262.573,0.64964
262.64,0.649782
262.707,0.650207
262.773,0.656264
262.84,0.656123
262.906,0.656654
262.973,0.655379
263.04,0.654529
263.106,0.654387
263.173,0.653431
263.239,0.652935
263.306,0.654033
263.373,0.653572
263.439,0.65336
263.506,0.655485
263.573,0.654918
263.639,0.655379
263.706,0.655343
263.772,0.657646
263.839,0.657292
263.906,0.656406
263.972,0.654812
264.039,0.656158
264.105,0.65545
264.172,0.655485
264.239,0.657788
264.305,0.657362
264.372,0.656796
264.438,0.660125
264.505,0.660161
264.572,0.660692
264.638,0.664057
264.705,0.661542
264.771,0.660303
264.838,0.658921
264.905,0.658531
264.971,0.658709
265.038,0.660196
265.105,0.659594
265.171,0.661542
265.238,0.66048
265.304,0.658992
265.371,0.655875
265.438,0.656123
265.504,0.65715
265.571,0.659134
265.637,0.657894
265.704,0.658567
265.771,0.658921
265.837,0.659559
265.904,0.658177
265.97,0.655591
266.037,0.655698
266.104,0.654104
266.17,0.653431
266.237,0.653891
266.304,0.65591
266.37,0.656229
266.437,0.655981
266.503,0.655379
266.57,0.654564
266.637,0.6546
266.703,0.653608
266.77,0.653679
266.836,0.653714
266.903,0.653856
266.97,0.655343
267.036,0.654954
267.103,0.654954
267.169,0.654635
267.236,0.655237
267.303,0.65591
267.369,0.655627
267.436,0.655839
267.502,0.654954
267.569,0.655237
267.636,0.654883
267.702,0.654954
267.769,0.655343
267.836,0.654918
267.902,0.655556
267.969,0.65676
268.035,0.657292
268.102,0.657398
268.169,0.656867
268.235,0.657044
268.302,0.657965
268.368,0.657929
268.435,0.657221
268.502,0.656194
268.568,0.651518
268.635,0.651872
268.701,0.649959
268.768,0.649888
268.835,0.648578
268.901,0.648967
268.968,0.649074
269.034,0.647728
269.101,0.651553
269.168,0.651624
269.234,0.651376
269.301,0.650916
269.368,0.649888
269.434,0.643654
269.501,0.642627
269.567,0.643938
269.634,0.645284
269.701,0.642237
269.767,0.6433
269.834,0.643583
269.9,0.64376
269.967,0.643335
270.034,0.646807
270.1,0.647869
270.167,0.651412
270.233,0.653183
270.3,0.654245
270.367,0.652403
270.433,0.652935
270.5,0.65297
270.566,0.653431
270.633,0.655627
270.7,0.656725
270.766,0.657575
270.833,0.661082
270.9,0.661046
270.966,0.660763
271.033,0.661896
271.099,0.678935
271.166,0.677907
271.233,0.678439
271.299,0.678864
271.366,0.677766
271.432,0.676597
271.499,0.678899
271.566,0.678509
271.632,0.675286
271.699,0.674861
271.765,0.675534
271.832,0.673054
271.899,0.673054
271.965,0.67355
272.032,0.672948
272.099,0.670469
272.165,0.668166
272.232,0.668662
272.298,0.665155
272.365,0.66512
272.432,0.664553
272.498,0.663597
272.565,0.664376
272.631,0.666253
272.698,0.664553
272.765,0.666076
272.831,0.663668
272.898,0.663455
272.964,0.664411
273.031,0.665439
273.098,0.666537
273.164,0.666537
273.231,0.668875
273.297,0.666183
273.364,0.664305
273.431,0.664553
273.497,0.663597
273.564,0.662534
273.631,0.664376
273.697,0.665014
273.764,0.665722
273.83,0.665545
273.897,0.66558
273.964,0.665793
274.03,0.665049
274.097,0.663668
274.163,0.663561
274.23,0.663738
274.297,0.664305
274.363,0.663809
274.43,0.670256
274.496,0.670469
274.563,0.670008
274.63,0.669902
274.696,0.670362
274.763,0.670185
274.829,0.671212
274.896,0.670681
274.963,0.671212
275.029,0.671106
275.096,0.671886
275.163,0.673161
275.229,0.674153
275.296,0.673657
275.362,0.672877
275.429,0.672488
275.496,0.671248
275.562,0.671708
275.629,0.672452
275.695,0.672488
275.762,0.671921
275.829,0.671567
275.895,0.671496
275.962,0.672665
276.028,0.673905
276.095,0.680103
276.162,0.681839
276.228,0.681449
276.295,0.681804
276.361,0.681308
276.428,0.681095
276.495,0.679253
276.561,0.67936
276.628,0.680139
276.695,0.681414
276.761,0.682725
276.828,0.682512
276.894,0.679891
276.961,0.680245
277.028,0.6823
277.094,0.6823
277.161,0.682866
277.227,0.681875
277.294,0.683539
277.361,0.684212
277.427,0.683752
277.494,0.683256
277.56,0.683539
277.627,0.686373
277.694,0.689065
277.76,0.690411
277.827,0.69073
277.894,0.693847
277.96,0.696858
278.027,0.699727
278.093,0.703234
278.16,0.705395
278.227,0.709114
278.293,0.708512
278.36,0.713329
278.426,0.712408
278.493,0.714852
278.56,0.716907
278.626,0.719564
278.693,0.723106
278.759,0.725337
278.826,0.728242
278.893,0.731501
278.959,0.732351
279.026,0.732493
279.092,0.735539
279.159,0.736495
279.226,0.738727
279.292,0.742375
279.359,0.743473
279.426,0.747087
279.492,0.749354
279.559,0.750877
279.625,0.751408
279.692,0.756686
279.759,0.75286
279.825,0.758422
279.892,0.758457
279.958,0.758528
280.025,0.758882
280.092,0.758351
280.158,0.761964
280.225,0.762672
280.291,0.762495
280.358,0.76625
280.425,0.767596
280.491,0.770005
280.558,0.771174
280.624,0.771315
280.691,0.773334
280.758,0.771988
280.824,0.772413
280.891,0.779427
280.958,0.784315
281.024,0.781729
281.091,0.778081
281.157,0.784209
281.224,0.779002
281.291,0.783111
281.357,0.784209
281.424,0.785803
281.49,0.787078
281.557,0.789912
281.624,0.790762
281.69,0.791081
281.757,0.794906
281.823,0.799086
281.89,0.798874
281.957,0.79859
282.023,0.801176
282.09,0.804151
282.156,0.808863
282.223,0.8095
282.29,0.812511
282.356,0.810952
282.423,0.787539
282.49,0.780985
282.556,0.781977
282.623,0.751939
282.689,0.734972
282.756,0.718643
282.823,0.724062
282.889,0.723637
282.956,0.720874
283.022,0.658106
283.089,0.655166
283.156,0.655485
283.222,0.651589
283.289,0.649393
283.355,0.649322
283.422,0.601289
283.489,0.6009
283.555,0.604088
283.622,0.600935
283.688,0.603025
283.755,0.605044
283.822,0.568807
283.888,0.571606
283.955,0.572279
284.022,0.567922
284.088,0.565938
284.155,0.564628
284.221,0.56275
284.288,0.559031
284.355,0.565053
284.421,0.558747
284.488,0.557968
284.554,0.561298
284.621,0.568311
284.688,0.572987
284.754,0.574758
284.821,0.574935
284.887,0.584358
284.954,0.585101
285.021,0.592682
285.087,0.597747
285.154,0.603131
285.221,0.596791
285.287,0.599908
285.354,0.596118
285.42,0.59927
285.487,0.605292
285.554,0.608161
285.62,0.604513
285.687,0.607453
285.753,0.605009
285.82,0.597428
285.887,0.597535
285.953,0.568028
286.02,0.568807
286.086,0.569303
286.153,0.570083
286.22,0.571251
286.286,0.575148
286.353,0.574191
286.419,0.569551
286.486,0.571854
286.553,0.573164
286.619,0.580284
286.686,0.584287
286.753,0.581347
286.819,0.589848
286.886,0.594665
286.952,0.591194
287.019,0.593107
287.086,0.591442
287.152,0.594453
287.219,0.59293
287.285,0.589494
287.352,0.58836
287.419,0.583366
287.485,0.585101
287.552,0.583968
287.618,0.561475
287.685,0.561935
287.752,0.55942
287.818,0.559137
287.885,0.558606
287.951,0.549892
288.018,0.540895
288.085,0.536857
288.151,0.537423
288.218,0.532535
288.285,0.520315
288.351,0.518083
288.418,0.516206
288.484,0.507563
288.551,0.506677
288.618,0.503737
288.684,0.498672
288.751,0.498955
288.817,0.493713
288.884,0.489072
288.951,0.486097
289.017,0.483405
289.084,0.481386
289.15,0.485105
289.217,0.482165
289.284,0.481457
289.35,0.487585
289.417,0.476143
289.483,0.482236
289.55,0.480394
289.617,0.481031
289.683,0.486239
289.75,0.489072
289.817,0.486805
289.883,0.487726
289.95,0.480854
290.016,0.485176
290.083,0.484113
290.15,0.478162
290.216,0.478339
290.283,0.474018
290.349,0.471857
290.416,0.468528
290.483,0.461514
290.549,0.45574
290.616,0.452906
290.682,0.448727
290.749,0.448266
290.816,0.441005
290.882,0.435691
290.949,0.433389
291.016,0.436719
291.082,0.432114
291.149,0.432539
291.215,0.435018
291.282,0.436116
291.349,0.432432
291.415,0.429917
291.482,0.431547
291.548,0.428217
291.615,0.43059
291.682,0.426694
291.748,0.423648
291.815,0.426552
291.881,0.42719
291.948,0.425844
292.015,0.424215
292.081,0.421452
292.148,0.421204
292.214,0.422904
292.281,0.410329
292.348,0.410435
292.414,0.405441
292.481,0.402182
292.548,0.400694
292.614,0.399809
292.681,0.390103
292.747,0.391378
292.814,0.387128
292.881,0.38061
292.947,0.376218
293.014,0.371365
293.08,0.366477
293.147,0.363395
293.214,0.358967
293.28,0.359853
293.347,0.358011
293.413,0.359605
293.48,0.351776
293.547,0.351245
293.613,0.355071
293.68,0.347986
293.746,0.350537
293.813,0.349297
293.88,0.343984
293.946,0.342248
294.013,0.344232
294.08,0.34749
294.146,0.346924
294.213,0.352343
294.279,0.354929
294.346,0.355071
294.413,0.354079
294.479,0.361376
294.546,0.358117
294.612,0.360915
294.679,0.366547
294.746,0.363749
294.812,0.364776
294.879,0.364068
294.945,0.363962
295.012,0.360774
295.079,0.36127
295.145,0.364564
295.212,0.365378
295.278,0.367964
295.345,0.366937
295.412,0.373951
295.478,0.368389
295.545,0.374163
295.612,0.373455
295.678,0.377387
295.745,0.37852
295.811,0.378449
295.878,0.386667
295.945,0.3844
296.011,0.388863
296.078,0.397329
296.144,0.402147
296.211,0.411817
296.278,0.416847
296.344,0.429067
296.411,0.437144
296.477,0.438135
296.544,0.439198
296.611,0.43849
296.677,0.446955
296.744,0.454004
296.811,0.454819
296.877,0.452765
296.944,0.454642
297.01,0.457051
297.077,0.454217
297.144,0.4511
297.21,0.446637
297.277,0.439977
297.343,0.43555
297.41,0.434877
297.477,0.436683
297.543,0.444795
297.61,0.446105
297.676,0.447239
297.743,0.441961
297.81,0.452056
297.876,0.457936
297.943,0.460558
298.009,0.467961
298.076,0.468811
298.143,0.457192
298.209,0.454748
298.276,0.448939
298.343,0.438667
298.409,0.43477
298.476,0.431759
298.542,0.431582
298.609,0.412065
298.676,0.402217
298.742,0.405299
298.809,0.402642
298.875,0.382133
298.942,0.38231
299.009,0.376182
299.075,0.373526
299.142,0.374765
299.208,0.374482
299.275,0.371365
299.342,0.374021
299.408,0.379264
299.475,0.390032
299.541,0.398959
299.608,0.410081
299.675,0.416811
299.741,0.422833
299.808,0.431051
299.875,0.439481
299.941,0.441713
300.008,0.456874
300.074,0.460699
300.141,0.462364
300.208,0.46626
300.274,0.467323
300.341,0.469661
300.407,0.484999
300.474,0.486947
300.541,0.485636
300.607,0.495873
300.674,0.496653
300.74,0.500832
300.807,0.512274
300.874,0.515001
300.94,0.515001
301.007,0.510892
301.073,0.522546
301.14,0.525026
301.207,0.528426
301.273,0.526868
301.34,0.523892
301.407,0.549254
301.473,0.558181
301.54,0.559952
301.606,0.569303
301.673,0.598952
301.74,0.60515
301.806,0.612908
301.873,0.612766
301.939,0.615316
302.006,0.616733
302.073,0.620771
302.139,0.615316
302.206,0.605575
302.272,0.601679
302.339,0.597145
302.406,0.586448
302.472,0.574758
302.539,0.575573
302.606,0.56438
302.672,0.551663
302.739,0.550211
302.805,0.53799
302.872,0.527293
302.939,0.519429
303.005,0.514045
303.072,0.511884
303.138,0.507492
303.205,0.500301
303.272,0.504481
303.338,0.504198
303.405,0.503843
303.471,0.509121
303.538,0.515391
303.605,0.474089
303.671,0.476143
303.738,0.473664
303.804,0.468102
303.871,0.466544
303.938,0.470228
304.004,0.469661
304.071,0.452836
304.138,0.451773
304.204,0.446778
304.271,0.450498
304.337,0.448797
304.404,0.446637
304.471,0.437427
304.537,0.44437
304.604,0.445432
304.67,0.444299
304.737,0.443342
304.804,0.444901
304.87,0.439588
304.937,0.440048
305.003,0.435514
305.07,0.427898
305.137,0.426304
305.203,0.421558
305.27,0.421452
305.336,0.416705
305.403,0.415394
305.47,0.413446
305.536,0.413942
305.603,0.414863
305.67,0.423506
305.736,0.418264
305.803,0.426021
305.869,0.435089
305.936,0.436116
306.003,0.439446
306.069,0.435372
306.136,0.442811
306.202,0.439871
306.269,0.439198
306.336,0.43725
306.402,0.435054
306.469,0.435408
306.535,0.439729
306.602,0.433956
306.669,0.436045
306.735,0.431972
306.802,0.430059
306.868,0.426269
306.935,0.427367
307.002,0.417343
307.068,0.420601
307.135,0.415394
307.202,0.411781
307.268,0.399136
307.335,0.398888
307.401,0.391768
307.468,0.380114
307.535,0.37682
307.601,0.371081
307.668,0.36761
307.734,0.355212
307.801,0.350182
307.868,0.347774
307.934,0.347526
308.001,0.326981
308.067,0.322801
308.134,0.319932
308.201,0.316106
308.267,0.312458
308.334,0.303815
308.401,0.302504
308.467,0.302079
308.534,0.303213
308.6,0.301335
308.667,0.30718
308.734,0.304984
308.8,0.308491
308.867,0.307676
308.933,0.313485
309,0.324112
309.067,0.331373
309.133,0.334916
309.2,0.339308
309.266,0.350643
309.333,0.351847
309.4,0.355496
309.466,0.370373
309.533,0.373065
309.599,0.382523
309.666,0.384223
309.733,0.386277
309.799,0.392512
309.866,0.388757
309.933,0.385604
309.999,0.391166
310.066,0.38897
310.132,0.392724
310.199,0.390812
310.266,0.388297
310.332,0.389076
310.399,0.374092
310.465,0.367858
310.532,0.368035
310.599,0.359923
310.665,0.354291
310.732,0.351493
310.798,0.343629
310.865,0.337537
310.932,0.337572
310.998,0.331975
311.065,0.32861
311.131,0.325529
311.198,0.320888
311.265,0.313131
311.331,0.311537
311.398,0.305126
311.465,0.28621
311.531,0.278807
311.598,0.271298
311.664,0.268747
311.731,0.257625
311.798,0.25008
311.864,0.246112
311.931,0.246573
311.997,0.241649
312.064,0.225568
312.131,0.223797
312.197,0.21951
312.264,0.21657
312.33,0.217279
312.397,0.21363
312.464,0.209238
312.53,0.208034
312.597,0.199887
312.663,0.197797
312.73,0.19553
312.797,0.196805
312.863,0.197017
312.93,0.193511
312.997,0.201339
313.063,0.205696
313.13,0.204314
313.196,0.208884
313.263,0.209769
313.33,0.211647
313.396,0.208459
313.463,0.207892
313.529,0.20814
313.596,0.207538
313.663,0.208034
313.729,0.208317
313.796,0.217102
313.862,0.224363
313.929,0.22748
313.996,0.229641
314.062,0.244589
314.129,0.249336
314.196,0.260317
314.262,0.272218
314.329,0.271475
314.395,0.278701
314.462,0.279303
314.529,0.277709
314.595,0.280578
314.662,0.281357
314.728,0.283695
314.795,0.285998
314.862,0.287592
314.928,0.292055
314.995,0.291382
315.061,0.285041
315.128,0.289044
315.195,0.28621
315.261,0.283412
315.328,0.282208
315.394,0.276434
315.461,0.270235
315.528,0.274769
315.594,0.270447
315.661,0.266763
315.728,0.264249
315.794,0.26524
315.861,0.258191
315.927,0.258581
315.994,0.25851
316.061,0.257589
316.127,0.251886
316.194,0.243562
316.26,0.240905
316.327,0.232935
316.394,0.22408
316.46,0.218802
316.527,0.219121
316.593,0.211753
316.66,0.20768
316.727,0.203641
316.793,0.193086
316.86,0.189721
316.926,0.188622
316.993,0.179944
317.06,0.173603
317.126,0.171655
317.193,0.161277
317.26,0.156849
317.326,0.15189
317.393,0.148312
317.459,0.13974
317.526,0.139032
317.593,0.131912
317.659,0.126953
317.726,0.124296
317.792,0.119054
317.859,0.114732
317.926,0.112217
317.992,0.108462
318.059,0.103007
318.125,0.0996068
318.192,0.0943644
318.259,0.0855088
318.325,0.084092
318.392,0.0774326
318.458,0.0711275
318.525,0.0684354
318.592,0.0644681
318.658,0.0597216
318.725,0.060005
318.792,0.0560377
318.858,0.050689
318.925,0.0495909
318.991,0.0424356
319.058,0.0400978
319.125,0.0371577
319.191,0.0325883
319.258,0.027027
319.324,0.0249017
319.391,0.022741
319.458,0.0206156
319.524,0.0193759
319.591,0.0173568
319.657,0.0159045
319.724,0.0146647
319.791,0.011831
319.857,0.00977649
319.924,0.00892636
319.991,0.0083596
320.057,0.00857214
320.124,0.0086784
320.19,0.00882009
320.257,0.00896178
320.324,0.00903262
320.39,0.00942227
320.457,0.00952853
320.523,0.00998902
320.59,0.00970564
320.657,0.00991818
320.723,0.0100599
320.79,0.0100244
320.856,0.0100599
320.923,0.00991818
320.99,0.00970564
321.056,0.00991818
321.123,0.0100953
321.189,0.00998902
321.256,0.0103078
321.323,0.0105203
321.389,0.0105203
321.456,0.0111934
321.523,0.0109808
321.589,0.0108391
321.656,0.010662
321.722,0.0106975
321.789,0.0106975
321.856,0.0103078
321.922,0.0104849
321.989,0.0133541
322.055,0.0133895
322.122,0.0135312
322.189,0.0139563
322.255,0.01385
322.322,0.0136729
322.388,0.0138854
322.455,0.0140626
322.522,0.0133895
322.588,0.0134604
322.655,0.0138146
322.721,0.0143814
322.788,0.0142397
322.855,0.0142397
322.921,0.0141334
322.988,0.0140271
323.055,0.013425
323.121,0.0138146
323.188,0.0142397
323.254,0.0142751
323.321,0.0138146
323.388,0.014523
323.454,0.0144522
323.521,0.0138854
323.587,0.0137438
323.654,0.0134958
323.721,0.0133541
323.787,0.0138854
323.854,0.0137083
323.92,0.0134958
323.987,0.0133187
324.054,0.013177
324.12,0.0132124
324.187,0.0133187
324.253,0.0131062
324.32,0.0132124
324.387,0.0133187
324.453,0.0130353
324.52,0.0132833
324.587,0.0128228
324.653,0.012929
324.72,0.0133187
324.786,0.0132124
324.853,0.0131062
324.92,0.0130353
324.986,0.0133541
325.053,0.0132833
325.119,0.0128582
325.186,0.0139917
325.253,0.0138854
325.319,0.0138854
325.386,0.0138146
325.452,0.0136729
325.519,0.0130707
325.586,0.0133187
325.652,0.0137792
325.719,0.0133187
325.786,0.0131416
325.852,0.0130707
325.919,0.012929
325.985,0.0129645
326.052,0.0131416
326.119,0.0135312
326.185,0.0137083
326.252,0.0132478
326.318,0.0124686
326.385,0.0122206
326.452,0.0124331
326.518,0.0120789
326.585,0.0121852
326.651,0.0119372
326.718,0.0123977
326.785,0.0128936
326.851,0.0127874
326.918,0.0123977
326.984,0.0126103
327.051,0.0121498
327.118,0.0111579
327.184,0.0102724
327.251,0.00956395
327.318,0.009316
327.384,0.00935142
327.451,0.0112288
327.517,0.0237682
327.584,0.0370515
327.651,0.0419751
327.717,0.0485991
327.784,0.0504056
327.85,0.050689
327.917,0.0523538
327.984,0.0533456
328.05,0.0535227
328.117,0.0614927
328.183,0.0752364
328.25,0.0817541
328.317,0.094081
328.383,0.104247
328.45,0.109667
328.516,0.110729
328.583,0.112111
328.65,0.11119
328.716,0.110552
328.783,0.111473
328.85,0.109702
328.916,0.108037
328.983,0.106975
329.049,0.107966
329.116,0.108569
329.183,0.107116
329.249,0.105877
329.316,0.102759
329.382,0.103928
329.449,0.104035
329.516,0.101626
329.582,0.103432
329.649,0.0987921
329.715,0.0979774
329.782,0.0953562
329.849,0.0932663
329.915,0.0868549
329.982,0.0830647
330.048,0.0812582
330.115,0.0760511
330.182,0.0747051
330.248,0.0744926
330.315,0.0721547
330.382,0.0693564
330.448,0.0662747
330.515,0.0666997
330.581,0.0664164
330.648,0.0643264
330.715,0.0634409
330.781,0.0675853
330.848,0.072013
330.914,0.0796996
330.981,0.0844108
331.048,0.087705
331.114,0.0920619
331.181,0.0957104
331.247,0.100386
331.314,0.107223
331.381,0.112713
331.447,0.114024
331.514,0.118239
331.581,0.115015
331.647,0.114661
331.714,0.109135
331.78,0.104283
331.847,0.104389
331.914,0.100599
331.98,0.0940101
332.047,0.0923453
332.113,0.0941872
332.18,0.09316
332.247,0.0936913
332.313,0.0901137
332.38,0.0895115
332.446,0.0878113
332.513,0.0862527
332.58,0.0873508
332.646,0.0850129
332.713,0.084092
332.779,0.0836315
332.846,0.0811519
332.913,0.0811519
332.979,0.0822854
333.046,0.0811873
333.113,0.0826751
333.179,0.07931
333.246,0.0759449
333.312,0.0745634
333.379,0.0738196
333.446,0.0731111
333.512,0.0666997
333.579,0.0675853
333.645,0.0649995
333.712,0.064291
333.779,0.0633701
333.845,0.0617761
333.912,0.0577734
333.978,0.0523892
334.045,0.0500159
334.112,0.0488824
334.178,0.0412667
334.245,0.040204
334.311,0.0347845
334.378,0.0342531
334.445,0.0346073
334.511,0.0312777
334.578,0.0300379
334.645,0.0289044
334.711,0.0284439
334.778,0.0273104
334.844,0.027027
334.911,0.0263894
334.978,0.0244766
335.044,0.0237682
335.111,0.021572
335.177,0.0205802
335.244,0.019978
335.311,0.0201906
335.377,0.0199072
335.444,0.0200489
335.51,0.0198009
335.577,0.0199072
335.644,0.0194821
335.71,0.0201197
335.777,0.0195884
335.843,0.0200489
335.91,0.0194113
335.977,0.0197301
336.043,0.0193759
336.11,0.0199426
336.177,0.0192342
336.243,0.0189862
336.31,0.01888
336.376,0.0187737
336.443,0.0187737
336.51,0.0208282
336.576,0.0232369
336.643,0.0235202
336.709,0.0256101
336.776,0.0287627
336.843,0.0308172
336.909,0.0352449
336.976,0.0413021
337.042,0.0450214
337.109,0.0502639
337.176,0.0573483
337.242,0.0626616
337.309,0.0687188
337.375,0.0744926
337.442,0.0789912
337.509,0.0866423
337.575,0.0948603
337.642,0.10074
337.709,0.110623
337.775,0.119727
337.842,0.124367
337.908,0.131062
337.975,0.136623
338.042,0.138784
338.108,0.146258
338.175,0.14895
338.241,0.1515
338.308,0.153873
338.375,0.15444
338.441,0.154334
338.508,0.151465
338.574,0.149587
338.641,0.145726
338.708,0.142184
338.774,0.136021
338.841,0.134887
338.908,0.131947
338.974,0.12334
339.041,0.118983
339.107,0.117282
339.174,0.111332
339.241,0.108321
339.307,0.10577
339.374,0.10453
339.44,0.102086
339.507,0.0984025
339.574,0.0959938
339.64,0.0959583
339.707,0.0918494
339.773,0.0876696
339.84,0.0827459
339.907,0.0808331
339.973,0.0779285
340.04,0.0729694
340.106,0.0689667
340.173,0.063866
340.24,0.0617406
340.306,0.0583401
340.373,0.0531685
340.44,0.0485636
340.506,0.0461549
340.573,0.0459424
340.639,0.0453402
340.706,0.0442776
340.773,0.0438525
340.839,0.0433212
340.906,0.0426127
340.972,0.0395664
341.039,0.041798
341.106,0.0355637
341.172,0.0300733
341.239,0.0317027
341.305,0.0268145
341.372,0.0232014
341.439,0.0214303
341.505,0.0177819
341.572,0.0137792
341.638,0.011831
341.705,0.00779285
341.772,0.00704899
341.838,0.00701357
341.905,0.00694272
341.972,0.00743863
342.038,0.00733237
342.105,0.00736779
342.171,0.00750948
342.238,0.00747405
342.305,0.00740321
342.371,0.00743863
342.438,0.00747405
342.504,0.00747405
342.571,0.00747405
342.638,0.0075449
342.704,0.0075449
342.771,0.00750948
342.837,0.00750948
342.904,0.0075449
342.971,0.00750948
343.037,0.00743863
343.104,0.00743863
343.17,0.00743863
343.237,0.00747405
343.304,0.00747405
343.37,0.00743863
343.437,0.00743863
343.504,0.00743863
343.57,0.00743863
343.637,0.00736779
343.703,0.00726152
343.77,0.00726152
343.837,0.00726152
343.903,0.00726152
343.97,0.00726152
344.036,0.00729694
344.103,0.00729694
344.17,0.00729694
344.236,0.00743863
344.303,0.00743863
344.369,0.00740321
344.436,0.00740321
344.503,0.00740321
344.569,0.00740321
344.636,0.00736779
344.703,0.00736779
344.769,0.00736779
344.836,0.00740321
344.902,0.00740321
344.969,0.00736779
345.036,0.00740321
345.102,0.00750948
345.169,0.00750948
345.235,0.00747405
345.302,0.00729694
345.369,0.00726152
345.435,0.00726152
345.502,0.0072261
345.568,0.00719068
345.635,0.0072261
345.702,0.00719068
345.768,0.00719068
345.835,0.00729694
345.901,0.00726152
345.968,0.0072261
346.035,0.00740321
346.101,0.00740321
346.168,0.00736779
346.235,0.00743863
346.301,0.00743863
346.368,0.00743863
346.434,0.00736779
346.501,0.00736779
346.568,0.00736779
346.634,0.00736779
346.701,0.00733237
346.767,0.00726152
346.834,0.0072261
346.901,0.00726152
346.967,0.0072261
347.034,0.00726152
347.1,0.00729694
347.167,0.00726152
347.234,0.0072261
347.3,0.0072261
347.367,0.00726152
347.433,0.00726152
347.5,0.00726152
347.567,0.0072261
347.633,0.0072261
347.7,0.00733237
347.767,0.0072261
347.833,0.00719068
347.9,0.00715525
347.966,0.00704899
348.033,0.00704899
348.1,0.00704899
348.166,0.00708441
348.233,0.00708441
348.299,0.00708441
348.366,0.00715525
348.433,0.00711983
348.499,0.00719068
348.566,0.00711983
348.632,0.00708441
348.699,0.00711983
348.766,0.00711983
348.832,0.00715525
348.899,0.00715525
348.965,0.00719068
349.032,0.00719068
349.099,0.00719068
349.165,0.00719068
349.232,0.00715525
349.299,0.00715525
349.365,0.00719068
349.432,0.00719068
349.498,0.00715525
349.565,0.00715525
349.632,0.00708441
349.698,0.00719068
349.765,0.00704899
349.831,0.00704899
349.898,0.00704899
349.965,0.00704899
350.031,0.00704899
350.098,0.0072261
350.164,0.0126811
350.231,0.0233786
350.298,0.0284439
350.364,0.0396727
350.431,0.0478906
350.498,0.0528851
350.564,0.0600758
350.631,0.0642202
350.697,0.0657788
350.764,0.0670185
350.831,0.0678332
350.897,0.0683291
350.964,0.0703836
351.03,0.0687542
351.097,0.070915
351.164,0.0694981
351.23,0.0691793
351.297,0.0698877
351.363,0.0689667
351.43,0.0683291
351.497,0.0694272
351.563,0.0685417
351.63,0.0684708
351.696,0.069073
351.763,0.0680458
351.83,0.0680103
351.896,0.0669831
351.963,0.066806
352.03,0.0654954
352.096,0.0663809
352.163,0.0652828
352.229,0.0687542
352.296,0.0722964
352.363,0.0822854
352.429,0.0918494
352.496,0.0963834
352.562,0.106443
352.629,0.10871
352.696,0.113209
352.762,0.116468
352.829,0.119656
352.895,0.120435
352.962,0.121816
353.029,0.122773
353.095,0.123269
353.162,0.124402
353.228,0.125429
353.295,0.127023
353.362,0.128334
353.428,0.127909
353.495,0.128263
353.562,0.127342
353.628,0.13007
353.695,0.12844
353.761,0.128228
353.828,0.127803
353.895,0.12844
353.961,0.127307
354.028,0.12922
354.094,0.127519
354.161,0.125819
354.228,0.125996
354.294,0.125252
354.361,0.127059
354.427,0.125607
354.494,0.125111
354.561,0.125004
354.627,0.120825
354.694,0.121816
354.76,0.118983
354.827,0.119054
354.894,0.122277
354.96,0.126457
355.027,0.135241
355.094,0.138536
355.16,0.141582
355.227,0.145939
355.293,0.147781
355.36,0.152917
355.427,0.15359
355.493,0.152386
355.56,0.153909
355.626,0.153271
355.693,0.152917
355.76,0.151571
355.826,0.153059
355.893,0.152563
355.959,0.153555
356.026,0.157026
356.093,0.15529
356.159,0.154688
356.226,0.155007
356.293,0.155467
356.359,0.157593
356.426,0.161383
356.492,0.165598
356.559,0.174737
356.626,0.185045
356.692,0.191315
356.759,0.200276
356.825,0.206652
356.892,0.210761
356.959,0.216783
357.025,0.216429
357.092,0.218235
357.158,0.219794
357.225,0.217846
357.292,0.2165
357.358,0.215827
357.425,0.214445
357.491,0.213914
357.558,0.210159
357.625,0.21069
357.691,0.210867
357.758,0.212709
357.825,0.211966
357.891,0.212603
357.958,0.211718
358.024,0.212709
358.091,0.212532
358.158,0.212072
358.224,0.21232
358.291,0.210726
358.357,0.211718
358.424,0.209203
358.491,0.209769
358.557,0.207998
358.624,0.206511
358.69,0.207148
358.757,0.21356
358.824,0.221742
358.89,0.225284
358.957,0.230385
359.023,0.236513
359.09,0.237824
359.157,0.239701
359.223,0.247033
359.29,0.24884
359.357,0.253303
359.423,0.257695
359.49,0.257447
359.556,0.256314
359.623,0.256704
359.69,0.256385
359.756,0.254933
359.823,0.255358
359.889,0.254791
359.956,0.253657
360.023,0.253445
360.089,0.25348
360.156,0.252524
360.222,0.25518
360.289,0.254578
360.356,0.25511
360.422,0.257058
360.489,0.257518
360.555,0.259183
360.622,0.260919
360.689,0.261308
360.755,0.263859
360.822,0.266976
360.889,0.270518
360.955,0.273706
361.022,0.281322
361.088,0.283766
361.155,0.284687
361.222,0.289575
361.288,0.290248
361.355,0.290319
361.421,0.291063
361.488,0.292409
361.555,0.290567
361.621,0.293507
361.688,0.293472
361.754,0.29209
361.821,0.292303
361.888,0.292622
361.954,0.293401
362.021,0.292551
362.088,0.293117
362.154,0.293436
362.221,0.294924
362.287,0.296022
362.354,0.296589
362.421,0.30084
362.487,0.299068
362.554,0.300981
362.62,0.304275
362.687,0.301229
362.754,0.303709
362.82,0.305621
362.887,0.309341
362.953,0.308314
363.02,0.311714
363.087,0.310049
363.153,0.311608
363.22,0.310793
363.286,0.309695
363.353,0.310297
363.42,0.310403
363.486,0.310474
363.553,0.310439
363.62,0.311041
363.686,0.311289
363.753,0.31012
363.819,0.311183
363.886,0.310368
363.953,0.308916
364.019,0.309057
364.086,0.306507
364.152,0.306294
364.219,0.304948
364.286,0.303638
364.352,0.302008
364.419,0.30215
364.485,0.30045
364.552,0.298608
364.619,0.297758
364.685,0.298147
364.752,0.300485
364.818,0.298714
364.885,0.297368
364.952,0.299671
365.018,0.300096
365.085,0.301513
365.152,0.301052
365.218,0.305232
365.285,0.306294
365.351,0.306294
365.418,0.309447
365.485,0.310191
365.551,0.313946
365.618,0.316957
365.684,0.31848
365.751,0.321172
365.818,0.324006
365.884,0.327477
365.951,0.333251
366.017,0.339804
366.084,0.339131
366.151,0.34076
366.217,0.341185
366.284,0.345117
366.35,0.34664
366.417,0.349793
366.484,0.35376
366.55,0.357267
366.617,0.361659
366.684,0.361411
366.75,0.364883
366.817,0.369948
366.883,0.371011
366.95,0.372994
367.017,0.376359
367.083,0.377209
367.15,0.380504
367.216,0.382346
367.283,0.382983
367.35,0.383727
367.416,0.384754
367.483,0.383692
367.549,0.383869
367.616,0.390139
367.683,0.390493
367.749,0.395983
367.816,0.401934
367.883,0.405405
367.949,0.412454
368.016,0.418547
368.082,0.420779
368.149,0.427721
368.216,0.446814
368.282,0.450816
368.349,0.46286
368.415,0.472211
368.482,0.47632
368.549,0.48514
368.615,0.492827
368.682,0.496546
368.748,0.506146
368.815,0.509263
368.882,0.513266
368.948,0.51617
369.015,0.519039
369.081,0.523148
369.148,0.523007
369.215,0.522936
369.281,0.52577
369.348,0.527789
369.415,0.529241
369.481,0.531118
369.548,0.529949
369.614,0.530693
369.681,0.532889
369.748,0.533102
369.814,0.535333
369.881,0.538096
369.947,0.538344
370.014,0.54178
370.081,0.542382
370.147,0.548015
370.214,0.552088
370.28,0.553505
370.347,0.556799
370.414,0.559243
370.48,0.561652
370.547,0.566115
370.613,0.570153
370.68,0.572916
370.747,0.575963
370.813,0.580213
370.88,0.580993
370.947,0.585279
371.013,0.584535
371.08,0.58627
371.146,0.588467
371.213,0.591265
371.28,0.592221
371.346,0.597358
371.413,0.599518
371.479,0.60306
371.546,0.606319
371.613,0.611278
371.679,0.613049
371.746,0.61521
371.812,0.61684
371.879,0.619284
371.946,0.620913
372.012,0.622401
372.079,0.624562
372.145,0.630973
372.212,0.633346
372.279,0.63324
372.345,0.637314
372.412,0.638553
372.479,0.63742
372.545,0.64121
372.612,0.641458
372.678,0.645709
372.745,0.645071
372.812,0.644008
372.878,0.647161
372.945,0.647409
373.011,0.647551
373.078,0.648472
373.145,0.647905
373.211,0.647869
373.278,0.648507
373.344,0.648755
373.411,0.65336
373.478,0.654174
373.544,0.654706
373.611,0.657008
373.678,0.65761
373.744,0.655379
373.811,0.656512
373.877,0.656123
373.944,0.655981
374.011,0.656902
374.077,0.654316
374.144,0.652333
374.21,0.653183
374.277,0.652368
374.344,0.653289
374.41,0.651482
374.477,0.651553
374.543,0.648578
374.61,0.649322
374.677,0.650703
374.743,0.650172
374.81,0.648294
374.876,0.64794
374.943,0.646913
375.01,0.645532
375.076,0.645709
375.143,0.644327
375.21,0.642166
375.276,0.641245
375.343,0.642166
375.409,0.641741
375.476,0.643477
375.543,0.64376
375.609,0.643831
375.676,0.645106
375.742,0.646169
375.809,0.647196
375.876,0.64794
375.942,0.649711
376.009,0.672559
376.075,0.671815
376.142,0.672842
376.209,0.672133
376.275,0.672594
376.342,0.672842
376.408,0.672523
376.475,0.671248
376.542,0.671
376.608,0.669689
376.675,0.670398
376.742,0.670752
376.808,0.670965
376.875,0.671886
376.941,0.671992
377.008,0.67224
377.075,0.672381
377.141,0.672771
377.208,0.672417
377.274,0.673161
377.341,0.672984
377.408,0.671354
377.474,0.671354
377.541,0.67224
377.607,0.672381
377.674,0.680422
377.741,0.680847
377.807,0.68067
377.874,0.680174
377.94,0.681131
378.007,0.680068
378.074,0.67897
378.14,0.67897
378.207,0.680918
378.274,0.679749
378.34,0.681343
378.407,0.682229
378.473,0.681875
378.54,0.682193
378.607,0.68191
378.673,0.681095
378.74,0.682512
378.806,0.682441
378.873,0.682866
378.94,0.68276
379.006,0.684
379.073,0.683008
379.139,0.681733
379.206,0.682441
379.273,0.681804
379.339,0.688392
379.406,0.685948
379.473,0.685913
379.539,0.686373
379.606,0.68733
379.672,0.68655
379.739,0.695618
379.806,0.699586
379.872,0.702986
379.939,0.709185
380.005,0.715065
380.072,0.717119
380.139,0.719812
380.205,0.720272
380.272,0.721122
380.338,0.727321
380.405,0.745811
380.472,0.749849
380.538,0.754915
380.605,0.759626
380.671,0.760724
380.738,0.764904
380.805,0.768942
380.871,0.770288
380.938,0.771705
381.005,0.786724
381.071,0.786334
381.138,0.78683
381.204,0.786759
381.271,0.787113
381.338,0.787397
381.404,0.787468
381.471,0.787751
381.537,0.78722
381.604,0.787786
381.671,0.787468
381.737,0.788672
381.804,0.788601
381.87,0.788814
381.937,0.790018
382.004,0.789806
382.07,0.790053
382.137,0.790408
