0.0666092,0.0657895
0.133218,0.0575658
0.199828,0.0559211
0.266437,0.0542763
0.333046,0.0723684
0.399655,0.0723684
0.466264,0.0838816
0.532873,0.0888158
0.599483,0.09375
0.666092,0.0953947
0.732701,0.0888158
0.79931,0.0904605
0.865919,0.0838816
0.932529,0.0871711
0.999138,0.0921053
1.06575,0.0970395
1.13236,0.0838816
1.19897,0.0921053
1.26557,0.09375
1.33218,0.0953947
1.39879,0.0970395
1.4654,0.106908
1.53201,0.106908
1.59862,0.105263
1.66523,0.09375
1.73184,0.101974
1.79845,0.0970395
1.86506,0.106908
1.93167,0.105263
1.99828,0.108553
2.06488,0.110197
2.13149,0.101974
2.1981,0.106908
2.26471,0.103618
2.33132,0.09375
2.39793,0.116776
2.46454,0.0986842
2.53115,0.0986842
2.59776,0.101974
2.66437,0.100329
2.73098,0.0970395
2.79759,0.103618
2.86419,0.0970395
2.9308,0.108553
2.99741,0.106908
3.06402,0.106908
3.13063,0.0986842
3.19724,0.0970395
3.26385,0.0953947
3.33046,0.100329
3.39707,0.101974
3.46368,0.0921053
3.53029,0.0970395
3.5969,0.0970395
3.6635,0.0986842
3.73011,0.105263
3.79672,0.100329
3.86333,0.0953947
3.92994,0.0970395
3.99655,0.100329
4.06316,0.0970395
4.12977,0.0986842
4.19638,0.0986842
4.26299,0.0871711
4.3296,0.0970395
4.39621,0.09375
4.46282,0.0871711
4.52942,0.0838816
4.59603,0.0871711
4.66264,0.0888158
4.72925,0.0904605
4.79586,0.0904605
4.86247,0.0871711
4.92908,0.0921053
4.99569,0.0970395
5.0623,0.0953947
5.12891,0.0921053
5.19552,0.09375
5.26213,0.09375
5.32873,0.0986842
5.39534,0.0904605
5.46195,0.0970395
5.52856,0.0970395
5.59517,0.103618
5.66178,0.108553
5.72839,0.113487
5.795,0.113487
5.86161,0.113487
5.92822,0.116776
5.99483,0.121711
6.06144,0.121711
6.12804,0.128289
6.19465,0.121711
6.26126,0.133224
6.32787,0.131579
6.39448,0.134868
6.46109,0.133224
6.5277,0.139803
6.59431,0.141447
6.66092,0.141447
6.72753,0.133224
6.79414,0.136513
6.86075,0.136513
6.92735,0.138158
6.99396,0.136513
7.06057,0.138158
7.12718,0.139803
7.19379,0.141447
7.2604,0.139803
7.32701,0.146382
7.39362,0.148026
7.46023,0.148026
7.52684,0.166118
7.59345,0.15625
7.66006,0.166118
7.72666,0.15625
7.79327,0.164474
7.85988,0.161184
7.92649,0.162829
7.9931,0.161184
8.05971,0.169408
8.12632,0.162829
8.19293,0.157895
8.25954,0.166118
8.32615,0.166118
8.39276,0.169408
8.45937,0.161184
8.52598,0.157895
8.59258,0.154605
8.65919,0.166118
8.7258,0.175987
8.79241,0.162829
8.85902,0.148026
8.92563,0.161184
8.99224,0.164474
9.05885,0.159539
9.12546,0.164474
9.19207,0.164474
9.25868,0.161184
9.32529,0.169408
9.39189,0.167763
9.4585,0.166118
9.52511,0.171053
9.59172,0.171053
9.65833,0.167763
9.72494,0.175987
9.79155,0.172697
9.85816,0.175987
9.92477,0.172697
9.99138,0.159539
10.058,0.164474
10.1246,0.167763
10.1912,0.164474
10.2578,0.172697
10.3244,0.166118
10.391,0.166118
10.4576,0.169408
10.5243,0.15625
10.5909,0.157895
10.6575,0.167763
10.7241,0.171053
10.7907,0.169408
10.8573,0.166118
10.9239,0.164474
10.9905,0.171053
11.0571,0.166118
11.1237,0.162829
11.1903,0.157895
11.257,0.159539
11.3236,0.154605
11.3902,0.151316
11.4568,0.146382
11.5234,0.162829
11.59,0.167763
11.6566,0.164474
11.7232,0.15625
11.7898,0.159539
11.8564,0.164474
11.923,0.161184
11.9897,0.164474
12.0563,0.162829
12.1229,0.166118
12.1895,0.164474
12.2561,0.159539
12.3227,0.15625
12.3893,0.157895
12.4559,0.159539
12.5225,0.161184
12.5891,0.159539
12.6557,0.162829
12.7224,0.154605
12.789,0.152961
12.8556,0.162829
12.9222,0.164474
12.9888,0.164474
13.0554,0.166118
13.122,0.159539
13.1886,0.159539
13.2552,0.157895
13.3218,0.157895
13.3884,0.152961
13.4551,0.152961
13.5217,0.152961
13.5883,0.152961
13.6549,0.152961
13.7215,0.157895
13.7881,0.15625
13.8547,0.161184
13.9213,0.157895
13.9879,0.157895
14.0545,0.162829
14.1211,0.159539
14.1878,0.159539
14.2544,0.15625
14.321,0.154605
14.3876,0.154605
14.4542,0.15625
14.5208,0.154605
14.5874,0.154605
14.654,0.152961
14.7206,0.151316
14.7872,0.151316
14.8538,0.149671
14.9205,0.144737
14.9871,0.144737
15.0537,0.146382
15.1203,0.144737
15.1869,0.143092
15.2535,0.141447
15.3201,0.144737
15.3867,0.143092
15.4533,0.144737
15.5199,0.146382
15.5865,0.146382
15.6532,0.146382
15.7198,0.146382
15.7864,0.143092
15.853,0.143092
15.9196,0.146382
15.9862,0.146382
16.0528,0.146382
16.1194,0.146382
16.186,0.154605
16.2526,0.146382
16.3192,0.146382
16.3859,0.151316
16.4525,0.144737
16.5191,0.151316
16.5857,0.148026
16.6523,0.152961
16.7189,0.154605
16.7855,0.146382
16.8521,0.146382
16.9187,0.151316
16.9853,0.146382
17.052,0.146382
17.1186,0.148026
17.1852,0.146382
17.2518,0.149671
17.3184,0.148026
17.385,0.146382
17.4516,0.146382
17.5182,0.146382
17.5848,0.146382
17.6514,0.144737
17.718,0.144737
17.7847,0.144737
17.8513,0.146382
17.9179,0.144737
17.9845,0.148026
18.0511,0.154605
18.1177,0.154605
18.1843,0.152961
18.2509,0.151316
18.3175,0.151316
18.3841,0.151316
18.4507,0.152961
18.5174,0.148026
18.584,0.146382
18.6506,0.146382
18.7172,0.148026
18.7838,0.146382
18.8504,0.146382
18.917,0.149671
18.9836,0.148026
19.0502,0.146382
19.1168,0.149671
19.1834,0.149671
19.2501,0.149671
19.3167,0.154605
19.3833,0.154605
19.4499,0.154605
19.5165,0.152961
19.5831,0.152961
19.6497,0.146382
19.7163,0.143092
19.7829,0.146382
19.8495,0.143092
19.9161,0.146382
19.9828,0.148026
20.0494,0.148026
20.116,0.149671
20.1826,0.149671
20.2492,0.149671
20.3158,0.148026
20.3824,0.148026
20.449,0.149671
20.5156,0.149671
20.5822,0.148026
20.6488,0.148026
20.7155,0.148026
20.7821,0.152961
20.8487,0.149671
20.9153,0.146382
20.9819,0.151316
21.0485,0.152961
21.1151,0.149671
21.1817,0.149671
21.2483,0.146382
21.3149,0.152961
21.3815,0.148026
21.4482,0.148026
21.5148,0.149671
21.5814,0.154605
21.648,0.151316
21.7146,0.152961
21.7812,0.152961
21.8478,0.151316
21.9144,0.151316
21.981,0.149671
22.0476,0.149671
22.1142,0.146382
22.1809,0.146382
22.2475,0.148026
22.3141,0.149671
22.3807,0.149671
22.4473,0.151316
22.5139,0.152961
22.5805,0.154605
22.6471,0.15625
22.7137,0.159539
22.7803,0.161184
22.8469,0.159539
22.9136,0.152961
22.9802,0.159539
23.0468,0.162829
23.1134,0.167763
23.18,0.167763
23.2466,0.174342
23.3132,0.169408
23.3798,0.169408
23.4464,0.161184
23.513,0.159539
23.5796,0.164474
23.6463,0.161184
23.7129,0.161184
23.7795,0.157895
23.8461,0.159539
23.9127,0.159539
23.9793,0.15625
24.0459,0.161184
24.1125,0.164474
24.1791,0.161184
24.2457,0.161184
24.3124,0.15625
24.379,0.157895
24.4456,0.161184
24.5122,0.157895
24.5788,0.157895
24.6454,0.151316
24.712,0.151316
24.7786,0.152961
24.8452,0.154605
24.9118,0.15625
24.9784,0.149671
25.0451,0.149671
25.1117,0.149671
25.1783,0.148026
25.2449,0.146382
25.3115,0.148026
25.3781,0.148026
25.4447,0.149671
25.5113,0.146382
25.5779,0.146382
25.6445,0.144737
25.7111,0.151316
25.7778,0.151316
25.8444,0.148026
25.911,0.148026
25.9776,0.148026
26.0442,0.152961
26.1108,0.152961
26.1774,0.157895
26.244,0.159539
26.3106,0.167763
26.3772,0.167763
26.4438,0.174342
26.5105,0.175987
26.5771,0.175987
26.6437,0.172697
26.7103,0.177632
26.7769,0.172697
26.8435,0.171053
26.9101,0.179276
26.9767,0.172697
27.0433,0.174342
27.1099,0.175987
27.1765,0.172697
27.2432,0.180921
27.3098,0.177632
27.3764,0.175987
27.443,0.184211
27.5096,0.184211
27.5762,0.182566
27.6428,0.179276
27.7094,0.177632
27.776,0.185855
27.8426,0.189145
27.9092,0.1875
27.9759,0.1875
28.0425,0.185855
28.1091,0.194079
28.1757,0.189145
28.2423,0.197368
28.3089,0.194079
28.3755,0.200658
28.4421,0.203947
28.5087,0.210526
28.5753,0.208882
28.6419,0.230263
28.7086,0.225329
28.7752,0.21875
28.8418,0.223684
28.9084,0.213816
28.975,0.222039
29.0416,0.228618
29.1082,0.240132
29.1748,0.235197
29.2414,0.233553
29.308,0.226974
29.3746,0.225329
29.4413,0.236842
29.5079,0.236842
29.5745,0.233553
29.6411,0.222039
29.7077,0.236842
29.7743,0.251645
29.8409,0.253289
29.9075,0.235197
29.9741,0.231908
30.0407,0.25
30.1073,0.243421
30.174,0.246711
30.2406,0.243421
30.3072,0.258224
30.3738,0.266447
30.4404,0.264803
30.507,0.248355
30.5736,0.245066
30.6402,0.246711
30.7068,0.261513
30.7734,0.264803
30.8401,0.277961
30.9067,0.274671
30.9733,0.274671
31.0399,0.276316
31.1065,0.277961
31.1731,0.269737
31.2397,0.269737
31.3063,0.268092
31.3729,0.274671
31.4395,0.271382
31.5061,0.264803
31.5728,0.264803
31.6394,0.264803
31.706,0.279605
31.7726,0.268092
31.8392,0.261513
31.9058,0.261513
31.9724,0.256579
32.039,0.263158
32.1056,0.261513
32.1722,0.261513
32.2388,0.259868
32.3055,0.258224
32.3721,0.248355
32.4387,0.256579
32.5053,0.259868
32.5719,0.261513
32.6385,0.264803
32.7051,0.268092
32.7717,0.266447
32.8383,0.261513
32.9049,0.254934
32.9715,0.254934
33.0382,0.254934
33.1048,0.261513
33.1714,0.266447
33.238,0.271382
33.3046,0.273026
33.3712,0.264803
33.4378,0.279605
33.5044,0.292763
33.571,0.294408
33.6376,0.291118
33.7042,0.302632
33.7709,0.305921
33.8375,0.304276
33.9041,0.309211
33.9707,0.315789
34.0373,0.327303
34.1039,0.327303
34.1705,0.333882
34.2371,0.338816
34.3037,0.330592
34.3703,0.332237
34.4369,0.325658
34.5036,0.342105
34.5702,0.338816
34.6368,0.366776
34.7034,0.360197
34.77,0.353618
34.8366,0.365132
34.9032,0.375
34.9698,0.368421
35.0364,0.368421
35.103,0.368421
35.1696,0.368421
35.2363,0.370066
35.3029,0.371711
35.3695,0.366776
35.4361,0.370066
35.5027,0.371711
35.5693,0.379934
35.6359,0.379934
35.7025,0.370066
35.7691,0.366776
35.8357,0.379934
35.9023,0.375
35.969,0.368421
36.0356,0.378289
36.1022,0.371711
36.1688,0.366776
36.2354,0.366776
36.302,0.348684
36.3686,0.340461
36.4352,0.355263
36.5018,0.342105
36.5684,0.345395
36.635,0.348684
36.7017,0.338816
36.7683,0.337171
36.8349,0.345395
36.9015,0.342105
36.9681,0.335526
37.0347,0.327303
37.1013,0.325658
37.1679,0.314145
37.2345,0.3125
37.3011,0.3125
37.3678,0.319079
37.4344,0.333882
37.501,0.337171
37.5676,0.338816
37.6342,0.350329
37.7008,0.34375
37.7674,0.342105
37.834,0.338816
37.9006,0.347039
37.9672,0.351974
38.0338,0.351974
38.1005,0.350329
38.1671,0.345395
38.2337,0.355263
38.3003,0.358553
38.3669,0.356908
38.4335,0.360197
38.5001,0.361842
38.5667,0.363487
38.6333,0.361842
38.6999,0.368421
38.7665,0.373355
38.8332,0.376645
38.8998,0.376645
38.9664,0.378289
39.033,0.381579
39.0996,0.376645
39.1662,0.381579
39.2328,0.376645
39.2994,0.379934
39.366,0.388158
39.4326,0.391447
39.4992,0.389803
39.5659,0.399671
39.6325,0.407895
39.6991,0.409539
39.7657,0.416118
39.8323,0.421053
39.8989,0.419408
39.9655,0.419408
40.0321,0.425987
40.0987,0.439145
40.1653,0.442434
40.2319,0.442434
40.2986,0.449013
40.3652,0.460526
40.4318,0.452303
40.4984,0.449013
40.565,0.444079
40.6316,0.458882
40.6982,0.480263
40.7648,0.475329
40.8314,0.472039
40.898,0.490132
40.9646,0.495066
41.0313,0.5
41.0979,0.508224
41.1645,0.495066
41.2311,0.478618
41.2977,0.488487
41.3643,0.483553
41.4309,0.498355
41.4975,0.506579
41.5641,0.508224
41.6307,0.511513
41.6973,0.514803
41.764,0.511513
41.8306,0.509868
41.8972,0.521382
41.9638,0.524671
42.0304,0.526316
42.097,0.523026
42.1636,0.514803
42.2302,0.513158
42.2968,0.514803
42.3634,0.516447
42.43,0.516447
42.4967,0.521382
42.5633,0.516447
42.6299,0.516447
42.6965,0.513158
42.7631,0.513158
42.8297,0.521382
42.8963,0.519737
42.9629,0.524671
43.0295,0.526316
43.0961,0.516447
43.1627,0.518092
43.2294,0.524671
43.296,0.53125
43.3626,0.518092
43.4292,0.529605
43.4958,0.524671
43.5624,0.529605
43.629,0.523026
43.6956,0.532895
43.7622,0.537829
43.8288,0.537829
43.8954,0.542763
43.9621,0.547697
44.0287,0.541118
44.0953,0.541118
44.1619,0.537829
44.2285,0.539474
44.2951,0.542763
44.3617,0.544408
44.4283,0.546053
44.4949,0.546053
44.5615,0.541118
44.6282,0.529605
44.6948,0.534539
44.7614,0.541118
44.828,0.536184
44.8946,0.539474
44.9612,0.539474
45.0278,0.544408
45.0944,0.541118
45.161,0.541118
45.2276,0.536184
45.2942,0.534539
45.3609,0.541118
45.4275,0.534539
45.4941,0.53125
45.5607,0.529605
45.6273,0.527961
45.6939,0.534539
45.7605,0.53125
45.8271,0.524671
45.8937,0.527961
45.9603,0.53125
46.0269,0.534539
46.0936,0.53125
46.1602,0.521382
46.2268,0.524671
46.2934,0.539474
46.36,0.537829
46.4266,0.536184
46.4932,0.542763
46.5598,0.546053
46.6264,0.549342
46.693,0.554276
46.7596,0.559211
46.8263,0.550987
46.8929,0.550987
46.9595,0.549342
47.0261,0.546053
47.0927,0.554276
47.1593,0.547697
47.2259,0.544408
47.2925,0.541118
47.3591,0.542763
47.4257,0.536184
47.4923,0.542763
47.559,0.547697
47.6256,0.555921
47.6922,0.554276
47.7588,0.555921
47.8254,0.550987
47.892,0.550987
47.9586,0.552632
48.0252,0.559211
48.0918,0.565789
48.1584,0.565789
48.225,0.565789
48.2917,0.564145
48.3583,0.567434
48.4249,0.560855
48.4915,0.552632
48.5581,0.557566
48.6247,0.560855
48.6913,0.5625
48.7579,0.559211
48.8245,0.5625
48.8911,0.557566
48.9577,0.559211
49.0244,0.565789
49.091,0.567434
49.1576,0.565789
49.2242,0.560855
49.2908,0.5625
49.3574,0.560855
49.424,0.560855
49.4906,0.555921
49.5572,0.555921
49.6238,0.569079
49.6904,0.569079
49.7571,0.574013
49.8237,0.577303
49.8903,0.582237
49.9569,0.582237
50.0235,0.587171
50.0901,0.585526
50.1567,0.580592
50.2233,0.578947
50.2899,0.580592
50.3565,0.578947
50.4231,0.574013
50.4898,0.575658
50.5564,0.577303
50.623,0.572368
50.6896,0.572368
50.7562,0.577303
50.8228,0.575658
50.8894,0.574013
50.956,0.572368
51.0226,0.572368
51.0892,0.572368
51.1559,0.570724
51.2225,0.569079
51.2891,0.5625
51.3557,0.572368
51.4223,0.569079
51.4889,0.572368
51.5555,0.570724
51.6221,0.569079
51.6887,0.570724
51.7553,0.575658
51.8219,0.575658
51.8886,0.572368
51.9552,0.570724
52.0218,0.567434
52.0884,0.575658
52.155,0.574013
52.2216,0.572368
52.2882,0.572368
52.3548,0.570724
52.4214,0.567434
52.488,0.567434
52.5546,0.565789
52.6213,0.565789
52.6879,0.569079
52.7545,0.575658
52.8211,0.577303
52.8877,0.574013
52.9543,0.580592
53.0209,0.580592
53.0875,0.580592
53.1541,0.574013
53.2207,0.580592
53.2873,0.577303
53.354,0.574013
53.4206,0.567434
53.4872,0.578947
53.5538,0.585526
53.6204,0.585526
53.687,0.582237
53.7536,0.575658
53.8202,0.574013
53.8868,0.567434
53.9534,0.569079
54.02,0.574013
54.0867,0.572368
54.1533,0.575658
54.2199,0.570724
54.2865,0.575658
54.3531,0.578947
54.4197,0.574013
54.4863,0.574013
54.5529,0.578947
54.6195,0.59375
54.6861,0.590461
54.7527,0.592105
54.8194,0.590461
54.886,0.587171
54.9526,0.587171
55.0192,0.588816
55.0858,0.588816
55.1524,0.585526
55.219,0.585526
55.2856,0.585526
55.3522,0.588816
55.4188,0.590461
55.4854,0.585526
55.5521,0.583882
55.6187,0.578947
55.6853,0.580592
55.7519,0.583882
55.8185,0.582237
55.8851,0.592105
55.9517,0.595395
56.0183,0.597039
56.0849,0.597039
56.1515,0.595395
56.2181,0.59375
56.2848,0.601974
56.3514,0.598684
56.418,0.597039
56.4846,0.598684
56.5512,0.595395
56.6178,0.600329
56.6844,0.603618
56.751,0.603618
56.8176,0.605263
56.8842,0.601974
56.9508,0.597039
57.0175,0.59375
57.0841,0.583882
57.1507,0.583882
57.2173,0.580592
57.2839,0.583882
57.3505,0.587171
57.4171,0.583882
57.4837,0.592105
57.5503,0.588816
57.6169,0.583882
57.6836,0.585526
57.7502,0.583882
57.8168,0.592105
57.8834,0.590461
57.95,0.582237
58.0166,0.585526
58.0832,0.580592
58.1498,0.580592
58.2164,0.577303
58.283,0.578947
58.3496,0.578947
58.4163,0.578947
58.4829,0.577303
58.5495,0.575658
58.6161,0.587171
58.6827,0.588816
58.7493,0.588816
58.8159,0.588816
58.8825,0.587171
58.9491,0.590461
59.0157,0.588816
59.0823,0.587171
59.149,0.587171
59.2156,0.587171
59.2822,0.577303
59.3488,0.578947
59.4154,0.582237
59.482,0.582237
59.5486,0.580592
59.6152,0.578947
59.6818,0.580592
59.7484,0.580592
59.815,0.580592
59.8817,0.577303
59.9483,0.577303
60.0149,0.578947
60.0815,0.582237
60.1481,0.582237
60.2147,0.582237
60.2813,0.587171
60.3479,0.585526
60.4145,0.587171
60.4811,0.577303
60.5477,0.577303
60.6144,0.578947
60.681,0.587171
60.7476,0.583882
60.8142,0.587171
60.8808,0.583882
60.9474,0.577303
61.014,0.575658
61.0806,0.575658
61.1472,0.575658
61.2138,0.574013
61.2804,0.570724
61.3471,0.572368
61.4137,0.572368
61.4803,0.572368
61.5469,0.570724
61.6135,0.572368
61.6801,0.572368
61.7467,0.574013
61.8133,0.570724
61.8799,0.570724
61.9465,0.567434
62.0131,0.567434
62.0798,0.570724
62.1464,0.569079
62.213,0.567434
62.2796,0.572368
62.3462,0.572368
62.4128,0.572368
62.4794,0.569079
62.546,0.569079
62.6126,0.572368
62.6792,0.572368
62.7458,0.572368
62.8125,0.577303
62.8791,0.575658
62.9457,0.580592
63.0123,0.578947
63.0789,0.575658
63.1455,0.578947
63.2121,0.582237
63.2787,0.580592
63.3453,0.580592
63.4119,0.577303
63.4785,0.578947
63.5452,0.575658
63.6118,0.574013
63.6784,0.574013
63.745,0.575658
63.8116,0.575658
63.8782,0.577303
63.9448,0.575658
64.0114,0.575658
64.078,0.582237
64.1446,0.580592
64.2112,0.582237
64.2779,0.575658
64.3445,0.577303
64.4111,0.578947
64.4777,0.577303
64.5443,0.577303
64.6109,0.580592
64.6775,0.582237
64.7441,0.585526
64.8107,0.585526
64.8773,0.585526
64.944,0.587171
65.0106,0.583882
65.0772,0.578947
65.1438,0.578947
65.2104,0.578947
65.277,0.583882
65.3436,0.578947
65.4102,0.574013
65.4768,0.580592
65.5434,0.580592
65.61,0.588816
65.6767,0.588816
65.7433,0.588816
65.8099,0.588816
65.8765,0.59375
65.9431,0.590461
66.0097,0.590461
66.0763,0.592105
66.1429,0.588816
66.2095,0.587171
66.2761,0.590461
66.3427,0.588816
66.4094,0.585526
66.476,0.585526
66.5426,0.587171
66.6092,0.585526
66.6758,0.592105
66.7424,0.590461
66.809,0.590461
66.8756,0.592105
66.9422,0.597039
67.0088,0.597039
67.0754,0.601974
67.1421,0.601974
67.2087,0.600329
67.2753,0.600329
67.3419,0.592105
67.4085,0.590461
67.4751,0.590461
67.5417,0.592105
67.6083,0.595395
67.6749,0.595395
67.7415,0.588816
67.8081,0.585526
67.8748,0.582237
67.9414,0.585526
68.008,0.582237
68.0746,0.578947
68.1412,0.575658
68.2078,0.567434
68.2744,0.569079
68.341,0.578947
68.4076,0.575658
68.4742,0.575658
68.5408,0.572368
68.6075,0.572368
68.6741,0.570724
68.7407,0.569079
68.8073,0.570724
68.8739,0.570724
68.9405,0.567434
69.0071,0.582237
69.0737,0.580592
69.1403,0.580592
69.2069,0.572368
69.2735,0.574013
69.3402,0.577303
69.4068,0.575658
69.4734,0.577303
69.54,0.582237
69.6066,0.580592
69.6732,0.580592
69.7398,0.578947
69.8064,0.577303
69.873,0.583882
69.9396,0.585526
70.0062,0.587171
70.0729,0.587171
70.1395,0.585526
70.2061,0.587171
70.2727,0.585526
70.3393,0.580592
70.4059,0.578947
70.4725,0.585526
70.5391,0.582237
70.6057,0.583882
70.6723,0.588816
70.7389,0.587171
70.8056,0.575658
70.8722,0.577303
70.9388,0.580592
71.0054,0.577303
71.072,0.575658
71.1386,0.578947
71.2052,0.580592
71.2718,0.575658
71.3384,0.575658
71.405,0.572368
71.4717,0.572368
71.5383,0.570724
71.6049,0.574013
71.6715,0.572368
71.7381,0.574013
71.8047,0.570724
71.8713,0.570724
71.9379,0.570724
72.0045,0.570724
72.0711,0.570724
72.1377,0.572368
72.2044,0.570724
72.271,0.569079
72.3376,0.585526
72.4042,0.580592
72.4708,0.577303
72.5374,0.575658
72.604,0.575658
72.6706,0.577303
72.7372,0.575658
72.8038,0.574013
72.8704,0.577303
72.9371,0.580592
73.0037,0.582237
73.0703,0.580592
73.1369,0.582237
73.2035,0.582237
73.2701,0.582237
73.3367,0.578947
73.4033,0.575658
73.4699,0.577303
73.5365,0.575658
73.6031,0.574013
73.6698,0.574013
73.7364,0.574013
73.803,0.575658
73.8696,0.575658
73.9362,0.577303
74.0028,0.585526
74.0694,0.588816
74.136,0.580592
74.2026,0.582237
74.2692,0.578947
74.3358,0.580592
74.4025,0.580592
74.4691,0.583882
74.5357,0.574013
74.6023,0.570724
74.6689,0.570724
74.7355,0.570724
74.8021,0.577303
74.8687,0.578947
74.9353,0.577303
75.0019,0.577303
75.0685,0.570724
75.1352,0.570724
75.2018,0.569079
75.2684,0.567434
75.335,0.567434
75.4016,0.570724
75.4682,0.567434
75.5348,0.565789
75.6014,0.557566
75.668,0.575658
75.7346,0.578947
75.8012,0.569079
75.8679,0.572368
75.9345,0.575658
76.0011,0.578947
76.0677,0.578947
76.1343,0.582237
76.2009,0.583882
76.2675,0.587171
76.3341,0.585526
76.4007,0.580592
76.4673,0.580592
76.5339,0.585526
76.6006,0.580592
76.6672,0.585526
76.7338,0.582237
76.8004,0.574013
76.867,0.577303
76.9336,0.577303
77.0002,0.577303
77.0668,0.578947
77.1334,0.582237
77.2,0.583882
77.2666,0.583882
77.3333,0.577303
77.3999,0.577303
77.4665,0.575658
77.5331,0.572368
77.5997,0.569079
77.6663,0.567434
77.7329,0.572368
77.7995,0.575658
77.8661,0.572368
77.9327,0.572368
77.9994,0.570724
78.066,0.577303
78.1326,0.572368
78.1992,0.564145
78.2658,0.565789
78.3324,0.5625
78.399,0.567434
78.4656,0.565789
78.5322,0.570724
78.5988,0.567434
78.6654,0.565789
78.7321,0.570724
78.7987,0.567434
78.8653,0.569079
78.9319,0.570724
78.9985,0.577303
79.0651,0.569079
79.1317,0.578947
79.1983,0.582237
79.2649,0.587171
79.3315,0.577303
79.3981,0.574013
79.4648,0.575658
79.5314,0.572368
79.598,0.574013
79.6646,0.574013
79.7312,0.575658
79.7978,0.575658
79.8644,0.577303
79.931,0.583882
79.9976,0.580592
80.0642,0.580592
80.1308,0.578947
80.1975,0.582237
80.2641,0.578947
80.3307,0.582237
80.3973,0.582237
80.4639,0.582237
80.5305,0.580592
80.5971,0.580592
80.6637,0.580592
80.7303,0.583882
80.7969,0.582237
80.8635,0.585526
80.9302,0.577303
80.9968,0.578947
81.0634,0.582237
81.13,0.582237
81.1966,0.585526
81.2632,0.583882
81.3298,0.582237
81.3964,0.582237
81.463,0.583882
81.5296,0.582237
81.5962,0.580592
81.6629,0.578947
81.7295,0.578947
81.7961,0.580592
81.8627,0.583882
81.9293,0.580592
81.9959,0.582237
82.0625,0.582237
82.1291,0.582237
82.1957,0.577303
82.2623,0.585526
82.3289,0.588816
82.3956,0.588816
82.4622,0.585526
82.5288,0.585526
82.5954,0.585526
82.662,0.582237
82.7286,0.583882
82.7952,0.588816
82.8618,0.590461
82.9284,0.588816
82.995,0.585526
83.0616,0.597039
83.1283,0.59375
83.1949,0.592105
83.2615,0.590461
83.3281,0.588816
83.3947,0.590461
83.4613,0.590461
83.5279,0.590461
83.5945,0.588816
83.6611,0.588816
83.7277,0.588816
83.7943,0.590461
83.861,0.590461
83.9276,0.592105
83.9942,0.588816
84.0608,0.588816
84.1274,0.590461
84.194,0.592105
84.2606,0.59375
84.3272,0.59375
84.3938,0.590461
84.4604,0.588816
84.527,0.59375
84.5937,0.595395
84.6603,0.598684
84.7269,0.595395
84.7935,0.588816
84.8601,0.588816
84.9267,0.587171
84.9933,0.587171
85.0599,0.590461
85.1265,0.608553
85.1931,0.598684
85.2598,0.588816
85.3264,0.582237
85.393,0.578947
85.4596,0.580592
85.5262,0.587171
85.5928,0.583882
85.6594,0.590461
85.726,0.598684
85.7926,0.592105
85.8592,0.59375
85.9258,0.59375
85.9925,0.59375
86.0591,0.592105
86.1257,0.59375
86.1923,0.598684
86.2589,0.59375
86.3255,0.600329
86.3921,0.59375
86.4587,0.590461
86.5253,0.598684
86.5919,0.590461
86.6585,0.590461
86.7252,0.592105
86.7918,0.595395
86.8584,0.595395
86.925,0.59375
86.9916,0.592105
87.0582,0.592105
87.1248,0.592105
87.1914,0.59375
87.258,0.590461
87.3246,0.580592
87.3912,0.580592
87.4579,0.580592
87.5245,0.582237
87.5911,0.582237
87.6577,0.575658
87.7243,0.577303
87.7909,0.574013
87.8575,0.572368
87.9241,0.572368
87.9907,0.575658
88.0573,0.580592
88.1239,0.578947
88.1906,0.582237
88.2572,0.580592
88.3238,0.582237
88.3904,0.583882
88.457,0.583882
88.5236,0.575658
88.5902,0.574013
88.6568,0.572368
88.7234,0.577303
88.79,0.575658
88.8566,0.575658
88.9233,0.577303
88.9899,0.583882
89.0565,0.582237
89.1231,0.582237
89.1897,0.582237
89.2563,0.580592
89.3229,0.583882
89.3895,0.585526
89.4561,0.582237
89.5227,0.578947
89.5893,0.578947
89.656,0.578947
89.7226,0.578947
89.7892,0.580592
89.8558,0.582237
89.9224,0.582237
89.989,0.580592
90.0556,0.585526
90.1222,0.588816
90.1888,0.587171
90.2554,0.587171
90.322,0.583882
90.3887,0.588816
90.4553,0.585526
90.5219,0.587171
90.5885,0.585526
90.6551,0.578947
90.7217,0.578947
90.7883,0.580592
90.8549,0.578947
90.9215,0.583882
90.9881,0.583882
91.0547,0.583882
91.1214,0.583882
91.188,0.578947
91.2546,0.580592
91.3212,0.590461
91.3878,0.59375
91.4544,0.588816
91.521,0.588816
91.5876,0.587171
91.6542,0.587171
91.7208,0.587171
91.7875,0.592105
91.8541,0.588816
91.9207,0.588816
91.9873,0.578947
92.0539,0.580592
92.1205,0.578947
92.1871,0.580592
92.2537,0.585526
92.3203,0.570724
92.3869,0.570724
92.4535,0.567434
92.5202,0.569079
92.5868,0.575658
92.6534,0.574013
92.72,0.577303
92.7866,0.572368
92.8532,0.574013
92.9198,0.577303
92.9864,0.580592
93.053,0.575658
93.1196,0.574013
93.1862,0.569079
93.2529,0.569079
93.3195,0.570724
93.3861,0.569079
93.4527,0.574013
93.5193,0.569079
93.5859,0.574013
93.6525,0.574013
93.7191,0.575658
93.7857,0.578947
93.8523,0.577303
93.9189,0.575658
93.9856,0.574013
94.0522,0.570724
94.1188,0.569079
94.1854,0.572368
94.252,0.575658
94.3186,0.578947
94.3852,0.578947
94.4518,0.582237
94.5184,0.585526
94.585,0.59375
94.6516,0.595395
94.7183,0.595395
94.7849,0.583882
94.8515,0.583882
94.9181,0.574013
94.9847,0.585526
95.0513,0.592105
95.1179,0.598684
95.1845,0.610197
95.2511,0.611842
95.3177,0.606908
95.3843,0.608553
95.451,0.613487
95.5176,0.625
95.5842,0.621711
95.6508,0.626645
95.7174,0.616776
95.784,0.629934
95.8506,0.634868
95.9172,0.636513
95.9838,0.629934
96.0504,0.626645
96.117,0.623355
96.1837,0.621711
96.2503,0.618421
96.3169,0.618421
96.3835,0.628289
96.4501,0.623355
96.5167,0.638158
96.5833,0.651316
96.6499,0.641447
96.7165,0.643092
96.7831,0.641447
96.8497,0.641447
96.9164,0.618421
96.983,0.618421
97.0496,0.616776
97.1162,0.646382
97.1828,0.639803
97.2494,0.638158
97.316,0.629934
97.3826,0.639803
97.4492,0.659539
97.5158,0.684211
97.5824,0.677632
97.6491,0.672697
97.7157,0.669408
97.7823,0.661184
97.8489,0.651316
97.9155,0.654605
97.9821,0.666118
98.0487,0.667763
98.1153,0.675987
98.1819,0.654605
98.2485,0.677632
98.3152,0.659539
98.3818,0.661184
98.4484,0.657895
98.515,0.680921
98.5816,0.679276
98.6482,0.669408
98.7148,0.672697
98.7814,0.629934
98.848,0.638158
98.9146,0.643092
98.9812,0.636513
99.0479,0.648026
99.1145,0.651316
99.1811,0.684211
99.2477,0.662829
99.3143,0.675987
99.3809,0.664474
99.4475,0.685855
99.5141,0.679276
99.5807,0.675987
99.6473,0.675987
99.7139,0.690789
99.7806,0.646382
99.8472,0.675987
99.9138,0.705592
99.9804,0.702303
100.047,0.689145
100.114,0.674342
100.18,0.71875
100.247,0.707237
100.313,0.712171
100.38,0.710526
100.447,0.697368
100.513,0.715461
100.58,0.733553
100.646,0.700658
100.713,0.741776
100.78,0.708882
100.846,0.717105
100.913,0.717105
100.98,0.697368
101.046,0.672697
101.113,0.669408
101.179,0.689145
101.246,0.652961
101.313,0.65625
101.379,0.592105
101.446,0.592105
101.512,0.639803
101.579,0.610197
101.646,0.618421
101.712,0.616776
101.779,0.623355
101.845,0.608553
101.912,0.621711
101.979,0.641447
102.045,0.649671
102.112,0.652961
102.178,0.677632
102.245,0.664474
102.312,0.620066
102.378,0.631579
102.445,0.628289
102.512,0.633224
102.578,0.621711
102.645,0.625
102.711,0.613487
102.778,0.626645
102.845,0.615132
102.911,0.590461
102.978,0.601974
103.044,0.608553
103.111,0.613487
103.178,0.606908
103.244,0.569079
103.311,0.583882
103.377,0.577303
103.444,0.588816
103.511,0.588816
103.577,0.565789
103.644,0.574013
103.71,0.567434
103.777,0.582237
103.844,0.547697
103.91,0.542763
103.977,0.537829
104.044,0.549342
104.11,0.532895
104.177,0.532895
104.243,0.542763
104.31,0.542763
104.377,0.516447
104.443,0.574013
104.51,0.5625
104.576,0.567434
104.643,0.536184
104.71,0.53125
104.776,0.541118
104.843,0.544408
104.909,0.574013
104.976,0.587171
105.043,0.588816
105.109,0.557566
105.176,0.567434
105.243,0.567434
105.309,0.547697
105.376,0.524671
105.442,0.547697
105.509,0.597039
105.576,0.595395
105.642,0.585526
105.709,0.577303
105.775,0.574013
105.842,0.565789
105.909,0.575658
105.975,0.523026
106.042,0.569079
106.108,0.572368
106.175,0.559211
106.242,0.557566
106.308,0.544408
106.375,0.559211
106.441,0.552632
106.508,0.595395
106.575,0.575658
106.641,0.575658
106.708,0.59375
106.775,0.580592
106.841,0.574013
106.908,0.598684
106.974,0.577303
107.041,0.569079
107.108,0.546053
107.174,0.534539
107.241,0.541118
107.307,0.544408
107.374,0.578947
107.441,0.625
107.507,0.616776
107.574,0.569079
107.64,0.554276
107.707,0.509868
107.774,0.521382
107.84,0.495066
107.907,0.577303
107.973,0.524671
108.04,0.552632
108.107,0.532895
108.173,0.483553
108.24,0.518092
108.307,0.519737
108.373,0.501645
108.44,0.524671
108.506,0.481908
108.573,0.480263
108.64,0.486842
108.706,0.503289
108.773,0.481908
108.839,0.508224
108.906,0.557566
108.973,0.534539
109.039,0.529605
109.106,0.501645
109.172,0.521382
109.239,0.536184
109.306,0.550987
109.372,0.516447
109.439,0.503289
109.505,0.524671
109.572,0.508224
109.639,0.496711
109.705,0.508224
109.772,0.46875
109.839,0.478618
109.905,0.501645
109.972,0.549342
110.038,0.519737
110.105,0.532895
110.172,0.501645
110.238,0.509868
110.305,0.490132
110.371,0.527961
110.438,0.523026
110.505,0.557566
110.571,0.504934
110.638,0.509868
110.704,0.493421
110.771,0.493421
110.838,0.5
110.904,0.521382
110.971,0.550987
111.038,0.524671
111.104,0.483553
111.171,0.521382
111.237,0.495066
111.304,0.519737
111.371,0.523026
111.437,0.518092
111.504,0.465461
111.57,0.486842
111.637,0.496711
111.704,0.480263
111.77,0.508224
111.837,0.483553
111.903,0.467105
111.97,0.493421
112.037,0.481908
112.103,0.462171
112.17,0.470395
112.236,0.475329
112.303,0.463816
112.37,0.463816
112.436,0.475329
112.503,0.465461
112.57,0.472039
112.636,0.463816
112.703,0.486842
112.769,0.46875
112.836,0.486842
112.903,0.506579
112.969,0.470395
113.036,0.488487
113.102,0.518092
113.169,0.547697
113.236,0.544408
113.302,0.583882
113.369,0.567434
113.435,0.59375
113.502,0.583882
113.569,0.527961
113.635,0.570724
113.702,0.550987
113.768,0.569079
113.835,0.542763
113.902,0.564145
113.968,0.582237
114.035,0.580592
114.102,0.536184
114.168,0.541118
114.235,0.549342
114.301,0.554276
114.368,0.519737
114.435,0.527961
114.501,0.529605
114.568,0.518092
114.634,0.529605
114.701,0.559211
114.768,0.559211
114.834,0.542763
114.901,0.5625
114.967,0.539474
115.034,0.549342
115.101,0.534539
115.167,0.521382
115.234,0.537829
115.3,0.501645
115.367,0.481908
115.434,0.462171
115.5,0.472039
115.567,0.444079
115.634,0.422697
115.7,0.434211
115.767,0.414474
115.833,0.407895
115.9,0.422697
115.967,0.417763
116.033,0.424342
116.1,0.391447
116.166,0.389803
116.233,0.368421
116.3,0.338816
116.366,0.34375
116.433,0.325658
116.499,0.353618
116.566,0.34375
116.633,0.333882
116.699,0.305921
116.766,0.296053
116.833,0.315789
116.899,0.319079
116.966,0.299342
117.032,0.297697
117.099,0.271382
117.166,0.307566
117.232,0.315789
117.299,0.320724
117.365,0.305921
117.432,0.319079
117.499,0.338816
117.565,0.314145
117.632,0.284539
117.698,0.335526
117.765,0.328947
117.832,0.304276
117.898,0.3125
117.965,0.320724
118.031,0.319079
118.098,0.324013
118.165,0.324013
118.231,0.338816
118.298,0.360197
118.365,0.325658
118.431,0.315789
118.498,0.328947
118.564,0.322368
118.631,0.300987
118.698,0.319079
118.764,0.286184
118.831,0.289474
118.897,0.279605
118.964,0.305921
119.031,0.296053
119.097,0.286184
119.164,0.282895
119.23,0.269737
119.297,0.21875
119.364,0.268092
119.43,0.274671
119.497,0.21875
119.563,0.21875
119.63,0.230263
119.697,0.203947
119.763,0.207237
119.83,0.203947
119.897,0.222039
119.963,0.222039
120.03,0.212171
120.096,0.212171
120.163,0.213816
120.23,0.217105
120.296,0.228618
120.363,0.174342
120.429,0.210526
120.496,0.238487
120.563,0.217105
120.629,0.223684
120.696,0.222039
120.762,0.215461
120.829,0.212171
120.896,0.197368
120.962,0.185855
121.029,0.189145
121.095,0.205592
121.162,0.202303
121.229,0.200658
121.295,0.199013
121.362,0.199013
121.429,0.225329
121.495,0.217105
121.562,0.200658
121.628,0.205592
121.695,0.236842
121.762,0.220395
121.828,0.235197
121.895,0.231908
121.961,0.243421
122.028,0.236842
122.095,0.243421
122.161,0.208882
122.228,0.235197
122.294,0.189145
122.361,0.236842
122.428,0.25
122.494,0.202303
122.561,0.197368
122.628,0.195724
122.694,0.199013
122.761,0.177632
122.827,0.177632
122.894,0.199013
122.961,0.208882
123.027,0.184211
123.094,0.190789
123.16,0.157895
123.227,0.162829
123.294,0.144737
123.36,0.161184
123.427,0.161184
123.493,0.157895
123.56,0.146382
123.627,0.131579
123.693,0.118421
123.76,0.151316
123.826,0.139803
123.893,0.162829
123.96,0.129934
124.026,0.128289
124.093,0.162829
124.16,0.143092
124.226,0.128289
124.293,0.129934
124.359,0.121711
124.426,0.136513
124.493,0.172697
124.559,0.159539
124.626,0.171053
124.692,0.175987
124.759,0.171053
124.826,0.171053
124.892,0.179276
124.959,0.164474
125.025,0.162829
125.092,0.192434
125.159,0.157895
125.225,0.177632
125.292,0.169408
125.358,0.157895
125.425,0.171053
125.492,0.1875
125.558,0.213816
125.625,0.200658
125.692,0.189145
125.758,0.203947
125.825,0.210526
125.891,0.228618
125.958,0.233553
126.025,0.231908
126.091,0.236842
126.158,0.253289
126.224,0.25
126.291,0.225329
126.358,0.259868
126.424,0.254934
126.491,0.248355
126.557,0.228618
126.624,0.256579
126.691,0.246711
126.757,0.28125
126.824,0.317434
126.89,0.291118
126.957,0.351974
127.024,0.315789
127.09,0.314145
127.157,0.287829
127.224,0.276316
127.29,0.294408
127.357,0.325658
127.423,0.292763
127.49,0.307566
127.557,0.284539
127.623,0.287829
127.69,0.302632
127.756,0.264803
127.823,0.273026
127.89,0.241776
127.956,0.258224
128.023,0.246711
128.089,0.292763
128.156,0.228618
128.223,0.245066
128.289,0.217105
128.356,0.225329
128.422,0.243421
128.489,0.236842
128.556,0.215461
128.622,0.217105
128.689,0.207237
128.756,0.190789
128.822,0.205592
128.889,0.194079
128.955,0.167763
129.022,0.162829
129.089,0.197368
129.155,0.167763
129.222,0.148026
129.288,0.149671
129.355,0.172697
129.422,0.15625
129.488,0.129934
129.555,0.123355
129.621,0.138158
129.688,0.133224
129.755,0.149671
129.821,0.143092
129.888,0.133224
129.955,0.128289
130.021,0.115132
130.088,0.0871711
130.154,0.106908
130.221,0.108553
130.288,0.09375
130.354,0.0707237
130.421,0.0855263
130.487,0.0608553
130.554,0.0625
130.621,0.0542763
130.687,0.0427632
130.754,0.0460526
130.82,0.0460526
130.887,0.0345395
130.954,0.0378289
131.02,0.0361842
131.087,0.0378289
131.153,0.03125
131.22,0.0296053
131.287,0.0164474
131.353,0.00986842
131.42,0.0131579
131.487,0.00822368
131.553,0.0148026
131.62,0.0131579
131.686,0.00822368
131.753,0.00657895
131.82,0.00657895
131.886,0.00164474
131.953,0
132.019,0
132.086,0
132.153,0.00164474
132.219,0.00164474
132.286,0.00164474
132.352,0
132.419,0
132.486,0
132.552,0
132.619,0
132.685,0
132.752,0
132.819,0
132.885,0.00164474
132.952,0.00328947
133.019,0.00328947
133.085,0.00493421
133.152,0
133.218,0
133.285,0
133.352,0.00328947
133.418,0.00493421
133.485,0.0197368
133.551,0.0378289
133.618,0.0361842
133.685,0.0394737
133.751,0.0592105
133.818,0.0674342
133.884,0.0888158
133.951,0.0855263
134.018,0.0888158
134.084,0.0986842
134.151,0.115132
134.217,0.125
134.284,0.134868
134.351,0.151316
134.417,0.151316
134.484,0.161184
134.551,0.185855
134.617,0.172697
134.684,0.1875
134.75,0.195724
134.817,0.195724
134.884,0.205592
134.95,0.258224
135.017,0.236842
135.083,0.236842
135.15,0.261513
135.217,0.261513
135.283,0.25
135.35,0.273026
135.416,0.264803
135.483,0.228618
135.55,0.253289
135.616,0.254934
135.683,0.261513
135.75,0.246711
135.816,0.226974
135.883,0.192434
135.949,0.231908
136.016,0.164474
136.083,0.194079
136.149,0.222039
136.216,0.207237
136.282,0.189145
136.349,0.197368
136.416,0.129934
136.482,0.159539
136.549,0.144737
136.615,0.149671
136.682,0.141447
136.749,0.0888158
136.815,0.121711
136.882,0.134868
136.948,0.0871711
137.015,0.0986842
137.082,0.0986842
137.148,0.106908
137.215,0.0970395
137.282,0.0838816
137.348,0.0476974
137.415,0.0592105
137.481,0.0707237
137.548,0.0608553
137.615,0.0411184
137.681,0.0361842
137.748,0.0460526
137.814,0.0476974
137.881,0.0378289
137.948,0.0394737
138.014,0.03125
138.081,0.0444079
138.147,0.0328947
138.214,0.03125
138.281,0.0246711
138.347,0.0197368
138.414,0.0148026
138.48,0.00822368
138.547,0.0148026
138.614,0.0213816
138.68,0.0213816
138.747,0.0164474
138.814,0.0148026
138.88,0.00493421
138.947,0.00822368
139.013,0.0131579
139.08,0.0115132
139.147,0.0131579
139.213,0.00986842
139.28,0.00822368
139.346,0.00822368
139.413,0.00822368
139.48,0.00986842
139.546,0.00328947
139.613,0.00493421
139.679,0
139.746,0.00164474
139.813,0.00493421
139.879,0.00493421
139.946,0.00164474
140.012,0
140.079,0.00657895
140.146,0.00493421
140.212,0.00986842
140.279,0.0148026
140.346,0.0197368
140.412,0.0279605
140.479,0.0328947
140.545,0.0296053
140.612,0.0296053
140.679,0.0444079
140.745,0.0444079
140.812,0.0509868
140.878,0.0625
140.945,0.0641447
141.012,0.0789474
141.078,0.0904605
141.145,0.0904605
141.211,0.0970395
141.278,0.101974
141.345,0.113487
141.411,0.116776
141.478,0.129934
141.545,0.141447
141.611,0.144737
141.678,0.164474
141.744,0.162829
141.811,0.171053
141.878,0.194079
141.944,0.195724
142.011,0.207237
142.077,0.212171
142.144,0.210526
142.211,0.212171
142.277,0.207237
142.344,0.205592
142.41,0.21875
142.477,0.228618
142.544,0.223684
142.61,0.238487
142.677,0.215461
142.743,0.231908
142.81,0.210526
142.877,0.21875
142.943,0.226974
143.01,0.215461
143.077,0.215461
143.143,0.207237
143.21,0.210526
143.276,0.202303
143.343,0.203947
143.41,0.202303
143.476,0.1875
143.543,0.194079
143.609,0.207237
143.676,0.215461
143.743,0.222039
143.809,0.225329
143.876,0.226974
143.942,0.217105
144.009,0.238487
144.076,0.217105
144.142,0.202303
144.209,0.228618
144.275,0.21875
144.342,0.200658
144.409,0.210526
144.475,0.208882
144.542,0.231908
144.609,0.202303
144.675,0.195724
144.742,0.184211
144.808,0.192434
144.875,0.184211
144.942,0.15625
145.008,0.172697
145.075,0.149671
145.141,0.136513
145.208,0.136513
145.275,0.125
145.341,0.123355
145.408,0.111842
145.474,0.106908
145.541,0.110197
145.608,0.0986842
145.674,0.09375
145.741,0.0970395
145.807,0.0871711
145.874,0.0542763
145.941,0.0608553
146.007,0.0559211
146.074,0.0493421
146.141,0.0394737
146.207,0.0509868
146.274,0.0411184
146.34,0.0411184
146.407,0.03125
146.474,0.0115132
146.54,0.0246711
146.607,0.0197368
146.673,0.0246711
146.74,0.0180921
146.807,0.0197368
146.873,0.0115132
146.94,0.0279605
147.006,0.0213816
147.073,0.0164474
147.14,0.0197368
147.206,0.0131579
147.273,0.0148026
147.34,0.00986842
147.406,0.0115132
147.473,0.0115132
147.539,0.0131579
147.606,0.0131579
147.673,0.0131579
147.739,0.0115132
147.806,0.0115132
147.872,0.0131579
147.939,0.00986842
148.006,0.00986842
148.072,0.0115132
148.139,0.0115132
148.205,0.0148026
148.272,0.0131579
148.339,0.00986842
148.405,0.0115132
148.472,0.0115132
148.538,0.0115132
148.605,0.0115132
148.672,0.0115132
148.738,0.0115132
148.805,0.0115132
148.872,0.0115132
148.938,0.00986842
149.005,0.0164474
149.071,0.0164474
149.138,0.0115132
149.205,0.00986842
149.271,0.0115132
149.338,0.0115132
149.404,0.00986842
149.471,0.00986842
149.538,0.00986842
149.604,0.0115132
149.671,0.0115132
149.737,0.00986842
149.804,0.00986842
149.871,0.0115132
149.937,0.0148026
150.004,0.0164474
150.07,0.00986842
150.137,0.00986842
150.204,0.0131579
150.27,0.0164474
150.337,0.0164474
150.404,0.00986842
150.47,0.0148026
150.537,0.0148026
150.603,0.0148026
150.67,0.0131579
150.737,0.0131579
150.803,0.0131579
150.87,0.0148026
150.936,0.0148026
151.003,0.0131579
151.07,0.0115132
151.136,0.0148026
151.203,0.0148026
151.269,0.0213816
151.336,0.0296053
151.403,0.0296053
151.469,0.0427632
151.536,0.0427632
151.602,0.0526316
151.669,0.0509868
151.736,0.0608553
151.802,0.0592105
151.869,0.0641447
151.936,0.0707237
152.002,0.0690789
152.069,0.0690789
152.135,0.0789474
152.202,0.0805921
152.269,0.0855263
152.335,0.0888158
152.402,0.0723684
152.468,0.0805921
152.535,0.0838816
152.602,0.0822368
152.668,0.0789474
152.735,0.0888158
152.801,0.0805921
152.868,0.0871711
152.935,0.0707237
153.001,0.0822368
153.068,0.0690789
153.135,0.0575658
153.201,0.0904605
153.268,0.0838816
153.334,0.0904605
153.401,0.101974
153.468,0.0921053
153.534,0.0921053
153.601,0.0970395
153.667,0.0855263
153.734,0.0871711
153.801,0.0773026
153.867,0.0542763
153.934,0.0904605
154,0.0690789
154.067,0.0805921
154.134,0.0641447
154.2,0.0542763
154.267,0.0773026
154.333,0.0575658
154.4,0.0575658
154.467,0.0641447
154.533,0.0575658
154.6,0.0493421
154.667,0.0444079
154.733,0.0493421
154.8,0.0460526
154.866,0.0328947
154.933,0.03125
155,0.03125
155.066,0.03125
155.133,0.0476974
155.199,0.0427632
155.266,0.0476974
155.333,0.0345395
155.399,0.0246711
155.466,0.0361842
155.532,0.0263158
155.599,0.0246711
155.666,0.0263158
155.732,0.0246711
155.799,0.0361842
155.865,0.0246711
155.932,0.0246711
155.999,0.0197368
156.065,0.0230263
156.132,0.0279605
156.199,0.00986842
156.265,0.0180921
156.332,0.0148026
156.398,0.0230263
156.465,0.0148026
156.532,0.0263158
156.598,0.0230263
156.665,0.0197368
156.731,0.0164474
156.798,0.0197368
156.865,0.0164474
156.931,0.0197368
156.998,0.0230263
157.064,0.0213816
157.131,0.0164474
157.198,0.0213816
157.264,0.0180921
157.331,0.0213816
157.397,0.0180921
157.464,0.0180921
157.531,0.0213816
157.597,0.0246711
157.664,0.0213816
157.731,0.0197368
157.797,0.0279605
157.864,0.0197368
157.93,0.0197368
157.997,0.0246711
158.064,0.0197368
158.13,0.0230263
158.197,0.0263158
158.263,0.0246711
158.33,0.0148026
158.397,0.0131579
158.463,0.0213816
158.53,0.0148026
158.596,0.0148026
158.663,0.0263158
158.73,0.0115132
158.796,0.0115132
158.863,0.03125
158.93,0.0493421
158.996,0.0559211
159.063,0.0657895
159.129,0.0773026
159.196,0.0822368
159.263,0.0871711
159.329,0.0805921
159.396,0.0690789
159.462,0.0805921
159.529,0.0740132
159.596,0.0855263
159.662,0.0838816
159.729,0.0855263
159.795,0.0838816
159.862,0.0674342
159.929,0.0740132
159.995,0.0822368
160.062,0.0657895
160.128,0.0805921
160.195,0.0625
160.262,0.0756579
160.328,0.0789474
160.395,0.0756579
160.462,0.0773026
160.528,0.0690789
160.595,0.0690789
160.661,0.0789474
160.728,0.0641447
160.795,0.0641447
160.861,0.0674342
160.928,0.0509868
160.994,0.0493421
161.061,0.0641447
161.128,0.0476974
161.194,0.0444079
161.261,0.0345395
161.327,0.0411184
161.394,0.0394737
161.461,0.0230263
161.527,0.0246711
161.594,0.0246711
161.66,0.0213816
161.727,0.0148026
161.794,0.00986842
161.86,0.0131579
161.927,0.0115132
161.994,0.0131579
162.06,0.0164474
162.127,0.0279605
162.193,0.0361842
162.26,0.0493421
162.327,0.0526316
162.393,0.0509868
162.46,0.0559211
162.526,0.0542763
162.593,0.0575658
162.66,0.0575658
162.726,0.0526316
162.793,0.0592105
162.859,0.0608553
162.926,0.0559211
162.993,0.0657895
163.059,0.0509868
163.126,0.0575658
163.192,0.0608553
163.259,0.0526316
163.326,0.0493421
163.392,0.0657895
163.459,0.0526316
163.526,0.0608553
163.592,0.0559211
163.659,0.0559211
163.725,0.0460526
163.792,0.0493421
163.859,0.0559211
163.925,0.0674342
163.992,0.0723684
164.058,0.0444079
164.125,0.0526316
164.192,0.0575658
164.258,0.03125
164.325,0.0345395
164.391,0.0411184
164.458,0.0328947
164.525,0.0263158
164.591,0.03125
164.658,0.0263158
164.725,0.0131579
164.791,0.0164474
164.858,0.0164474
164.924,0.0246711
164.991,0.0213816
165.058,0.0148026
165.124,0.0197368
165.191,0.0213816
165.257,0.0213816
165.324,0.0279605
165.391,0.0263158
165.457,0.0246711
165.524,0.0213816
165.59,0.0180921
165.657,0.0230263
165.724,0.0230263
165.79,0.0197368
165.857,0.0246711
165.923,0.0148026
165.99,0.0164474
166.057,0.0164474
166.123,0.0131579
166.19,0.0115132
166.257,0.0115132
166.323,0.0164474
166.39,0.0131579
166.456,0.0213816
166.523,0.0197368
166.59,0.0197368
166.656,0.0197368
166.723,0.0180921
166.789,0.0131579
166.856,0.0230263
166.923,0.0279605
166.989,0.0230263
167.056,0.0279605
167.122,0.0345395
167.189,0.0394737
167.256,0.0394737
167.322,0.0542763
167.389,0.0559211
167.455,0.0723684
167.522,0.0690789
167.589,0.0674342
167.655,0.0805921
167.722,0.0690789
167.789,0.0789474
167.855,0.0707237
167.922,0.0773026
167.988,0.0773026
168.055,0.0740132
168.122,0.0674342
168.188,0.0756579
168.255,0.0740132
168.321,0.0789474
168.388,0.0838816
168.455,0.0789474
168.521,0.0789474
168.588,0.0838816
168.654,0.09375
168.721,0.0888158
168.788,0.0871711
168.854,0.0822368
168.921,0.0805921
168.987,0.09375
169.054,0.0723684
169.121,0.0838816
169.187,0.0805921
169.254,0.0625
169.321,0.0740132
169.387,0.0773026
169.454,0.0822368
169.52,0.0608553
169.587,0.0773026
169.654,0.0838816
169.72,0.0690789
169.787,0.0871711
169.853,0.0723684
169.92,0.0625
169.987,0.0592105
170.053,0.0674342
170.12,0.0723684
170.186,0.0509868
170.253,0.0559211
170.32,0.0444079
170.386,0.0542763
170.453,0.0394737
170.52,0.03125
170.586,0.0328947
170.653,0.0246711
170.719,0.0279605
170.786,0.0230263
170.853,0.0197368
170.919,0.0197368
170.986,0.0197368
171.052,0.0148026
171.119,0.0180921
171.186,0.0148026
171.252,0.0164474
171.319,0.0115132
171.385,0.0115132
171.452,0.00986842
171.519,0.00986842
171.585,0.00986842
171.652,0.00986842
171.718,0.00986842
171.785,0.00986842
171.852,0.00986842
171.918,0.00986842
171.985,0.00986842
172.052,0.00986842
172.118,0.00986842
172.185,0.00986842
172.251,0.00986842
172.318,0.00986842
172.385,0.00986842
172.451,0.00986842
172.518,0.00986842
172.584,0.00986842
172.651,0.00986842
172.718,0.00986842
172.784,0.00986842
172.851,0.00986842
172.917,0.00986842
172.984,0.00986842
173.051,0.00986842
173.117,0.00986842
173.184,0.00986842
173.25,0.00986842
173.317,0.00986842
173.384,0.00986842
173.45,0.00986842
173.517,0.00986842
173.584,0.00986842
173.65,0.00986842
173.717,0.00986842
173.783,0.00986842
173.85,0.00986842
173.917,0.00986842
173.983,0.00986842
174.05,0.00986842
174.116,0.00986842
174.183,0.00986842
174.25,0.00986842
174.316,0.00986842
174.383,0.00986842
174.449,0.00986842
174.516,0.00986842
174.583,0.00986842
174.649,0.00986842
174.716,0.00986842
174.782,0.00986842
174.849,0.00986842
174.916,0.0164474
174.982,0.0197368
175.049,0.0279605
175.116,0.0411184
175.182,0.0394737
175.249,0.0493421
175.315,0.0444079
175.382,0.0542763
175.449,0.0608553
175.515,0.0575658
175.582,0.0641447
175.648,0.0608553
175.715,0.0657895
175.782,0.0756579
175.848,0.0723684
175.915,0.0838816
175.981,0.0970395
176.048,0.100329
176.115,0.110197
176.181,0.120066
176.248,0.129934
176.315,0.129934
176.381,0.141447
176.448,0.143092
176.514,0.151316
176.581,0.161184
176.648,0.159539
176.714,0.161184
176.781,0.167763
176.847,0.174342
176.914,0.166118
176.981,0.169408
177.047,0.171053
177.114,0.154605
177.18,0.143092
177.247,0.167763
177.314,0.1875
177.38,0.141447
177.447,0.148026
177.513,0.162829
177.58,0.133224
177.647,0.144737
177.713,0.115132
177.78,0.133224
177.847,0.138158
177.913,0.111842
177.98,0.134868
178.046,0.111842
178.113,0.138158
178.18,0.136513
178.246,0.144737
178.313,0.110197
178.379,0.139803
178.446,0.146382
178.513,0.136513
178.579,0.139803
178.646,0.138158
178.712,0.123355
178.779,0.113487
178.846,0.126645
178.912,0.121711
178.979,0.136513
179.045,0.125
179.112,0.110197
179.179,0.103618
179.245,0.123355
179.312,0.141447
179.379,0.120066
179.445,0.128289
179.512,0.105263
179.578,0.110197
179.645,0.0986842
179.712,0.0773026
179.778,0.0838816
179.845,0.0805921
179.911,0.0740132
179.978,0.0805921
180.045,0.0690789
180.111,0.0740132
180.178,0.0641447
180.244,0.0592105
180.311,0.0575658
180.378,0.0542763
180.444,0.0542763
180.511,0.0509868
180.577,0.0493421
180.644,0.0526316
180.711,0.0493421
180.777,0.0444079
180.844,0.0460526
180.911,0.0493421
180.977,0.0509868
181.044,0.0509868
181.11,0.0526316
181.177,0.0476974
181.244,0.0476974
181.31,0.0493421
181.377,0.0526316
181.443,0.0444079
181.51,0.0559211
181.577,0.0575658
181.643,0.0575658
181.71,0.0608553
181.776,0.0575658
181.843,0.0592105
181.91,0.0657895
181.976,0.0690789
182.043,0.0888158
182.109,0.0921053
182.176,0.0871711
182.243,0.0838816
182.309,0.103618
182.376,0.110197
182.443,0.0953947
182.509,0.09375
182.576,0.0904605
182.642,0.101974
182.709,0.103618
182.776,0.0921053
182.842,0.101974
182.909,0.09375
182.975,0.0838816
183.042,0.0921053
183.109,0.0838816
183.175,0.09375
183.242,0.108553
183.308,0.103618
183.375,0.0953947
183.442,0.0970395
183.508,0.0822368
183.575,0.105263
183.642,0.0953947
183.708,0.0921053
183.775,0.0822368
183.841,0.0871711
183.908,0.0921053
183.975,0.0904605
184.041,0.09375
184.108,0.0953947
184.174,0.105263
184.241,0.111842
184.308,0.118421
184.374,0.113487
184.441,0.111842
184.507,0.123355
184.574,0.116776
184.641,0.110197
184.707,0.103618
184.774,0.108553
184.84,0.0970395
184.907,0.100329
184.974,0.101974
185.04,0.106908
185.107,0.118421
185.174,0.116776
185.24,0.101974
185.307,0.106908
185.373,0.103618
185.44,0.0986842
185.507,0.108553
185.573,0.106908
185.64,0.105263
185.706,0.110197
185.773,0.111842
185.84,0.116776
185.906,0.115132
185.973,0.113487
186.039,0.100329
186.106,0.0953947
186.173,0.100329
186.239,0.105263
186.306,0.110197
186.372,0.115132
186.439,0.106908
186.506,0.116776
186.572,0.116776
186.639,0.120066
186.706,0.123355
186.772,0.123355
186.839,0.121711
186.905,0.115132
186.972,0.113487
187.039,0.103618
187.105,0.0970395
187.172,0.100329
187.238,0.100329
187.305,0.105263
187.372,0.105263
187.438,0.106908
187.505,0.106908
187.571,0.110197
187.638,0.111842
187.705,0.105263
187.771,0.106908
187.838,0.110197
187.904,0.113487
187.971,0.113487
188.038,0.113487
188.104,0.116776
188.171,0.118421
188.238,0.118421
188.304,0.116776
188.371,0.118421
188.437,0.116776
188.504,0.113487
188.571,0.120066
188.637,0.113487
188.704,0.113487
188.77,0.115132
188.837,0.123355
188.904,0.123355
188.97,0.125
189.037,0.118421
189.103,0.116776
189.17,0.111842
189.237,0.121711
189.303,0.120066
189.37,0.120066
189.437,0.115132
189.503,0.110197
189.57,0.108553
189.636,0.106908
189.703,0.106908
189.77,0.110197
189.836,0.118421
189.903,0.126645
189.969,0.123355
190.036,0.123355
190.103,0.121711
190.169,0.121711
190.236,0.125
190.302,0.129934
190.369,0.134868
190.436,0.128289
190.502,0.131579
190.569,0.115132
190.635,0.108553
190.702,0.108553
190.769,0.106908
190.835,0.113487
190.902,0.118421
190.969,0.123355
191.035,0.120066
191.102,0.115132
191.168,0.118421
191.235,0.115132
191.302,0.115132
191.368,0.116776
191.435,0.125
191.501,0.123355
191.568,0.115132
191.635,0.120066
191.701,0.120066
191.768,0.118421
191.834,0.121711
191.901,0.125
191.968,0.126645
192.034,0.125
192.101,0.131579
192.167,0.128289
192.234,0.125
192.301,0.129934
192.367,0.125
192.434,0.125
192.501,0.128289
192.567,0.118421
192.634,0.118421
192.7,0.121711
192.767,0.129934
192.834,0.126645
192.9,0.129934
192.967,0.126645
193.033,0.126645
193.1,0.126645
193.167,0.129934
193.233,0.131579
193.3,0.128289
193.366,0.125
193.433,0.131579
193.5,0.131579
193.566,0.133224
193.633,0.133224
193.699,0.136513
193.766,0.133224
193.833,0.133224
193.899,0.128289
193.966,0.133224
194.033,0.138158
194.099,0.136513
194.166,0.133224
194.232,0.131579
194.299,0.131579
194.366,0.131579
194.432,0.131579
194.499,0.126645
194.565,0.125
194.632,0.123355
194.699,0.128289
194.765,0.125
194.832,0.125
194.898,0.126645
194.965,0.128289
195.032,0.120066
195.098,0.118421
195.165,0.123355
195.232,0.126645
195.298,0.125
195.365,0.128289
195.431,0.126645
195.498,0.126645
195.565,0.125
195.631,0.121711
195.698,0.115132
195.764,0.113487
195.831,0.115132
195.898,0.120066
195.964,0.121711
196.031,0.121711
196.097,0.121711
196.164,0.121711
196.231,0.115132
196.297,0.120066
196.364,0.125
196.43,0.121711
196.497,0.121711
196.564,0.128289
196.63,0.133224
196.697,0.134868
196.764,0.139803
196.83,0.139803
196.897,0.149671
196.963,0.151316
197.03,0.15625
197.097,0.159539
197.163,0.162829
197.23,0.164474
197.296,0.167763
197.363,0.172697
197.43,0.175987
197.496,0.177632
197.563,0.180921
197.629,0.1875
197.696,0.185855
197.763,0.180921
197.829,0.190789
197.896,0.192434
197.962,0.202303
198.029,0.205592
198.096,0.212171
198.162,0.212171
198.229,0.220395
198.296,0.223684
198.362,0.217105
198.429,0.226974
198.495,0.21875
198.562,0.215461
198.629,0.217105
198.695,0.226974
198.762,0.231908
198.828,0.231908
198.895,0.199013
198.962,0.202303
199.028,0.21875
199.095,0.230263
199.161,0.226974
199.228,0.235197
199.295,0.225329
199.361,0.230263
199.428,0.231908
199.494,0.236842
199.561,0.25
199.628,0.269737
199.694,0.263158
199.761,0.261513
199.828,0.266447
199.894,0.279605
199.961,0.287829
200.027,0.292763
200.094,0.320724
200.161,0.319079
200.227,0.327303
200.294,0.327303
200.36,0.333882
200.427,0.342105
200.494,0.345395
200.56,0.360197
200.627,0.378289
200.693,0.384868
200.76,0.370066
200.827,0.412829
200.893,0.429276
200.96,0.435855
201.027,0.449013
201.093,0.439145
201.16,0.449013
201.226,0.460526
201.293,0.435855
201.36,0.458882
201.426,0.450658
201.493,0.455592
201.559,0.457237
201.626,0.478618
201.693,0.470395
201.759,0.472039
201.826,0.462171
201.892,0.472039
201.959,0.472039
202.026,0.470395
202.092,0.493421
202.159,0.503289
202.225,0.509868
202.292,0.498355
202.359,0.508224
202.425,0.478618
202.492,0.480263
202.559,0.475329
202.625,0.475329
202.692,0.485197
202.758,0.480263
202.825,0.470395
202.892,0.476974
202.958,0.483553
203.025,0.462171
203.091,0.483553
203.158,0.480263
203.225,0.462171
203.291,0.458882
203.358,0.470395
203.424,0.472039
203.491,0.463816
203.558,0.465461
203.624,0.463816
203.691,0.447368
203.757,0.453947
203.824,0.460526
203.891,0.475329
203.957,0.476974
204.024,0.481908
204.091,0.483553
204.157,0.498355
204.224,0.495066
204.29,0.490132
204.357,0.481908
204.424,0.490132
204.49,0.495066
204.557,0.501645
204.623,0.509868
204.69,0.511513
204.757,0.506579
204.823,0.495066
204.89,0.514803
204.956,0.521382
205.023,0.532895
205.09,0.518092
205.156,0.519737
205.223,0.509868
205.289,0.519737
205.356,0.529605
205.423,0.527961
205.489,0.541118
205.556,0.523026
205.623,0.508224
205.689,0.53125
205.756,0.529605
205.822,0.532895
205.889,0.546053
205.956,0.555921
206.022,0.555921
206.089,0.549342
206.155,0.555921
206.222,0.569079
206.289,0.557566
206.355,0.5625
206.422,0.554276
206.488,0.547697
206.555,0.549342
206.622,0.542763
206.688,0.537829
206.755,0.537829
206.822,0.523026
206.888,0.527961
206.955,0.53125
207.021,0.537829
207.088,0.536184
207.155,0.537829
207.221,0.539474
207.288,0.546053
207.354,0.549342
207.421,0.541118
207.488,0.532895
207.554,0.519737
207.621,0.521382
207.687,0.518092
207.754,0.516447
207.821,0.518092
207.887,0.514803
207.954,0.524671
208.02,0.529605
208.087,0.53125
208.154,0.526316
208.22,0.513158
208.287,0.513158
208.354,0.513158
208.42,0.508224
208.487,0.518092
208.553,0.514803
208.62,0.518092
208.687,0.536184
208.753,0.529605
208.82,0.534539
208.886,0.529605
208.953,0.532895
209.02,0.537829
209.086,0.534539
209.153,0.524671
209.219,0.521382
209.286,0.529605
209.353,0.529605
209.419,0.534539
209.486,0.546053
209.552,0.537829
209.619,0.546053
209.686,0.549342
209.752,0.549342
209.819,0.547697
209.886,0.546053
209.952,0.544408
210.019,0.532895
210.085,0.532895
210.152,0.536184
210.219,0.534539
210.285,0.536184
210.352,0.534539
210.418,0.53125
210.485,0.534539
210.552,0.523026
210.618,0.519737
210.685,0.524671
210.751,0.524671
210.818,0.523026
210.885,0.521382
210.951,0.524671
211.018,0.529605
211.084,0.529605
211.151,0.527961
211.218,0.526316
211.284,0.519737
211.351,0.516447
211.418,0.513158
211.484,0.518092
211.551,0.516447
211.617,0.518092
211.684,0.518092
211.751,0.523026
211.817,0.521382
211.884,0.516447
211.95,0.516447
212.017,0.514803
212.084,0.526316
212.15,0.527961
212.217,0.532895
212.283,0.523026
212.35,0.519737
212.417,0.529605
212.483,0.527961
212.55,0.534539
212.617,0.541118
212.683,0.534539
212.75,0.541118
212.816,0.537829
212.883,0.532895
212.95,0.526316
213.016,0.527961
213.083,0.527961
213.149,0.524671
213.216,0.534539
213.283,0.534539
213.349,0.537829
213.416,0.541118
213.482,0.544408
213.549,0.541118
213.616,0.537829
213.682,0.53125
213.749,0.529605
213.815,0.527961
213.882,0.541118
213.949,0.534539
214.015,0.536184
214.082,0.534539
214.149,0.532895
214.215,0.532895
214.282,0.534539
214.348,0.539474
214.415,0.536184
214.482,0.539474
214.548,0.539474
214.615,0.541118
214.681,0.537829
214.748,0.542763
214.815,0.542763
214.881,0.542763
214.948,0.544408
215.014,0.542763
215.081,0.539474
215.148,0.539474
215.214,0.537829
215.281,0.534539
215.347,0.529605
215.414,0.529605
215.481,0.532895
215.547,0.519737
215.614,0.518092
215.681,0.518092
215.747,0.518092
215.814,0.519737
215.88,0.519737
215.947,0.521382
216.014,0.521382
216.08,0.519737
216.147,0.521382
216.213,0.519737
216.28,0.521382
216.347,0.521382
216.413,0.518092
216.48,0.518092
216.546,0.518092
216.613,0.518092
216.68,0.518092
216.746,0.516447
216.813,0.511513
216.879,0.514803
216.946,0.513158
217.013,0.513158
217.079,0.511513
217.146,0.513158
217.213,0.523026
217.279,0.526316
217.346,0.526316
217.412,0.529605
217.479,0.534539
217.546,0.529605
217.612,0.529605
217.679,0.532895
217.745,0.53125
217.812,0.53125
217.879,0.532895
217.945,0.536184
218.012,0.541118
218.078,0.542763
218.145,0.544408
218.212,0.546053
218.278,0.546053
218.345,0.546053
218.412,0.544408
218.478,0.546053
218.545,0.546053
218.611,0.547697
218.678,0.537829
218.745,0.537829
218.811,0.541118
218.878,0.53125
218.944,0.529605
219.011,0.526316
219.078,0.526316
219.144,0.527961
219.211,0.526316
219.277,0.526316
219.344,0.529605
219.411,0.526316
219.477,0.526316
219.544,0.523026
219.61,0.524671
219.677,0.526316
219.744,0.527961
219.81,0.526316
219.877,0.527961
219.944,0.527961
220.01,0.526316
220.077,0.529605
220.143,0.53125
220.21,0.532895
220.277,0.532895
220.343,0.532895
220.41,0.532895
220.476,0.532895
220.543,0.529605
220.61,0.532895
220.676,0.532895
220.743,0.529605
220.809,0.529605
220.876,0.532895
220.943,0.532895
221.009,0.532895
221.076,0.532895
221.142,0.53125
221.209,0.526316
221.276,0.534539
221.342,0.53125
221.409,0.529605
221.476,0.523026
221.542,0.521382
221.609,0.523026
221.675,0.521382
221.742,0.523026
221.809,0.523026
221.875,0.521382
221.942,0.523026
222.008,0.524671
222.075,0.521382
222.142,0.519737
222.208,0.516447
222.275,0.518092
222.341,0.521382
222.408,0.524671
222.475,0.523026
222.541,0.524671
222.608,0.521382
222.674,0.523026
222.741,0.521382
222.808,0.527961
222.874,0.526316
222.941,0.524671
223.008,0.524671
223.074,0.53125
223.141,0.534539
223.207,0.53125
223.274,0.532895
223.341,0.532895
223.407,0.537829
223.474,0.532895
223.54,0.532895
223.607,0.532895
223.674,0.532895
223.74,0.532895
223.807,0.53125
223.873,0.532895
223.94,0.534539
224.007,0.534539
224.073,0.537829
224.14,0.529605
224.207,0.532895
224.273,0.534539
224.34,0.539474
224.406,0.539474
224.473,0.536184
224.54,0.527961
224.606,0.527961
224.673,0.527961
224.739,0.53125
224.806,0.529605
224.873,0.53125
224.939,0.53125
225.006,0.527961
225.072,0.53125
225.139,0.53125
225.206,0.529605
225.272,0.532895
225.339,0.534539
225.405,0.534539
225.472,0.534539
225.539,0.537829
225.605,0.537829
225.672,0.537829
225.739,0.536184
225.805,0.532895
225.872,0.529605
225.938,0.53125
226.005,0.534539
226.072,0.536184
226.138,0.534539
226.205,0.539474
226.271,0.539474
226.338,0.539474
226.405,0.536184
226.471,0.534539
226.538,0.536184
226.604,0.536184
226.671,0.539474
226.738,0.544408
226.804,0.546053
226.871,0.547697
226.937,0.547697
227.004,0.547697
227.071,0.546053
227.137,0.546053
227.204,0.534539
227.271,0.536184
227.337,0.542763
227.404,0.537829
227.47,0.537829
227.537,0.534539
227.604,0.53125
227.67,0.527961
227.737,0.527961
227.803,0.527961
227.87,0.532895
227.937,0.539474
228.003,0.537829
228.07,0.539474
228.136,0.539474
228.203,0.539474
228.27,0.537829
228.336,0.544408
228.403,0.542763
228.469,0.547697
228.536,0.549342
228.603,0.550987
228.669,0.550987
228.736,0.547697
228.803,0.544408
228.869,0.541118
228.936,0.542763
229.002,0.542763
229.069,0.546053
229.136,0.547697
229.202,0.550987
229.269,0.550987
229.335,0.554276
229.402,0.555921
229.469,0.557566
229.535,0.559211
229.602,0.560855
229.668,0.559211
229.735,0.559211
229.802,0.557566
229.868,0.557566
229.935,0.557566
230.001,0.557566
230.068,0.557566
230.135,0.559211
230.201,0.560855
230.268,0.559211
230.335,0.560855
230.401,0.5625
230.468,0.560855
230.534,0.549342
230.601,0.549342
230.668,0.546053
230.734,0.549342
230.801,0.552632
230.867,0.550987
230.934,0.560855
231.001,0.555921
231.067,0.559211
231.134,0.559211
231.2,0.559211
231.267,0.557566
231.334,0.559211
231.4,0.555921
231.467,0.550987
231.534,0.549342
231.6,0.549342
231.667,0.549342
231.733,0.550987
231.8,0.549342
231.867,0.550987
231.933,0.550987
232,0.547697
232.066,0.549342
232.133,0.549342
232.2,0.541118
232.266,0.537829
232.333,0.537829
232.399,0.539474
232.466,0.541118
232.533,0.541118
232.599,0.541118
232.666,0.542763
232.732,0.544408
232.799,0.544408
232.866,0.544408
232.932,0.542763
232.999,0.546053
233.066,0.549342
233.132,0.554276
233.199,0.550987
233.265,0.547697
233.332,0.546053
233.399,0.546053
233.465,0.546053
233.532,0.542763
233.598,0.544408
233.665,0.544408
233.732,0.544408
233.798,0.542763
233.865,0.547697
233.931,0.546053
233.998,0.546053
234.065,0.544408
234.131,0.546053
234.198,0.546053
234.264,0.546053
234.331,0.546053
234.398,0.544408
234.464,0.544408
234.531,0.544408
234.598,0.542763
234.664,0.542763
234.731,0.542763
234.797,0.541118
234.864,0.542763
234.931,0.544408
234.997,0.544408
235.064,0.544408
235.13,0.544408
235.197,0.542763
235.264,0.542763
235.33,0.542763
235.397,0.537829
235.463,0.536184
235.53,0.537829
235.597,0.534539
235.663,0.537829
235.73,0.539474
235.796,0.536184
235.863,0.536184
235.93,0.536184
235.996,0.541118
236.063,0.539474
236.13,0.537829
236.196,0.536184
236.263,0.53125
236.329,0.53125
236.396,0.53125
236.463,0.537829
236.529,0.541118
236.596,0.549342
236.662,0.547697
236.729,0.544408
236.796,0.547697
236.862,0.544408
236.929,0.546053
236.995,0.546053
237.062,0.550987
237.129,0.552632
237.195,0.546053
237.262,0.546053
237.329,0.549342
237.395,0.554276
237.462,0.554276
237.528,0.557566
237.595,0.554276
237.662,0.552632
237.728,0.552632
237.795,0.549342
237.861,0.550987
237.928,0.552632
237.995,0.557566
238.061,0.557566
238.128,0.555921
238.194,0.557566
238.261,0.557566
238.328,0.559211
238.394,0.555921
238.461,0.555921
238.527,0.554276
238.594,0.560855
238.661,0.560855
238.727,0.560855
238.794,0.560855
238.861,0.559211
238.927,0.559211
238.994,0.5625
239.06,0.5625
239.127,0.560855
239.194,0.557566
239.26,0.559211
239.327,0.564145
239.393,0.5625
239.46,0.546053
239.527,0.549342
239.593,0.552632
239.66,0.552632
239.726,0.547697
239.793,0.549342
239.86,0.547697
239.926,0.542763
239.993,0.547697
240.059,0.549342
240.126,0.549342
240.193,0.552632
240.259,0.552632
240.326,0.552632
240.393,0.552632
240.459,0.554276
240.526,0.555921
240.592,0.554276
240.659,0.555921
240.726,0.554276
240.792,0.554276
240.859,0.552632
240.925,0.552632
240.992,0.554276
241.059,0.550987
241.125,0.550987
241.192,0.555921
241.258,0.559211
241.325,0.557566
241.392,0.552632
241.458,0.552632
241.525,0.555921
241.591,0.559211
241.658,0.555921
241.725,0.554276
241.791,0.554276
241.858,0.549342
241.925,0.549342
241.991,0.550987
242.058,0.550987
242.124,0.554276
242.191,0.555921
242.258,0.557566
242.324,0.5625
242.391,0.557566
242.457,0.550987
242.524,0.549342
242.591,0.552632
242.657,0.555921
242.724,0.564145
242.79,0.560855
242.857,0.549342
242.924,0.554276
242.99,0.565789
243.057,0.5625
243.124,0.567434
243.19,0.559211
243.257,0.5625
243.323,0.5625
243.39,0.5625
243.457,0.557566
243.523,0.554276
243.59,0.544408
243.656,0.544408
243.723,0.550987
243.79,0.560855
243.856,0.552632
243.923,0.547697
243.989,0.546053
244.056,0.549342
244.123,0.547697
244.189,0.557566
244.256,0.560855
244.322,0.555921
244.389,0.557566
244.456,0.542763
244.522,0.541118
244.589,0.546053
244.656,0.552632
244.722,0.552632
244.789,0.555921
244.855,0.555921
244.922,0.554276
244.989,0.555921
245.055,0.560855
245.122,0.5625
245.188,0.565789
245.255,0.564145
245.322,0.560855
245.388,0.5625
245.455,0.560855
245.521,0.555921
245.588,0.555921
245.655,0.550987
245.721,0.550987
245.788,0.550987
245.854,0.546053
245.921,0.547697
245.988,0.542763
246.054,0.539474
246.121,0.537829
246.188,0.539474
246.254,0.539474
246.321,0.544408
246.387,0.539474
246.454,0.537829
246.521,0.537829
246.587,0.537829
246.654,0.537829
246.72,0.534539
246.787,0.532895
246.854,0.534539
246.92,0.546053
246.987,0.539474
247.053,0.547697
247.12,0.549342
247.187,0.544408
247.253,0.542763
247.32,0.552632
247.386,0.549342
247.453,0.554276
247.52,0.550987
247.586,0.542763
247.653,0.544408
247.72,0.557566
247.786,0.537829
247.853,0.534539
247.919,0.539474
247.986,0.544408
248.053,0.546053
248.119,0.539474
248.186,0.541118
248.252,0.546053
248.319,0.544408
248.386,0.542763
248.452,0.542763
248.519,0.541118
248.585,0.539474
248.652,0.542763
248.719,0.539474
248.785,0.541118
248.852,0.550987
248.919,0.544408
248.985,0.546053
249.052,0.546053
249.118,0.542763
249.185,0.544408
249.252,0.546053
249.318,0.550987
249.385,0.549342
249.451,0.544408
249.518,0.539474
249.585,0.542763
249.651,0.541118
249.718,0.546053
249.784,0.546053
249.851,0.542763
249.918,0.546053
249.984,0.542763
250.051,0.546053
250.117,0.546053
250.184,0.550987
250.251,0.546053
250.317,0.546053
250.384,0.547697
250.451,0.547697
250.517,0.547697
250.584,0.546053
250.65,0.550987
250.717,0.542763
250.784,0.541118
250.85,0.541118
250.917,0.542763
250.983,0.541118
251.05,0.542763
251.117,0.537829
251.183,0.541118
251.25,0.541118
251.316,0.537829
251.383,0.539474
251.45,0.539474
251.516,0.539474
251.583,0.541118
251.649,0.542763
251.716,0.542763
251.783,0.544408
251.849,0.546053
251.916,0.547697
251.983,0.546053
252.049,0.542763
252.116,0.534539
252.182,0.542763
252.249,0.539474
252.316,0.537829
252.382,0.537829
252.449,0.536184
252.515,0.541118
252.582,0.541118
252.649,0.532895
252.715,0.542763
252.782,0.547697
252.848,0.547697
252.915,0.544408
252.982,0.534539
253.048,0.53125
253.115,0.532895
253.181,0.541118
253.248,0.539474
253.315,0.544408
253.381,0.541118
253.448,0.53125
253.515,0.524671
253.581,0.53125
253.648,0.534539
253.714,0.539474
253.781,0.537829
253.848,0.542763
253.914,0.549342
253.981,0.537829
254.047,0.539474
254.114,0.534539
254.181,0.524671
254.247,0.529605
254.314,0.527961
254.38,0.532895
254.447,0.550987
254.514,0.555921
254.58,0.552632
254.647,0.550987
254.714,0.550987
254.78,0.549342
254.847,0.552632
254.913,0.549342
254.98,0.549342
255.047,0.555921
255.113,0.554276
255.18,0.552632
255.246,0.554276
255.313,0.554276
255.38,0.554276
255.446,0.557566
255.513,0.555921
255.579,0.554276
255.646,0.554276
255.713,0.555921
255.779,0.554276
255.846,0.552632
255.912,0.554276
255.979,0.555921
256.046,0.555921
256.112,0.557566
256.179,0.559211
256.246,0.557566
256.312,0.565789
256.379,0.564145
256.445,0.565789
256.512,0.567434
256.579,0.567434
256.645,0.5625
256.712,0.569079
256.778,0.564145
256.845,0.565789
256.912,0.5625
256.978,0.564145
257.045,0.564145
257.111,0.560855
257.178,0.5625
257.245,0.5625
257.311,0.5625
257.378,0.560855
257.444,0.5625
257.511,0.564145
257.578,0.5625
257.644,0.560855
257.711,0.5625
257.778,0.560855
257.844,0.554276
257.911,0.555921
257.977,0.559211
258.044,0.554276
258.111,0.554276
258.177,0.550987
258.244,0.549342
258.31,0.554276
258.377,0.557566
258.444,0.560855
258.51,0.557566
258.577,0.560855
258.643,0.554276
258.71,0.550987
258.777,0.552632
258.843,0.552632
258.91,0.554276
258.976,0.552632
259.043,0.550987
259.11,0.549342
259.176,0.549342
259.243,0.549342
259.31,0.552632
259.376,0.554276
259.443,0.550987
259.509,0.549342
259.576,0.5625
259.643,0.559211
259.709,0.560855
259.776,0.550987
259.842,0.555921
259.909,0.557566
259.976,0.555921
260.042,0.554276
260.109,0.554276
260.175,0.554276
260.242,0.544408
260.309,0.546053
260.375,0.555921
260.442,0.557566
260.509,0.552632
260.575,0.554276
260.642,0.554276
260.708,0.547697
260.775,0.546053
260.842,0.549342
260.908,0.547697
260.975,0.554276
261.041,0.557566
261.108,0.549342
261.175,0.554276
261.241,0.555921
261.308,0.550987
261.374,0.550987
261.441,0.554276
261.508,0.550987
261.574,0.552632
261.641,0.554276
261.707,0.560855
261.774,0.559211
261.841,0.552632
261.907,0.559211
261.974,0.560855
262.041,0.565789
262.107,0.5625
262.174,0.560855
262.24,0.560855
262.307,0.560855
262.374,0.5625
262.44,0.560855
262.507,0.560855
262.573,0.560855
262.64,0.557566
262.707,0.555921
262.773,0.559211
262.84,0.559211
262.906,0.567434
262.973,0.569079
263.04,0.567434
263.106,0.567434
263.173,0.570724
263.239,0.572368
263.306,0.570724
263.373,0.570724
263.439,0.572368
263.506,0.570724
263.573,0.570724
263.639,0.574013
263.706,0.572368
263.772,0.575658
263.839,0.567434
263.906,0.5625
263.972,0.560855
264.039,0.565789
264.105,0.565789
264.172,0.5625
264.239,0.564145
264.305,0.565789
264.372,0.567434
264.438,0.574013
264.505,0.570724
264.572,0.574013
264.638,0.574013
264.705,0.575658
264.771,0.572368
264.838,0.565789
264.905,0.565789
264.971,0.570724
265.038,0.567434
265.105,0.570724
265.171,0.572368
265.238,0.569079
265.304,0.565789
265.371,0.564145
265.438,0.560855
265.504,0.565789
265.571,0.564145
265.637,0.569079
265.704,0.565789
265.771,0.569079
265.837,0.569079
265.904,0.572368
265.97,0.567434
266.037,0.567434
266.104,0.567434
266.17,0.565789
266.237,0.564145
266.304,0.564145
266.37,0.565789
266.437,0.564145
266.503,0.5625
266.57,0.560855
266.637,0.5625
266.703,0.557566
266.77,0.560855
266.836,0.559211
266.903,0.5625
266.97,0.557566
267.036,0.554276
267.103,0.559211
267.169,0.5625
267.236,0.564145
267.303,0.564145
267.369,0.565789
267.436,0.567434
267.502,0.569079
267.569,0.569079
267.636,0.565789
267.702,0.564145
267.769,0.560855
267.836,0.564145
267.902,0.567434
267.969,0.565789
268.035,0.569079
268.102,0.570724
268.169,0.572368
268.235,0.572368
268.302,0.575658
268.368,0.575658
268.435,0.575658
268.502,0.575658
268.568,0.574013
268.635,0.575658
268.701,0.569079
268.768,0.570724
268.835,0.565789
268.901,0.560855
268.968,0.5625
269.034,0.560855
269.101,0.560855
269.168,0.564145
269.234,0.555921
269.301,0.555921
269.368,0.560855
269.434,0.554276
269.501,0.552632
269.567,0.550987
269.634,0.544408
269.701,0.544408
269.767,0.547697
269.834,0.550987
269.9,0.554276
269.967,0.552632
270.034,0.555921
270.1,0.554276
270.167,0.554276
270.233,0.555921
270.3,0.554276
270.367,0.554276
270.433,0.554276
270.5,0.554276
270.566,0.559211
270.633,0.555921
270.7,0.557566
270.766,0.560855
270.833,0.567434
270.9,0.567434
270.966,0.567434
271.033,0.567434
271.099,0.570724
271.166,0.570724
271.233,0.569079
271.299,0.569079
271.366,0.575658
271.432,0.575658
271.499,0.572368
271.566,0.570724
271.632,0.572368
271.699,0.569079
271.765,0.572368
271.832,0.572368
271.899,0.574013
271.965,0.572368
272.032,0.575658
272.099,0.570724
272.165,0.574013
272.232,0.569079
272.298,0.570724
272.365,0.564145
272.432,0.564145
272.498,0.574013
272.565,0.575658
272.631,0.575658
272.698,0.572368
272.765,0.575658
272.831,0.574013
272.898,0.574013
272.964,0.578947
273.031,0.580592
273.098,0.582237
273.164,0.583882
273.231,0.578947
273.297,0.583882
273.364,0.582237
273.431,0.582237
273.497,0.582237
273.564,0.582237
273.631,0.582237
273.697,0.588816
273.764,0.590461
273.83,0.590461
273.897,0.590461
273.964,0.590461
274.03,0.588816
274.097,0.590461
274.163,0.590461
274.23,0.592105
274.297,0.597039
274.363,0.598684
274.43,0.595395
274.496,0.600329
274.563,0.598684
274.63,0.598684
274.696,0.592105
274.763,0.59375
274.829,0.601974
274.896,0.600329
274.963,0.59375
275.029,0.598684
275.096,0.597039
275.163,0.600329
275.229,0.601974
275.296,0.603618
275.362,0.600329
275.429,0.601974
275.496,0.601974
275.562,0.598684
275.629,0.597039
275.695,0.590461
275.762,0.595395
275.829,0.590461
275.895,0.588816
275.962,0.590461
276.028,0.585526
276.095,0.588816
276.162,0.588816
276.228,0.595395
276.295,0.590461
276.361,0.588816
276.428,0.592105
276.495,0.595395
276.561,0.592105
276.628,0.577303
276.695,0.580592
276.761,0.580592
276.828,0.575658
276.894,0.574013
276.961,0.570724
277.028,0.567434
277.094,0.578947
277.161,0.575658
277.227,0.585526
277.294,0.587171
277.361,0.585526
277.427,0.598684
277.494,0.606908
277.56,0.610197
277.627,0.611842
277.694,0.631579
277.76,0.633224
277.827,0.623355
277.894,0.611842
277.96,0.605263
278.027,0.615132
278.093,0.633224
278.16,0.628289
278.227,0.631579
278.293,0.623355
278.36,0.621711
278.426,0.628289
278.493,0.611842
278.56,0.605263
278.626,0.626645
278.693,0.644737
278.759,0.641447
278.826,0.65625
278.893,0.661184
278.959,0.659539
279.026,0.667763
279.092,0.684211
279.159,0.690789
279.226,0.694079
279.292,0.694079
279.359,0.699013
279.426,0.707237
279.492,0.707237
279.559,0.713816
279.625,0.730263
279.692,0.703947
279.759,0.700658
279.825,0.689145
279.892,0.684211
279.958,0.680921
280.025,0.699013
280.092,0.715461
280.158,0.736842
280.225,0.733553
280.291,0.694079
280.358,0.702303
280.425,0.710526
280.491,0.707237
280.558,0.715461
280.624,0.725329
280.691,0.717105
280.758,0.720395
280.824,0.695724
280.891,0.726974
280.958,0.725329
281.024,0.710526
281.091,0.726974
281.157,0.728618
281.224,0.710526
281.291,0.715461
281.357,0.726974
281.424,0.726974
281.49,0.707237
281.557,0.728618
281.624,0.748355
281.69,0.743421
281.757,0.748355
281.823,0.71875
281.89,0.730263
281.957,0.728618
282.023,0.758224
282.09,0.710526
282.156,0.71875
282.223,0.758224
282.29,0.741776
282.356,0.766447
282.423,0.725329
282.49,0.722039
282.556,0.71875
282.623,0.680921
282.689,0.697368
282.756,0.652961
282.823,0.662829
282.889,0.65625
282.956,0.671053
283.022,0.615132
283.089,0.569079
283.156,0.578947
283.222,0.582237
283.289,0.582237
283.355,0.574013
283.422,0.5
283.489,0.539474
283.555,0.532895
283.622,0.590461
283.688,0.542763
283.755,0.539474
283.822,0.521382
283.888,0.527961
283.955,0.524671
284.022,0.527961
284.088,0.541118
284.155,0.519737
284.221,0.542763
284.288,0.574013
284.355,0.577303
284.421,0.554276
284.488,0.536184
284.554,0.523026
284.621,0.547697
284.688,0.544408
284.754,0.521382
284.821,0.542763
284.887,0.567434
284.954,0.567434
285.021,0.578947
285.087,0.582237
285.154,0.555921
285.221,0.572368
285.287,0.577303
285.354,0.590461
285.42,0.567434
285.487,0.592105
285.554,0.574013
285.62,0.523026
285.687,0.603618
285.753,0.608553
285.82,0.578947
285.887,0.580592
285.953,0.519737
286.02,0.541118
286.086,0.560855
286.153,0.544408
286.22,0.539474
286.286,0.564145
286.353,0.559211
286.419,0.532895
286.486,0.5625
286.553,0.567434
286.619,0.583882
286.686,0.557566
286.753,0.554276
286.819,0.557566
286.886,0.572368
286.952,0.564145
287.019,0.572368
287.086,0.574013
287.152,0.569079
287.219,0.606908
287.285,0.577303
287.352,0.585526
287.419,0.570724
287.485,0.532895
287.552,0.552632
287.618,0.578947
287.685,0.529605
287.752,0.544408
287.818,0.552632
287.885,0.542763
287.951,0.547697
288.018,0.539474
288.085,0.532895
288.151,0.508224
288.218,0.552632
288.285,0.493421
288.351,0.498355
288.418,0.526316
288.484,0.508224
288.551,0.504934
288.618,0.504934
288.684,0.481908
288.751,0.465461
288.817,0.465461
288.884,0.460526
288.951,0.453947
289.017,0.472039
289.084,0.442434
289.15,0.462171
289.217,0.495066
289.284,0.457237
289.35,0.495066
289.417,0.452303
289.483,0.465461
289.55,0.449013
289.617,0.460526
289.683,0.414474
289.75,0.449013
289.817,0.457237
289.883,0.445724
289.95,0.452303
290.016,0.46875
290.083,0.463816
290.15,0.465461
290.216,0.450658
290.283,0.478618
290.349,0.462171
290.416,0.486842
290.483,0.447368
290.549,0.460526
290.616,0.457237
290.682,0.445724
290.749,0.421053
290.816,0.439145
290.882,0.435855
290.949,0.452303
291.016,0.421053
291.082,0.440789
291.149,0.453947
291.215,0.407895
291.282,0.425987
291.349,0.424342
291.415,0.425987
291.482,0.430921
291.548,0.417763
291.615,0.449013
291.682,0.4375
291.748,0.439145
291.815,0.445724
291.881,0.447368
291.948,0.462171
292.015,0.404605
292.081,0.422697
292.148,0.419408
292.214,0.442434
292.281,0.409539
292.348,0.430921
292.414,0.409539
292.481,0.398026
292.548,0.384868
292.614,0.375
292.681,0.401316
292.747,0.393092
292.814,0.391447
292.881,0.366776
292.947,0.360197
293.014,0.363487
293.08,0.368421
293.147,0.368421
293.214,0.353618
293.28,0.361842
293.347,0.333882
293.413,0.363487
293.48,0.310855
293.547,0.330592
293.613,0.309211
293.68,0.368421
293.746,0.350329
293.813,0.345395
293.88,0.351974
293.946,0.338816
294.013,0.3125
294.08,0.360197
294.146,0.350329
294.213,0.371711
294.279,0.345395
294.346,0.366776
294.413,0.368421
294.479,0.338816
294.546,0.368421
294.612,0.399671
294.679,0.351974
294.746,0.327303
294.812,0.335526
294.879,0.332237
294.945,0.366776
295.012,0.330592
295.079,0.337171
295.145,0.328947
295.212,0.322368
295.278,0.348684
295.345,0.353618
295.412,0.348684
295.478,0.394737
295.545,0.386513
295.612,0.366776
295.678,0.347039
295.745,0.360197
295.811,0.370066
295.878,0.388158
295.945,0.375
296.011,0.355263
296.078,0.363487
296.144,0.383224
296.211,0.414474
296.278,0.417763
296.344,0.440789
296.411,0.393092
296.477,0.379934
296.544,0.391447
296.611,0.401316
296.677,0.419408
296.744,0.429276
296.811,0.419408
296.877,0.425987
296.944,0.440789
297.01,0.409539
297.077,0.396382
297.144,0.393092
297.21,0.401316
297.277,0.416118
297.343,0.450658
297.41,0.434211
297.477,0.449013
297.543,0.421053
297.61,0.435855
297.676,0.427632
297.743,0.414474
297.81,0.409539
297.876,0.434211
297.943,0.434211
298.009,0.442434
298.076,0.478618
298.143,0.462171
298.209,0.478618
298.276,0.430921
298.343,0.432566
298.409,0.417763
298.476,0.453947
298.542,0.442434
298.609,0.422697
298.676,0.434211
298.742,0.430921
298.809,0.425987
298.875,0.404605
298.942,0.376645
299.009,0.345395
299.075,0.386513
299.142,0.370066
299.208,0.379934
299.275,0.398026
299.342,0.386513
299.408,0.378289
299.475,0.398026
299.541,0.378289
299.608,0.409539
299.675,0.430921
299.741,0.416118
299.808,0.396382
299.875,0.444079
299.941,0.429276
300.008,0.458882
300.074,0.491776
300.141,0.488487
300.208,0.478618
300.274,0.46875
300.341,0.493421
300.407,0.498355
300.474,0.511513
300.541,0.485197
300.607,0.5
300.674,0.503289
300.74,0.513158
300.807,0.534539
300.874,0.491776
300.94,0.508224
301.007,0.518092
301.073,0.537829
301.14,0.544408
301.207,0.529605
301.273,0.523026
301.34,0.541118
301.407,0.567434
301.473,0.567434
301.54,0.554276
301.606,0.578947
301.673,0.608553
301.74,0.611842
301.806,0.570724
301.873,0.578947
301.939,0.603618
302.006,0.590461
302.073,0.595395
302.139,0.600329
302.206,0.583882
302.272,0.613487
302.339,0.588816
302.406,0.585526
302.472,0.592105
302.539,0.575658
302.606,0.529605
302.672,0.547697
302.739,0.546053
302.805,0.539474
302.872,0.508224
302.939,0.514803
303.005,0.449013
303.072,0.495066
303.138,0.488487
303.205,0.478618
303.272,0.480263
303.338,0.495066
303.405,0.458882
303.471,0.472039
303.538,0.470395
303.605,0.421053
303.671,0.411184
303.738,0.412829
303.804,0.398026
303.871,0.411184
303.938,0.425987
304.004,0.424342
304.071,0.430921
304.138,0.421053
304.204,0.393092
304.271,0.398026
304.337,0.401316
304.404,0.425987
304.471,0.414474
304.537,0.409539
304.604,0.399671
304.67,0.422697
304.737,0.401316
304.804,0.430921
304.87,0.399671
304.937,0.417763
305.003,0.412829
305.07,0.411184
305.137,0.4375
305.203,0.376645
305.27,0.386513
305.336,0.384868
305.403,0.371711
305.47,0.383224
305.536,0.401316
305.603,0.389803
305.67,0.412829
305.736,0.402961
305.803,0.379934
305.869,0.417763
305.936,0.417763
306.003,0.425987
306.069,0.401316
306.136,0.440789
306.202,0.434211
306.269,0.432566
306.336,0.422697
306.402,0.409539
306.469,0.434211
306.535,0.427632
306.602,0.414474
306.669,0.442434
306.735,0.429276
306.802,0.398026
306.868,0.388158
306.935,0.404605
307.002,0.40625
307.068,0.386513
307.135,0.388158
307.202,0.399671
307.268,0.368421
307.335,0.366776
307.401,0.365132
307.468,0.366776
307.535,0.363487
307.601,0.322368
307.668,0.370066
307.734,0.338816
307.801,0.314145
307.868,0.335526
307.934,0.300987
308.001,0.309211
308.067,0.296053
308.134,0.289474
308.201,0.276316
308.267,0.269737
308.334,0.282895
308.401,0.297697
308.467,0.289474
308.534,0.314145
308.6,0.261513
308.667,0.256579
308.734,0.277961
308.8,0.287829
308.867,0.263158
308.933,0.245066
309,0.292763
309.067,0.282895
309.133,0.299342
309.2,0.28125
309.266,0.333882
309.333,0.333882
309.4,0.327303
309.466,0.338816
309.533,0.315789
309.599,0.335526
309.666,0.347039
309.733,0.348684
309.799,0.360197
309.866,0.378289
309.933,0.383224
309.999,0.386513
310.066,0.378289
310.132,0.376645
310.199,0.376645
310.266,0.376645
310.332,0.370066
310.399,0.351974
310.465,0.365132
310.532,0.355263
310.599,0.373355
310.665,0.350329
310.732,0.328947
310.798,0.363487
310.865,0.340461
310.932,0.322368
310.998,0.322368
311.065,0.304276
311.131,0.319079
311.198,0.296053
311.265,0.325658
311.331,0.305921
311.398,0.258224
311.465,0.261513
311.531,0.263158
311.598,0.251645
311.664,0.246711
311.731,0.215461
311.798,0.220395
311.864,0.215461
311.931,0.243421
311.997,0.217105
312.064,0.208882
312.131,0.217105
312.197,0.194079
312.264,0.202303
312.33,0.199013
312.397,0.194079
312.464,0.217105
312.53,0.1875
312.597,0.199013
312.663,0.179276
312.73,0.185855
312.797,0.202303
312.863,0.185855
312.93,0.172697
312.997,0.151316
313.063,0.202303
313.13,0.194079
313.196,0.202303
313.263,0.197368
313.33,0.203947
313.396,0.205592
313.463,0.200658
313.529,0.190789
313.596,0.228618
313.663,0.205592
313.729,0.200658
313.796,0.225329
313.862,0.222039
313.929,0.243421
313.996,0.236842
314.062,0.263158
314.129,0.240132
314.196,0.241776
314.262,0.258224
314.329,0.302632
314.395,0.294408
314.462,0.254934
314.529,0.286184
314.595,0.271382
314.662,0.297697
314.728,0.286184
314.795,0.294408
314.862,0.314145
314.928,0.292763
314.995,0.294408
315.061,0.268092
315.128,0.273026
315.195,0.292763
315.261,0.287829
315.328,0.28125
315.394,0.289474
315.461,0.291118
315.528,0.284539
315.594,0.276316
315.661,0.240132
315.728,0.241776
315.794,0.248355
315.861,0.276316
315.927,0.273026
315.994,0.276316
316.061,0.269737
316.127,0.263158
316.194,0.258224
316.26,0.245066
316.327,0.240132
316.394,0.223684
316.46,0.222039
316.527,0.235197
316.593,0.217105
316.66,0.1875
316.727,0.208882
316.793,0.197368
316.86,0.194079
316.926,0.194079
316.993,0.161184
317.06,0.166118
317.126,0.175987
317.193,0.151316
317.26,0.151316
317.326,0.154605
317.393,0.133224
317.459,0.128289
317.526,0.138158
317.593,0.113487
317.659,0.134868
317.726,0.123355
317.792,0.120066
317.859,0.113487
317.926,0.103618
317.992,0.111842
318.059,0.0921053
318.125,0.0888158
318.192,0.0953947
318.259,0.0871711
318.325,0.0838816
318.392,0.0723684
318.458,0.0871711
318.525,0.0690789
318.592,0.0542763
318.658,0.0509868
318.725,0.0625
318.792,0.0608553
318.858,0.0444079
318.925,0.0328947
318.991,0.0213816
319.058,0.0263158
319.125,0.0279605
319.191,0.0230263
319.258,0.0246711
319.324,0.0230263
319.391,0.0230263
319.458,0.0115132
319.524,0.00986842
319.591,0.0115132
319.657,0.0131579
319.724,0.0131579
319.791,0.0131579
319.857,0.0115132
319.924,0.00986842
319.991,0.00986842
320.057,0.00986842
320.124,0.00986842
320.19,0.00986842
320.257,0.00986842
320.324,0.00986842
320.39,0.00986842
320.457,0.00986842
320.523,0.00986842
320.59,0.00986842
320.657,0.00986842
320.723,0.00986842
320.79,0.0115132
320.856,0.0115132
320.923,0.0115132
320.99,0.0115132
321.056,0.0115132
321.123,0.0115132
321.189,0.0115132
321.256,0.0115132
321.323,0.0115132
321.389,0.0115132
321.456,0.0115132
321.523,0.0115132
321.589,0.0115132
321.656,0.0115132
321.722,0.0115132
321.789,0.0115132
321.856,0.0115132
321.922,0.0115132
321.989,0.00986842
322.055,0.00986842
322.122,0.00986842
322.189,0.00986842
322.255,0.0131579
322.322,0.0131579
322.388,0.0131579
322.455,0.0131579
322.522,0.0131579
322.588,0.0131579
322.655,0.0131579
322.721,0.00986842
322.788,0.00986842
322.855,0.00986842
322.921,0.00986842
322.988,0.00986842
323.055,0.00986842
323.121,0.0131579
323.188,0.00986842
323.254,0.00986842
323.321,0.00986842
323.388,0.00986842
323.454,0.00986842
323.521,0.00986842
323.587,0.00986842
323.654,0.0115132
323.721,0.0115132
323.787,0.0115132
323.854,0.0115132
323.92,0.0115132
323.987,0.00986842
324.054,0.00986842
324.12,0.00986842
324.187,0.00986842
324.253,0.00986842
324.32,0.00986842
324.387,0.00986842
324.453,0.00986842
324.52,0.00986842
324.587,0.00986842
324.653,0.00986842
324.72,0.00986842
324.786,0.00986842
324.853,0.00986842
324.92,0.00986842
324.986,0.00986842
325.053,0.00986842
325.119,0.00986842
325.186,0.00986842
325.253,0.00986842
325.319,0.0115132
325.386,0.0115132
325.452,0.0115132
325.519,0.0115132
325.586,0.0115132
325.652,0.0115132
325.719,0.0115132
325.786,0.0115132
325.852,0.0115132
325.919,0.0115132
325.985,0.0115132
326.052,0.0115132
326.119,0.0115132
326.185,0.0115132
326.252,0.0115132
326.318,0.0115132
326.385,0.0115132
326.452,0.0115132
326.518,0.0115132
326.585,0.0115132
326.651,0.0115132
326.718,0.0115132
326.785,0.0115132
326.851,0.0115132
326.918,0.0115132
326.984,0.00986842
327.051,0.00986842
327.118,0.00986842
327.184,0.00986842
327.251,0.00986842
327.318,0.00986842
327.384,0.00986842
327.451,0.00986842
327.517,0.0164474
327.584,0.0296053
327.651,0.0361842
327.717,0.0460526
327.784,0.0608553
327.85,0.0575658
327.917,0.0542763
327.984,0.0526316
328.05,0.0575658
328.117,0.0509868
328.183,0.0641447
328.25,0.0756579
328.317,0.09375
328.383,0.103618
328.45,0.121711
328.516,0.118421
328.583,0.111842
328.65,0.134868
328.716,0.118421
328.783,0.118421
328.85,0.121711
328.916,0.121711
328.983,0.120066
329.049,0.115132
329.116,0.108553
329.183,0.110197
329.249,0.125
329.316,0.115132
329.382,0.115132
329.449,0.0953947
329.516,0.121711
329.582,0.106908
329.649,0.09375
329.715,0.106908
329.782,0.108553
329.849,0.0921053
329.915,0.0805921
329.982,0.103618
330.048,0.09375
330.115,0.0740132
330.182,0.0789474
330.248,0.0657895
330.315,0.0805921
330.382,0.0855263
330.448,0.0871711
330.515,0.0740132
330.581,0.0773026
330.648,0.0707237
330.715,0.0690789
330.781,0.0493421
330.848,0.0641447
330.914,0.0740132
330.981,0.0805921
331.048,0.0789474
331.114,0.09375
331.181,0.0921053
331.247,0.0838816
331.314,0.0855263
331.381,0.106908
331.447,0.103618
331.514,0.106908
331.581,0.110197
331.647,0.110197
331.714,0.09375
331.78,0.108553
331.847,0.106908
331.914,0.0888158
331.98,0.108553
332.047,0.0904605
332.113,0.0855263
332.18,0.0970395
332.247,0.0871711
332.313,0.100329
332.38,0.0641447
332.446,0.0805921
332.513,0.0921053
332.58,0.0805921
332.646,0.0970395
332.713,0.0773026
332.779,0.0904605
332.846,0.0888158
332.913,0.0789474
332.979,0.0888158
333.046,0.105263
333.113,0.0657895
333.179,0.0871711
333.246,0.09375
333.312,0.0822368
333.379,0.0756579
333.446,0.0904605
333.512,0.0921053
333.579,0.0707237
333.645,0.0690789
333.712,0.0740132
333.779,0.0789474
333.845,0.0723684
333.912,0.0592105
333.978,0.0559211
334.045,0.0592105
334.112,0.0542763
334.178,0.03125
334.245,0.0394737
334.311,0.0345395
334.378,0.03125
334.445,0.0444079
334.511,0.03125
334.578,0.0328947
334.645,0.0279605
334.711,0.0378289
334.778,0.0328947
334.844,0.0263158
334.911,0.0230263
334.978,0.0246711
335.044,0.03125
335.111,0.0279605
335.177,0.0296053
335.244,0.0296053
335.311,0.0279605
335.377,0.0345395
335.444,0.0279605
335.51,0.03125
335.577,0.0180921
335.644,0.0213816
335.71,0.0246711
335.777,0.0197368
335.843,0.0263158
335.91,0.0263158
335.977,0.0328947
336.043,0.0246711
336.11,0.0197368
336.177,0.0197368
336.243,0.0180921
336.31,0.0197368
336.376,0.03125
336.443,0.0230263
336.51,0.0279605
336.576,0.0230263
336.643,0.0279605
336.709,0.0328947
336.776,0.0394737
336.843,0.0411184
336.909,0.0460526
336.976,0.0542763
337.042,0.0559211
337.109,0.0674342
337.176,0.0608553
337.242,0.0657895
337.309,0.0723684
337.375,0.0888158
337.442,0.0871711
337.509,0.0953947
337.575,0.0921053
337.642,0.116776
337.709,0.113487
337.775,0.131579
337.842,0.128289
337.908,0.159539
337.975,0.152961
338.042,0.152961
338.108,0.169408
338.175,0.174342
338.241,0.157895
338.308,0.166118
338.375,0.148026
338.441,0.143092
338.508,0.146382
338.574,0.149671
338.641,0.143092
338.708,0.139803
338.774,0.131579
338.841,0.126645
338.908,0.152961
338.974,0.128289
339.041,0.128289
339.107,0.128289
339.174,0.0986842
339.241,0.120066
339.307,0.108553
339.374,0.106908
339.44,0.115132
339.507,0.0871711
339.574,0.111842
339.64,0.0986842
339.707,0.0805921
339.773,0.108553
339.84,0.0789474
339.907,0.0690789
339.973,0.0838816
340.04,0.0904605
340.106,0.0608553
340.173,0.0559211
340.24,0.0526316
340.306,0.0476974
340.373,0.0625
340.44,0.0427632
340.506,0.0444079
340.573,0.0476974
340.639,0.0476974
340.706,0.0476974
340.773,0.0361842
340.839,0.0345395
340.906,0.0328947
340.972,0.0394737
341.039,0.0345395
341.106,0.0246711
341.172,0.0197368
341.239,0.0230263
341.305,0.0180921
341.372,0.0263158
341.439,0.0180921
341.505,0.0148026
341.572,0.0131579
341.638,0.0148026
341.705,0.00986842
341.772,0.00986842
341.838,0.00986842
341.905,0.00986842
341.972,0.00986842
342.038,0.00986842
342.105,0.00986842
342.171,0.0115132
342.238,0.0115132
342.305,0.0115132
342.371,0.0115132
342.438,0.0115132
342.504,0.0115132
342.571,0.0115132
342.638,0.0115132
342.704,0.0131579
342.771,0.0131579
342.837,0.0131579
342.904,0.0131579
342.971,0.0131579
343.037,0.0131579
343.104,0.0131579
343.17,0.0131579
343.237,0.0131579
343.304,0.0131579
343.37,0.0131579
343.437,0.0131579
343.504,0.0148026
343.57,0.0148026
343.637,0.00986842
343.703,0.00986842
343.77,0.00986842
343.837,0.00986842
343.903,0.00986842
343.97,0.00986842
344.036,0.00986842
344.103,0.00986842
344.17,0.00986842
344.236,0.00986842
344.303,0.00986842
344.369,0.00986842
344.436,0.00986842
344.503,0.00986842
344.569,0.00986842
344.636,0.00986842
344.703,0.00986842
344.769,0.00986842
344.836,0.00986842
344.902,0.00986842
344.969,0.00986842
345.036,0.00986842
345.102,0.00986842
345.169,0.0115132
345.235,0.0115132
345.302,0.0115132
345.369,0.0115132
345.435,0.0115132
345.502,0.0115132
345.568,0.0131579
345.635,0.0131579
345.702,0.0131579
345.768,0.0131579
345.835,0.0115132
345.901,0.0115132
345.968,0.0115132
346.035,0.00986842
346.101,0.00986842
346.168,0.00986842
346.235,0.0115132
346.301,0.0115132
346.368,0.0115132
346.434,0.0115132
346.501,0.0115132
346.568,0.0115132
346.634,0.0115132
346.701,0.0115132
346.767,0.00986842
346.834,0.00986842
346.901,0.00986842
346.967,0.00986842
347.034,0.00986842
347.1,0.00986842
347.167,0.00986842
347.234,0.00986842
347.3,0.00986842
347.367,0.00986842
347.433,0.00986842
347.5,0.00986842
347.567,0.00986842
347.633,0.00986842
347.7,0.00986842
347.767,0.0115132
347.833,0.0115132
347.9,0.0115132
347.966,0.0115132
348.033,0.0115132
348.1,0.0115132
348.166,0.0115132
348.233,0.0115132
348.299,0.0115132
348.366,0.0115132
348.433,0.00986842
348.499,0.00986842
348.566,0.00986842
348.632,0.00986842
348.699,0.00986842
348.766,0.00986842
348.832,0.00986842
348.899,0.00986842
348.965,0.00986842
349.032,0.00986842
349.099,0.00986842
349.165,0.00986842
349.232,0.00986842
349.299,0.00986842
349.365,0.0115132
349.432,0.0115132
349.498,0.0115132
349.565,0.0115132
349.632,0.0115132
349.698,0.0115132
349.765,0.0115132
349.831,0.0115132
349.898,0.0115132
349.965,0.0115132
350.031,0.0115132
350.098,0.0115132
350.164,0.0131579
350.231,0.0180921
350.298,0.0230263
350.364,0.0378289
350.431,0.0476974
350.498,0.0625
350.564,0.0723684
350.631,0.0789474
350.697,0.0789474
350.764,0.0805921
350.831,0.0855263
350.897,0.0773026
350.964,0.0822368
351.03,0.0773026
351.097,0.0690789
351.164,0.0740132
351.23,0.0805921
351.297,0.0789474
351.363,0.0707237
351.43,0.0756579
351.497,0.0641447
351.563,0.0690789
351.63,0.0608553
351.696,0.0822368
351.763,0.0723684
351.83,0.0822368
351.896,0.0888158
351.963,0.0740132
352.03,0.0756579
352.096,0.0805921
352.163,0.0707237
352.229,0.0822368
352.296,0.0789474
352.363,0.0805921
352.429,0.0773026
352.496,0.0838816
352.562,0.0855263
352.629,0.108553
352.696,0.111842
352.762,0.115132
352.829,0.111842
352.895,0.121711
352.962,0.118421
353.029,0.129934
353.095,0.111842
353.162,0.136513
353.228,0.128289
353.295,0.134868
353.362,0.138158
353.428,0.134868
353.495,0.128289
353.562,0.129934
353.628,0.129934
353.695,0.136513
353.761,0.128289
353.828,0.141447
353.895,0.128289
353.961,0.133224
354.028,0.126645
354.094,0.136513
354.161,0.138158
354.228,0.138158
354.294,0.134868
354.361,0.143092
354.427,0.143092
354.494,0.143092
354.561,0.134868
354.627,0.138158
354.694,0.134868
354.76,0.121711
354.827,0.148026
354.894,0.141447
354.96,0.131579
355.027,0.148026
355.094,0.143092
355.16,0.149671
355.227,0.164474
355.293,0.157895
355.36,0.172697
355.427,0.172697
355.493,0.169408
355.56,0.166118
355.626,0.166118
355.693,0.157895
355.76,0.162829
355.826,0.175987
355.893,0.169408
355.959,0.177632
356.026,0.159539
356.093,0.171053
356.159,0.164474
356.226,0.15625
356.293,0.162829
356.359,0.166118
356.426,0.159539
356.492,0.175987
356.559,0.172697
356.626,0.199013
356.692,0.199013
356.759,0.210526
356.825,0.213816
356.892,0.205592
356.959,0.226974
357.025,0.233553
357.092,0.241776
357.158,0.238487
357.225,0.228618
357.292,0.238487
357.358,0.21875
357.425,0.213816
357.491,0.222039
357.558,0.21875
357.625,0.210526
357.691,0.217105
357.758,0.21875
357.825,0.233553
357.891,0.223684
357.958,0.207237
358.024,0.225329
358.091,0.207237
358.158,0.215461
358.224,0.208882
358.291,0.213816
358.357,0.222039
358.424,0.21875
358.491,0.215461
358.557,0.215461
358.624,0.213816
358.69,0.213816
358.757,0.215461
358.824,0.215461
358.89,0.215461
358.957,0.226974
359.023,0.240132
359.09,0.246711
359.157,0.253289
359.223,0.243421
359.29,0.256579
359.357,0.258224
359.423,0.264803
359.49,0.263158
359.556,0.268092
359.623,0.273026
359.69,0.282895
359.756,0.274671
359.823,0.274671
359.889,0.274671
359.956,0.273026
360.023,0.263158
360.089,0.268092
360.156,0.263158
360.222,0.246711
360.289,0.263158
360.356,0.263158
360.422,0.266447
360.489,0.273026
360.555,0.273026
360.622,0.268092
360.689,0.276316
360.755,0.268092
360.822,0.261513
360.889,0.266447
360.955,0.269737
361.022,0.282895
361.088,0.289474
361.155,0.273026
361.222,0.296053
361.288,0.294408
361.355,0.294408
361.421,0.299342
361.488,0.297697
361.555,0.296053
361.621,0.307566
361.688,0.302632
361.754,0.310855
361.821,0.292763
361.888,0.292763
361.954,0.300987
362.021,0.300987
362.088,0.300987
362.154,0.307566
362.221,0.292763
362.287,0.294408
362.354,0.300987
362.421,0.304276
362.487,0.317434
362.554,0.315789
362.62,0.315789
362.687,0.3125
362.754,0.319079
362.82,0.297697
362.887,0.304276
362.953,0.314145
363.02,0.294408
363.087,0.299342
363.153,0.309211
363.22,0.3125
363.286,0.307566
363.353,0.3125
363.42,0.305921
363.486,0.319079
363.553,0.315789
363.62,0.305921
363.686,0.297697
363.753,0.307566
363.819,0.305921
363.886,0.305921
363.953,0.310855
364.019,0.299342
364.086,0.297697
364.152,0.292763
364.219,0.291118
364.286,0.287829
364.352,0.304276
364.419,0.296053
364.485,0.296053
364.552,0.299342
364.619,0.289474
364.685,0.294408
364.752,0.294408
364.818,0.291118
364.885,0.297697
364.952,0.305921
365.018,0.299342
365.085,0.292763
365.152,0.291118
365.218,0.292763
365.285,0.292763
365.351,0.296053
365.418,0.291118
365.485,0.292763
365.551,0.292763
365.618,0.297697
365.684,0.300987
365.751,0.305921
365.818,0.305921
365.884,0.315789
365.951,0.315789
366.017,0.327303
366.084,0.335526
366.151,0.324013
366.217,0.324013
366.284,0.335526
366.35,0.333882
366.417,0.350329
366.484,0.355263
366.55,0.358553
366.617,0.360197
366.684,0.358553
366.75,0.361842
366.817,0.368421
366.883,0.365132
366.95,0.371711
367.017,0.375
367.083,0.386513
367.15,0.389803
367.216,0.383224
367.283,0.383224
367.35,0.375
367.416,0.378289
367.483,0.381579
367.549,0.388158
367.616,0.376645
367.683,0.373355
367.749,0.381579
367.816,0.389803
367.883,0.383224
367.949,0.388158
368.016,0.401316
368.082,0.394737
368.149,0.393092
368.216,0.404605
368.282,0.409539
368.349,0.417763
368.415,0.432566
368.482,0.425987
368.549,0.439145
368.615,0.453947
368.682,0.457237
368.748,0.460526
368.815,0.46875
368.882,0.475329
368.948,0.470395
369.015,0.491776
369.081,0.488487
369.148,0.493421
369.215,0.493421
369.281,0.501645
369.348,0.504934
369.415,0.491776
369.481,0.491776
369.548,0.495066
369.614,0.488487
369.681,0.493421
369.748,0.485197
369.814,0.488487
369.881,0.493421
369.947,0.490132
370.014,0.491776
370.081,0.483553
370.147,0.495066
370.214,0.504934
370.28,0.496711
370.347,0.508224
370.414,0.509868
370.48,0.504934
370.547,0.509868
370.613,0.509868
370.68,0.504934
370.747,0.519737
370.813,0.526316
370.88,0.521382
370.947,0.53125
371.013,0.521382
371.08,0.523026
371.146,0.529605
371.213,0.536184
371.28,0.534539
371.346,0.527961
371.413,0.526316
371.479,0.524671
371.546,0.541118
371.613,0.555921
371.679,0.549342
371.746,0.539474
371.812,0.537829
371.879,0.542763
371.946,0.532895
372.012,0.547697
372.079,0.542763
372.145,0.557566
372.212,0.559211
372.279,0.557566
372.345,0.570724
372.412,0.559211
372.479,0.564145
372.545,0.574013
372.612,0.577303
372.678,0.578947
372.745,0.559211
372.812,0.574013
372.878,0.565789
372.945,0.569079
373.011,0.577303
373.078,0.580592
373.145,0.565789
373.211,0.575658
373.278,0.578947
373.344,0.575658
373.411,0.580592
373.478,0.575658
373.544,0.574013
373.611,0.588816
373.678,0.588816
373.744,0.583882
373.811,0.580592
373.877,0.587171
373.944,0.582237
374.011,0.578947
374.077,0.569079
374.144,0.578947
374.21,0.577303
374.277,0.582237
374.344,0.588816
374.41,0.590461
374.477,0.580592
374.543,0.578947
374.61,0.575658
374.677,0.583882
374.743,0.590461
374.81,0.583882
374.876,0.575658
374.943,0.574013
375.01,0.570724
375.076,0.567434
375.143,0.569079
375.21,0.575658
375.276,0.570724
375.343,0.570724
375.409,0.560855
375.476,0.574013
375.543,0.574013
375.609,0.565789
375.676,0.570724
375.742,0.564145
375.809,0.565789
375.876,0.577303
375.942,0.574013
376.009,0.580592
376.075,0.574013
376.142,0.578947
376.209,0.575658
376.275,0.582237
376.342,0.580592
376.408,0.583882
376.475,0.577303
376.542,0.574013
376.608,0.578947
376.675,0.585526
376.742,0.580592
376.808,0.577303
376.875,0.580592
376.941,0.583882
377.008,0.583882
377.075,0.574013
377.141,0.582237
377.208,0.582237
377.274,0.578947
377.341,0.580592
377.408,0.582237
377.474,0.582237
377.541,0.583882
377.607,0.587171
377.674,0.572368
377.741,0.572368
377.807,0.572368
377.874,0.572368
377.94,0.585526
378.007,0.585526
378.074,0.590461
378.14,0.587171
378.207,0.582237
378.274,0.574013
378.34,0.574013
378.407,0.580592
378.473,0.588816
378.54,0.582237
378.607,0.580592
378.673,0.583882
378.74,0.590461
378.806,0.582237
378.873,0.583882
378.94,0.590461
379.006,0.585526
379.073,0.595395
379.139,0.583882
379.206,0.590461
379.273,0.583882
379.339,0.582237
379.406,0.580592
379.473,0.582237
379.539,0.583882
379.606,0.583882
379.672,0.582237
379.739,0.588816
379.806,0.588816
379.872,0.592105
379.939,0.59375
380.005,0.606908
380.072,0.605263
380.139,0.610197
380.205,0.608553
380.272,0.611842
380.338,0.615132
380.405,0.623355
380.472,0.621711
380.538,0.626645
380.605,0.625
380.671,0.626645
380.738,0.631579
380.805,0.634868
380.871,0.634868
380.938,0.639803
381.005,0.666118
381.071,0.667763
381.138,0.666118
381.204,0.667763
381.271,0.667763
381.338,0.664474
381.404,0.65625
381.471,0.65625
381.537,0.65625
381.604,0.659539
381.671,0.65625
381.737,0.65625
381.804,0.657895
381.87,0.659539
381.937,0.652961
382.004,0.652961
382.07,0.652961
382.137,0.652961
